0 1
1 1
2 1
3 1
5 1
6 1
7 1
8 1
9 1
10 1
11 1
12 1
13 1
14 1
15 1
16 1
18 1
19 1
20 1
21 1
23 1
24 1
25 1
26 1
27 1
28 1
29 1
30 1
31 1
32 1
34 1
35 1
36 1
37 0
38 1
40 1
41 1
42 1
43 1
44 1
45 1
46 1
47 1
48 0
50 1
51 1
52 1
53 1
54 0
55 0
56 1
57 1
58 1
61 1
62 1
64 1
67 1
68 1
70 1
71 1
72 1
73 1
74 1
75 1
76 1
77 1
78 1
80 1
83 1
84 1
85 1
87 1
89 1
90 1
91 1
92 1
94 1
97 1
98 0
100 1
102 1
104 1
105 1
106 1
107 1
108 1
109 1
110 1
111 1
113 1
114 1
115 1
116 1
117 1
118 1
119 1
120 1
121 1
122 1
123 1
124 1
125 0
126 1
127 1
128 1
129 1
131 1
132 1
133 1
134 1
135 1
136 1
137 1
138 1
139 1
140 1
141 1
143 1
144 1
145 1
146 1
147 1
148 1
149 1
150 1
151 1
152 1
153 1
154 1
155 1
156 1
157 1
158 1
159 1
160 1
161 1
162 1
163 1
164 1
165 1
166 1
167 1
168 1
169 1
170 1
171 1
172 1
173 1
176 1
177 1
178 1
179 0
180 1
182 1
183 1
184 1
186 1
187 0
188 1
189 1
190 1
191 1
192 1
193 1
194 1
195 1
196 1
197 1
198 0
200 1
201 1
202 1
204 1
205 1
206 1
207 1
208 1
209 1
210 1
211 1
212 1
213 1
214 1
215 1
216 1
217 1
218 1
219 1
220 1
221 1
222 1
223 1
225 1
226 1
227 0
228 0
230 1
231 1
233 1
234 1
235 1
236 1
237 1
238 1
239 1
240 1
242 1
243 1
244 1
245 1
246 1
247 1
248 1
249 1
250 1
251 1
252 1
253 1
254 1
255 1
256 0
258 1
259 1
260 1
261 1
262 1
263 1
264 1
265 1
266 1
267 0
268 1
269 0
270 1
271 1
272 1
273 0
274 1
275 1
276 1
277 1
278 0
279 1
280 1
281 1
282 1
283 1
284 1
285 1
286 0
287 1
288 0
289 1
290 1
291 0
293 0
294 1
295 0
300 1
301 1
302 1
303 1
304 1
307 1
308 1
309 1
310 1
311 1
312 1
313 1
314 1
315 1
316 0
317 1
319 1
320 1
321 1
322 1
323 1
324 1
325 0
326 1
327 0
328 1
329 1
330 1
331 1
332 1
333 1
334 1
336 1
337 0
338 1
339 1
340 1
341 1
342 1
343 1
344 0
345 1
346 1
347 1
348 1
349 1
350 1
351 1
352 0
353 1
354 1
355 1
356 1
357 1
359 1
361 1
362 1
363 1
364 1
365 1
366 1
367 1
368 0
369 1
370 1
371 1
372 1
373 1
374 1
375 1
376 1
377 1
378 1
379 1
380 1
381 1
383 1
384 1
385 1
386 1
387 1
388 0
389 1
390 1
391 1
392 1
393 1
394 0
395 1
396 1
397 1
398 0
399 1
400 1
402 1
403 1
404 1
405 1
406 1
407 1
408 1
409 1
410 1
411 1
412 0
413 1
414 1
415 1
416 1
417 1
419 1
420 1
421 1
422 0
423 1
424 1
425 1
426 1
427 1
428 1
429 1
430 1
431 1
432 1
433 1
434 1
435 1
436 1
437 1
438 1
439 0
440 1
441 1
442 1
444 0
445 1
446 1
447 1
448 1
449 1
450 0
451 1
452 1
453 1
454 0
455 1
456 1
457 1
458 1
459 1
461 1
463 1
464 0
466 1
467 0
468 1
469 1
470 1
471 1
472 1
473 1
474 1
475 1
476 0
477 0
478 1
479 1
480 1
481 1
482 0
483 1
484 1
485 1
486 1
488 1
489 1
490 1
491 1
492 0
493 1
494 1
495 1
496 0
497 0
498 0
499 0
500 1
501 1
503 1
504 1
505 0
506 1
507 1
508 1
509 1
510 1
511 0
512 1
513 1
514 1
516 1
517 1
518 1
519 1
520 1
521 1
522 1
523 1
524 1
525 1
526 0
527 1
528 1
529 1
530 0
531 1
532 0
534 0
535 0
538 1
539 1
540 0
541 1
542 1
543 1
544 1
545 1
546 1
547 0
548 0
549 0
550 0
551 1
552 0
553 1
554 1
555 1
556 1
557 1
558 1
559 0
562 0
563 0
564 1
565 0
566 1
567 1
568 1
569 1
570 1
571 0
572 1
573 1
574 0
575 1
576 1
577 1
578 0
579 0
580 0
581 0
582 0
583 1
584 1
585 0
586 1
587 1
588 1
589 0
590 0
591 1
593 1
594 1
595 0
597 0
598 0
599 0
600 1
601 0
602 0
603 1
604 0
605 1
606 1
607 0
608 1
609 1
610 1
611 0
612 1
613 0
614 1
615 0
616 0
617 1
618 1
619 0
620 1
621 1
622 1
623 0
624 1
625 0
626 0
627 1
628 1
629 1
630 1
631 1
632 0
633 1
634 1
635 1
636 1
637 1
638 0
639 1
640 1
642 1
643 1
644 0
645 1
646 1
647 1
648 1
649 0
650 1
651 1
652 1
653 1
654 1
655 1
656 0
658 0
659 1
660 1
661 1
662 1
663 1
665 1
667 0
668 1
669 0
670 0
671 0
672 0
673 1
674 1
675 0
676 0
677 0
679 1
680 0
681 0
682 1
683 1
684 1
685 0
686 1
687 1
688 0
689 1
690 0
691 0
692 1
693 0
694 1
696 1
697 0
698 1
699 1
700 1
701 1
702 1
703 1
704 0
705 1
706 0
707 1
708 0
709 0
710 0
711 1
712 1
713 0
714 1
715 1
716 0
717 1
718 1
719 1
720 0
721 0
722 1
723 0
724 1
725 0
726 1
728 1
729 1
730 1
732 1
733 0
734 0
735 0
736 1
737 1
738 1
739 1
740 1
741 1
742 0
743 0
744 1
745 0
746 1
747 1
748 0
750 1
751 0
752 1
753 1
754 1
755 1
756 1
757 0
758 1
759 1
761 1
762 1
763 1
764 0
765 0
766 0
767 1
768 0
769 0
770 1
771 0
772 0
773 0
774 1
775 0
776 1
777 1
778 0
779 0
780 1
781 0
782 0
783 0
784 0
785 0
786 0
787 0
788 1
789 1
790 0
791 1
793 1
794 1
795 0
796 0
798 1
799 0
800 0
801 0
803 0
804 0
806 0
807 0
808 1
810 1
811 0
812 1
813 0
814 0
815 1
816 1
817 0
818 1
819 0
820 0
821 1
822 1
823 0
824 0
825 0
826 1
827 0
828 0
829 1
830 1
832 0
833 1
834 0
835 1
836 1
837 1
838 0
839 1
840 1
841 1
842 0
843 0
844 1
846 1
847 0
848 1
849 0
850 1
851 1
853 1
854 0
855 1
856 1
857 0
858 1
859 0
860 1
861 0
862 1
863 0
864 1
865 1
866 1
867 1
868 0
869 1
870 0
871 1
872 1
873 0
874 1
875 0
876 0
877 1
878 1
879 1
880 0
881 0
882 1
883 0
884 1
888 1
890 0
891 0
892 0
894 1
896 1
897 0
898 0
899 1
900 0
901 1
902 1
903 1
904 0
905 0
906 0
907 0
908 1
909 0
910 0
911 0
912 0
913 1
915 1
916 0
919 0
920 0
921 0
922 1
924 0
925 1
926 0
927 1
928 0
929 0
930 1
932 1
933 1
934 0
935 0
936 0
937 1
938 1
939 0
940 0
941 1
942 0
943 0
944 0
945 1
946 1
947 1
948 0
949 1
950 0
951 0
952 0
953 0
954 0
955 0
956 0
957 0
958 1
959 1
960 0
961 1
962 1
963 0
964 0
965 1
966 0
967 0
968 0
969 0
970 0
971 0
972 1
973 0
974 1
975 1
976 0
977 0
978 0
979 0
980 0
981 1
982 0
984 1
985 1
986 1
987 0
988 0
989 1
990 1
991 0
993 0
994 0
995 1
996 0
997 0
998 0
999 0
1000 0
1001 0
1002 0
1003 1
1004 1
1005 1
1006 0
1007 1
1008 1
1009 0
1010 1
1011 1
1012 0
1013 0
1014 1
1015 0
1016 0
1017 0
1018 0
1019 0
1020 1
1021 1
1022 1
1023 0
1024 0
1025 1
1026 0
1027 0
1028 1
1029 1
1030 1
1031 0
1032 1
1033 1
1034 0
1035 0
1037 1
1038 0
1039 1
1040 1
1042 1
1043 1
1044 0
1046 0
1048 0
1049 1
1050 1
1051 1
1052 0
1053 1
1054 0
1055 1
1056 1
1058 1
1059 1
1060 1
1061 1
1062 1
1063 0
1064 0
1065 1
1066 0
1067 0
1068 1
1069 0
1070 1
1071 0
1072 0
1073 1
1074 1
1075 1
1077 1
1078 1
1079 1
1080 1
1081 0
1082 1
1083 0
1084 0
1085 1
1087 1
1088 0
1089 1
1090 1
1091 1
1092 1
1093 0
1094 1
1095 1
1096 1
1097 1
1098 0
1099 0
1100 1
1101 1
1102 0
1103 1
1104 0
1106 1
1108 0
1109 0
1110 0
1111 1
1112 1
1113 1
1114 1
1115 1
1116 1
1117 1
1118 1
1119 1
1120 1
1121 1
1123 0
1124 1
1125 1
1126 1
1127 1
1128 0
1129 0
1130 1
1131 0
1132 0
1133 1
1134 1
1135 1
1137 1
1138 0
1139 1
1140 0
1142 0
1143 0
1144 0
1145 1
1146 1
1147 0
1148 0
1149 1
1150 0
1151 1
1152 0
1153 0
1154 1
1155 1
1156 1
1157 1
1158 0
1160 0
1161 1
1162 0
1163 1
1164 1
1165 0
1166 0
1167 0
1168 0
1169 0
1170 1
1171 0
1172 1
1173 1
1174 0
1175 0
1176 1
1177 1
1179 1
1180 1
1181 0
1182 1
1183 0
1184 0
1185 0
1186 1
1187 1
1188 0
1189 1
1190 0
1191 1
1192 1
1193 1
1194 1
1195 0
1196 1
1197 0
1198 1
1199 0
1200 0
1201 1
1202 0
1203 1
1204 0
1205 0
1206 0
1207 0
1208 1
1209 0
1211 0
1212 1
1213 1
1214 1
1215 1
1216 0
1218 1
1219 1
1220 0
1221 0
1223 0
1224 0
1225 1
1226 0
1227 0
1228 0
1229 0
1230 1
1231 0
1232 1
1233 0
1234 0
1235 0
1236 1
1237 1
1238 1
1239 1
1240 0
1241 0
1242 1
1243 1
1244 1
1245 1
1246 0
1247 0
1249 0
1250 1
1251 0
1252 0
1253 1
1254 0
1255 0
1256 0
1257 1
1258 0
1259 1
1260 0
1261 0
1262 0
1263 1
1264 0
1265 0
1266 0
1267 0
1268 1
1269 0
1270 0
1271 0
1272 0
1273 1
1274 0
1275 0
1277 1
1278 1
1279 0
1280 1
1282 0
1283 1
1284 1
1285 0
1286 1
1288 0
1289 1
1290 1
1291 0
1292 0
1293 1
1294 0
1295 0
1296 0
1297 0
1298 0
1299 0
1300 1
1301 0
1302 1
1303 0
1304 1
1305 0
1306 0
1307 0
1308 0
1309 1
1310 0
1311 1
1312 0
1313 1
1314 0
1315 0
1316 0
1317 1
1318 1
1319 0
1321 1
1322 0
1323 1
1324 0
1325 1
1326 1
1327 0
1328 1
1329 1
1330 0
1331 0
1332 1
1333 0
1334 1
1335 1
1336 0
1337 1
1338 0
1339 0
1340 0
1341 0
1342 0
1343 0
1344 0
1345 0
1347 0
1348 0
1349 0
1350 0
1351 0
1352 0
1353 0
1354 0
1355 0
1356 1
1357 1
1358 0
1359 0
1360 0
1361 0
1362 0
1363 0
1364 0
1366 0
1367 0
1368 0
1370 1
1371 1
1372 0
1373 1
1374 0
1375 0
1376 0
1377 1
1378 0
1379 0
1380 1
1381 1
1383 0
1384 1
1385 1
1386 1
1387 1
1388 0
1389 0
1390 0
1391 1
1392 1
1393 0
1394 0
1395 0
1396 0
1397 0
1398 1
1399 1
1401 1
1402 1
1403 1
1404 0
1405 1
1407 1
1408 0
1409 1
1410 0
1411 0
1412 0
1414 1
1415 0
1416 1
1418 1
1419 1
1420 0
1421 0
1422 1
1424 0
1425 0
1426 1
1427 1
1428 0
1429 0
1430 1
1431 1
1432 1
1433 0
1434 1
1435 0
1436 1
1437 1
1438 1
1439 1
1440 1
1441 0
1442 1
1443 1
1444 0
1445 0
1446 0
1447 1
1448 1
1449 0
1450 1
1451 1
1452 0
1453 1
1454 1
1455 0
1456 0
1457 0
1458 0
1459 1
1460 1
1461 0
1463 0
1464 0
1465 0
1467 1
1468 0
1469 0
1470 1
1471 0
1472 0
1473 1
1474 0
1475 0
1476 0
1477 1
1478 1
1479 1
1480 0
1481 0
1482 0
1483 1
1484 0
1485 0
1486 0
1487 0
1488 0
1489 0
1490 0
1491 0
1492 0
1493 1
1494 0
1495 0
1496 0
1497 1
1498 0
1499 1
1500 1
1501 0
1502 0
1503 0
1505 0
1506 0
1508 0
1509 0
1510 1
1511 0
1512 0
1513 0
1514 0
1515 1
1516 0
1517 1
1518 0
1519 0
1520 1
1521 1
1522 1
1523 1
1524 0
1525 1
1526 1
1527 0
1528 0
1529 0
1530 1
1531 1
1532 0
1533 0
1534 0
1535 0
1536 0
1538 1
1539 0
1540 0
1541 0
1542 0
1543 0
1544 0
1545 0
1546 1
1547 0
1548 0
1549 0
1550 0
1551 1
1552 1
1553 0
1554 0
1555 0
1556 1
1557 0
1558 0
1559 0
1560 0
1561 0
1562 1
1563 0
1564 1
1565 0
1566 0
1567 0
1568 1
1569 0
1570 1
1571 0
1572 0
1573 0
1574 1
1575 0
1577 0
1578 0
1579 1
1580 0
1581 0
1582 0
1583 0
1584 0
1585 0
1586 0
1587 1
1588 1
1589 1
1590 0
1591 0
1592 0
1593 0
1594 1
1595 1
1596 0
1597 1
1598 0
1599 0
1600 0
1601 0
1603 1
1604 0
1606 0
1607 0
1608 0
1609 1
1610 0
1612 0
1613 0
1614 1
1615 0
1616 0
1617 0
1618 0
1619 0
1620 0
1621 0
1622 0
1623 0
1624 0
1625 0
1626 0
1627 0
1628 0
1629 0
1630 0
1631 1
1632 0
1634 0
1635 0
1636 0
1637 0
1639 1
1640 0
1641 1
1642 0
1644 0
1645 0
1646 0
1647 0
1648 0
1649 0
1650 1
1651 0
1652 1
1653 0
1654 1
1655 1
1656 0
1657 1
1658 1
1660 1
1661 1
1662 0
1663 0
1664 1
1666 0
1667 0
1668 0
1669 0
1670 0
1671 0
1672 0
1673 0
1675 0
1676 1
1677 0
1678 0
1679 1
1680 0
1681 0
1683 1
1684 0
1685 0
1686 0
1687 0
1688 0
1689 0
1690 1
1691 0
1692 0
1693 0
1694 0
1695 0
1696 0
1697 0
1698 0
1699 0
1700 0
1701 0
1702 1
1703 1
1704 0
1705 0
1706 0
1707 0
1708 0
1709 0
1710 0
1711 0
1712 0
1713 0
1714 1
1715 0
1716 0
1717 0
1718 0
1719 0
1720 1
1721 0
1722 0
1723 0
1724 0
1725 0
1726 1
1727 0
1728 0
1729 0
1730 0
1731 0
1732 0
1734 0
1735 0
1736 1
1737 0
1738 0
1739 0
1740 0
1741 0
1742 0
1743 0
1744 0
1746 0
1747 0
1749 1
1750 0
1751 0
1752 0
1753 0
1754 0
1755 0
1758 0
1759 0
1760 0
1761 0
1762 0
1763 0
1764 0
1765 0
1766 1
1767 1
1768 0
1769 0
1770 0
1771 0
1772 0
1773 0
1774 0
1775 0
1776 0
1777 0
1778 0
1779 0
1780 1
1781 1
1782 0
1783 0
1784 0
1785 0
1787 0
1788 0
1789 0
1790 0
1791 1
1792 0
1794 0
1795 0
1796 0
1797 0
1798 0
1799 1
1800 0
1801 0
1802 0
1803 0
1804 0
1805 0
1806 0
1807 0
1808 0
1809 0
1810 0
1811 0
1812 0
1814 1
1815 0
1816 0
1817 0
1818 0
1819 0
1820 0
1821 0
1822 0
1823 0
1824 0
1825 0
1826 0
1827 0
1828 0
1829 0
1830 0
1831 0
1832 0
1834 0
1835 0
1836 0
1837 1
1838 0
1840 0
1841 0
1842 0
1843 0
1845 0
1846 1
1847 0
1848 0
1850 0
1851 0
1852 0
1853 0
1854 0
1855 0
1856 0
1858 0
1859 1
1860 0
1861 0
1862 0
1863 0
1864 0
1865 0
1866 1
1867 0
1868 0
1869 0
1870 0
1872 0
1873 1
1874 0
1875 1
1876 0
1877 0
1878 0
1879 0
1880 0
1881 0
1882 1
1883 0
1884 0
1885 0
1886 0
1887 0
1888 1
1889 0
1890 0
1891 1
1892 0
1893 0
1894 0
1895 0
1896 0
1897 0
1898 0
1900 0
1901 0
1902 0
1903 0
1904 1
1905 0
1906 1
1907 1
1909 0
1910 0
1911 1
1912 0
1913 0
1914 0
1915 0
1916 0
1917 0
1918 0
1919 0
1920 0
1921 0
1922 0
1923 0
1924 0
1925 0
1926 0
1927 0
1928 0
1929 0
1930 0
1931 1
1932 0
1933 0
1934 0
1935 1
1936 0
1937 0
1938 0
1939 0
1940 0
1941 0
1942 0
1943 0
1945 0
1947 0
1948 0
1949 0
1950 0
1951 1
1952 0
1953 0
1954 0
1955 0
1956 0
1957 0
1958 0
1959 0
1961 0
1962 0
1963 0
1964 0
1965 0
1966 0
1967 0
1968 0
1970 0
1971 0
1972 0
1973 0
1974 0
1975 0
1976 0
1977 1
1978 0
1979 0
1980 0
1981 1
1982 1
1983 0
1984 0
1985 0
1986 0
1987 0
1988 0
1989 0
1990 0
1991 1
1992 0
1993 0
1994 0
1995 0
1996 0
1997 0
1999 0
2000 0
2001 0
2003 0
2004 0
2005 0
2006 1
2007 0
2008 0
2009 0
2010 0
2011 0
2012 0
2013 0
2014 0
2015 0
2016 0
2017 0
2018 0
2019 0
2020 0
2021 0
2022 0
2023 0
2024 0
2025 0
2026 0
2027 0
2028 0
2029 1
2030 0
2031 0
2032 0
2033 0
2034 1
2035 0
2036 1
2037 0
2038 0
2040 0
2041 0
2042 0
2043 0
2044 0
2045 1
2046 0
2047 0
2048 0
2049 0
2050 0
2051 0
2052 0
2053 0
2054 0
2055 0
2056 0
2057 0
2058 0
2059 0
2060 0
2061 0
2062 0
2063 1
2064 1
2065 0
2066 0
2067 0
2069 0
2070 0
2071 0
2072 0
2073 0
2074 0
2075 0
2076 1
2077 0
2078 0
2079 0
2080 0
2081 0
2082 0
2084 0
2085 0
2086 0
2087 0
2088 0
2089 0
2091 1
2092 0
2093 0
2094 0
2095 0
2096 0
2097 0
2098 0
2099 1
2100 1
2101 0
2102 0
2103 0
2104 1
2105 0
2107 1
2108 0
2109 0
2110 0
2111 0
2113 0
2114 0
2115 0
2116 0
2117 0
2118 0
2119 0
2120 0
2121 0
2122 0
2123 0
2124 1
2125 0
2126 0
2127 0
2128 0
2130 0
2131 0
2132 0
2133 0
2134 0
2136 0
2137 0
2139 1
2140 0
2142 0
2143 0
2145 0
2146 0
2148 0
2149 0
2150 0
2151 0
2152 0
2153 0
2154 1
2155 0
2156 0
2157 0
2158 1
2159 0
2160 0
2161 0
2162 0
2163 0
2164 0
2165 0
2166 0
2167 0
2169 1
2170 0
2172 0
2173 0
2174 0
2175 0
2176 0
2177 0
2178 0
2179 0
2180 0
2181 0
2182 1
2183 0
2184 0
2185 0
2186 0
2187 0
2188 0
2189 0
2190 0
2191 1
2192 1
2193 0
2194 0
2195 0
2196 0
2197 0
2198 0
2199 1
2200 0
2201 0
2202 0
2203 0
2204 0
2205 0
2206 0
2207 0
2208 0
2209 0
2210 0
2211 0
2212 0
2213 0
2214 0
2215 1
2216 0
2218 0
2219 1
2221 0
2222 0
2223 0
2224 0
2225 0
2226 0
2227 0
2228 1
2229 1
2230 0
2231 0
2232 0
2233 0
2234 1
2235 0
2236 0
2237 0
2238 1
2239 0
2240 1
2241 0
2242 0
2243 1
2244 0
2245 0
2246 0
2247 1
2248 0
2249 0
2250 1
2251 0
2252 0
2253 0
2254 0
2255 0
2256 0
2257 1
2258 0
2259 0
2260 0
2261 1
2262 0
2263 0
2264 0
2265 0
2266 0
2267 0
2268 0
2269 0
2270 0
2271 0
2272 0
2273 0
2274 0
2275 0
2276 0
2277 1
2278 0
2279 0
2280 0
2281 0
2282 1
2283 0
2284 0
2285 0
2287 0
2288 0
2289 0
2290 0
2291 0
2292 0
2293 0
2294 1
2295 0
2296 0
2297 0
2298 1
2299 0
2300 0
2303 1
2304 1
2305 0
2306 0
2307 0
2309 0
2310 0
2311 0
2312 0
2313 1
2314 0
2315 0
2316 0
2317 1
2318 0
2320 0
2321 0
2322 0
2324 0
2325 0
2326 0
2327 0
2328 0
2329 0
2330 0
2331 0
2332 0
2333 0
2334 0
2335 1
2336 0
2337 0
2338 0
2339 0
2340 0
2341 0
2342 0
2343 0
2344 0
2345 0
2346 0
2347 0
2348 0
2349 0
2350 0
2351 0
2352 0
2353 0
2354 0
2355 0
2356 0
2357 0
2358 0
2359 0
2360 0
2361 0
2362 0
2363 0
2364 0
2365 0
2366 0
2367 0
2368 0
2369 0
2370 0
2371 0
2372 0
2373 0
2374 1
2376 0
2377 1
2378 0
2379 1
2380 0
2381 0
2382 1
2383 0
2385 0
2386 0
2388 1
2389 0
2390 0
2391 0
2392 0
2393 0
2394 0
2395 1
2396 1
2398 0
2399 0
2400 0
2401 0
2402 0
2403 0
2404 0
2405 0
2406 1
2407 0
2408 0
2409 0
2410 0
2411 0
2412 0
2413 0
2414 0
2416 0
2417 0
2418 0
2419 0
2420 0
2422 0
2423 0
2424 1
2425 0
2426 0
2427 1
2428 0
2429 0
2430 0
2431 0
2432 0
2433 0
2434 1
2435 0
2436 0
2437 0
2438 0
2439 0
2440 0
2441 1
2442 0
2443 0
2444 0
2445 0
2446 1
2447 0
2448 0
2449 0
2450 0
2451 0
2453 0
2454 0
2455 1
2456 0
2457 0
2458 0
2459 0
2460 0
2461 0
2462 0
2463 0
2464 0
2465 1
2466 0
2467 0
2468 0
2469 0
2470 0
2471 0
2472 0
2473 0
2474 1
2475 1
2476 0
2477 0
2478 1
2479 0
2480 0
2481 1
2482 0
2483 0
2484 0
2485 0
2486 0
2487 0
2488 0
2489 0
2490 0
2491 0
2492 0
2493 0
2494 0
2495 0
2496 0
2497 0
2498 0
2499 0
2500 0
2501 0
2502 0
2503 0
2505 0
2506 0
2507 0
2508 1
2509 0
2510 0
2511 0
2512 0
2513 0
2514 0
2515 0
2516 0
2517 0
2518 0
2519 0
2520 0
2522 0
2524 0
2525 0
2526 0
2527 0
2528 0
2529 0
2530 0
2531 0
2532 0
2533 0
2534 0
2535 0
2536 0
2537 0
2538 0
2539 0
2540 0
2541 0
2542 0
2543 0
2544 0
2545 0
2546 0
2547 1
2548 1
2549 0
2550 0
2551 0
2552 0
2553 0
2554 0
2555 0
2556 0
2557 0
2558 0
2559 0
2560 0
2561 0
2562 1
2563 0
2564 0
2565 0
2566 0
2567 0
2568 0
2569 1
2570 0
2571 0
2573 0
2574 0
2575 0
2576 0
2577 0
2578 0
2579 0
2580 0
2581 0
2582 0
2583 0
2584 0
2585 0
2586 0
2587 0
2588 0
2589 0
2591 0
2592 0
2593 0
2594 0
2595 0
2596 0
2597 0
2598 0
2599 0
2600 0
2601 0
2602 0
2603 0
2604 0
2605 0
2606 0
2607 0
2608 1
2609 1
2610 0
2611 0
2612 0
2613 0
2614 0
2615 0
2616 1
2617 1
2618 0
2619 0
2620 0
2621 0
2622 0
2623 0
2624 0
2625 0
2626 0
2627 0
2628 0
2629 0
2630 0
2631 0
2632 0
2633 0
2634 0
2635 0
2636 0
2637 0
2638 0
2639 0
2640 0
2641 0
2643 1
2644 0
2645 1
2646 0
2647 0
2648 0
2649 0
2650 1
2651 0
2652 1
2653 0
2654 0
2655 0
2656 0
2657 0
2658 0
2659 0
2660 0
2661 0
2662 0
2663 0
2664 0
2665 0
2667 1
2668 0
2669 0
2670 0
2671 0
2672 0
2673 0
2674 1
2675 1
2676 0
2677 0
2678 0
2679 0
2680 0
2681 0
2682 0
2684 0
2686 1
2687 0
2688 0
2690 0
2691 0
2692 0
2693 0
2694 0
2695 0
2696 0
2697 0
2698 0
2699 0
2700 1
2701 0
2702 0
2703 0
2705 0
2707 0
2708 0
2709 0
2710 0
2713 0
2714 0
2715 0
2716 0
2717 0
2718 0
2719 0
2720 0
2721 0
2722 1
2723 0
2724 1
2725 0
2727 0
2728 0
2729 1
2730 0
2731 0
2732 0
2733 0
2734 0
2735 0
2736 1
2737 0
2738 0
2739 0
2740 1
2741 0
2742 0
2743 0
2744 0
2745 0
2746 0
2747 1
2749 0
2750 0
2751 0
2752 0
2753 0
2755 0
2756 0
2757 0
2758 0
2759 0
2760 0
2761 0
2762 1
2763 0
2764 0
2765 0
2766 0
2767 0
2768 0
2769 0
2770 0
2772 0
2773 0
2774 0
2775 0
2776 0
2777 1
2778 0
2779 1
2780 1
2781 0
2782 0
2783 0
2784 0
2785 0
2787 1
2788 1
2789 0
2790 0
2791 1
2792 0
2793 0
2794 0
2795 0
2796 0
2797 0
2798 0
2799 0
2800 0
2801 0
2802 0
2803 0
2804 1
2805 0
2806 0
2807 0
2808 1
2809 0
2810 0
2811 0
2812 0
2813 0
2814 0
2815 0
2816 0
2817 0
2818 0
2819 0
2820 0
2821 0
2822 0
2823 0
2824 1
2825 0
2827 0
2828 0
2830 0
2831 0
2832 0
2833 1
2834 0
2835 0
2836 0
2837 0
2838 0
2839 0
2840 0
2841 0
2842 0
2843 0
2844 0
2846 0
2847 0
2848 0
2849 0
2850 0
2851 0
2852 1
2853 0
2856 0
2857 0
2858 0
2859 0
2860 0
2861 0
2864 0
2865 0
2866 0
2867 0
2868 0
2869 0
2870 0
2871 0
2872 0
2873 0
2874 0
2875 0
2876 0
2877 0
2878 0
2879 0
2880 0
2881 0
2883 0
2885 0
2886 0
2887 0
2888 0
2889 0
2890 0
2891 0
2892 0
2893 0
2894 0
2895 0
2897 0
2898 1
2899 0
2900 0
2901 1
2902 0
2903 0
2904 0
2905 0
2906 0
2907 1
2908 0
2909 0
2910 0
2911 0
2912 0
2913 0
2914 1
2915 0
2916 0
2917 0
2918 0
2919 0
2920 0
2921 1
2922 0
2923 0
2924 0
2925 1
2926 0
2927 0
2928 0
2929 0
2930 0
2931 0
2932 1
2933 1
2934 0
2935 0
2936 0
2937 1
2938 0
2939 0
2940 0
2941 0
2942 0
2943 0
2944 0
2945 0
2946 1
2948 0
2949 0
2950 0
2951 0
2952 0
2953 0
2954 0
2955 0
2956 0
2957 1
2958 1
2960 0
2961 0
2962 0
2963 0
2964 1
2966 0
2967 0
2969 0
2970 0
2971 0
2972 0
2973 1
2974 1
2975 0
2976 0
2978 0
2979 0
2980 0
2981 0
2982 0
2983 0
2984 0
2985 0
2986 0
2987 0
2988 0
2989 0
2990 0
2991 0
2992 1
2993 0
2994 0
2995 0
2996 0
2998 0
2999 0
3000 1
3001 1
3003 1
3004 0
3005 0
3006 1
3007 0
3008 0
3009 0
3010 0
3011 1
3012 1
3013 0
3014 0
3015 0
3016 0
3017 1
3018 0
3019 1
3020 0
3021 0
3022 0
3023 0
3024 0
3025 0
3026 0
3027 0
3028 0
3029 0
3030 0
3031 0
3032 1
3033 0
3034 0
3035 1
3036 0
3037 0
3038 0
3039 0
3040 0
3041 0
3042 0
3043 0
3044 0
3045 0
3046 0
3047 0
3048 0
3049 0
3050 0
3051 0
3052 1
3053 1
3054 0
3055 0
3056 0
3057 1
3058 0
3059 0
3060 1
3061 0
3062 0
3063 0
3064 0
3065 0
3066 0
3067 0
3068 1
3069 0
3070 0
3071 0
3072 0
3073 0
3074 0
3075 0
3076 0
3077 0
3078 0
3080 0
3081 0
3082 0
3083 0
3084 1
3085 0
3086 0
3087 0
3089 0
3090 0
3091 0
3092 0
3093 1
3094 0
3095 0
3096 0
3097 1
3098 0
3100 0
3101 0
3102 1
3103 0
3104 0
3106 0
3107 1
3108 0
3109 0
3111 0
3112 1
3113 0
3114 1
3115 0
3116 0
3117 0
3118 1
3119 0
3120 0
3121 0
3122 0
3123 0
3124 0
3125 0
3126 0
3127 0
3128 0
3129 0
3130 1
3131 0
3132 0
3133 0
3134 0
3135 0
3136 0
3137 0
3138 0
3139 0
3140 0
3141 0
3143 0
3144 0
3145 1
3147 0
3148 0
3149 0
3150 0
3151 0
3152 0
3153 0
3154 0
3155 0
3156 0
3157 1
3158 0
3159 0
3160 0
3162 0
3163 0
3164 0
3165 0
3166 0
3167 0
3168 0
3169 1
3170 0
3171 0
3172 0
3173 0
3174 0
3175 0
3176 0
3177 0
3178 0
3179 0
3180 0
3181 1
3182 1
3183 0
3184 0
3185 0
3186 0
3187 0
3188 0
3189 0
3191 0
3192 1
3193 0
3194 0
3195 1
3197 0
3198 0
3199 0
3200 0
3201 0
3203 0
3204 0
3205 0
3206 0
3207 0
3208 0
3209 0
3210 0
3211 0
3212 0
3213 0
3214 0
3215 0
3216 0
3217 0
3218 0
3219 0
3220 1
3221 0
3222 0
3224 0
3225 0
3226 0
3227 0
3228 0
3229 0
3230 1
3231 0
3233 0
3234 0
3235 0
3236 0
3237 0
3238 0
3239 0
3240 1
3241 0
3242 0
3244 1
3245 0
3246 0
3247 1
3248 0
3249 0
3250 0
3251 0
3252 0
3253 0
3254 0
3255 0
3256 0
3257 0
3258 0
3259 1
3260 0
3261 1
3263 0
3264 0
3265 0
3266 0
3267 0
3268 0
3269 0
3270 0
3271 0
3272 0
3273 0
3275 0
3276 0
3277 0
3278 0
3279 0
3281 0
3282 0
3283 0
3284 0
3285 1
3286 0
3287 0
3288 0
3289 0
3290 1
3291 1
3292 0
3293 0
3294 1
3295 0
3296 1
3298 0
3299 0
3300 0
3301 0
3302 0
3303 0
3304 0
3305 0
3306 0
3307 0
3308 0
3309 0
3310 0
3311 0
3312 0
3313 0
3314 0
3315 0
3316 0
3317 0
3318 0
3320 0
3321 0
3322 0
3323 0
3324 1
3325 0
3326 0
3327 0
3328 0
3329 1
3330 0
3332 0
3334 0
3335 0
3336 0
3337 0
3339 0
3340 1
3341 0
3342 0
3343 0
3344 0
3345 0
3346 0
3347 0
3349 0
3350 0
3352 1
3353 0
3354 0
3355 0
3356 1
3357 0
3358 0
3359 0
3360 0
3361 0
3363 0
3364 0
3365 0
3366 0
3367 0
3369 0
3371 0
3373 0
3375 0
3376 0
3377 1
3378 0
3379 0
3380 1
3381 0
3385 0
3386 0
3387 0
3388 0
3390 0
3391 0
3392 1
3393 1
3394 0
3395 0
3396 0
3397 1
3398 1
3399 0
3401 0
3402 0
3403 1
3404 0
3405 1
3407 0
