2 0
4 1
5 1
9 0
10 0
13 0
16 1
18 1
19 0
20 1
23 1
26 0
33 1
35 0
38 0
40 1
41 1
43 0
44 0
47 1
48 1
50 0
51 0
52 0
54 0
56 0
57 1
59 0
60 0
65 0
67 0
68 1
69 1
71 1
73 0
75 1
77 1
78 0
79 0
80 0
81 0
82 0
84 1
85 1
86 1
87 0
88 0
90 0
91 1
94 0
95 0
100 0
101 1
102 1
105 1
106 1
112 0
113 1
114 0
115 0
116 0
119 0
120 0
121 0
124 0
127 1
131 1
132 0
134 0
135 0
136 0
137 0
140 1
143 1
145 0
146 0
148 1
149 1
151 0
152 0
153 0
156 0
159 1
161 1
164 0
165 1
166 0
167 0
168 0
170 1
172 1
173 1
174 1
176 0
179 1
181 0
182 0
185 0
187 0
190 1
195 1
199 1
200 1
201 0
202 0
204 0
205 1
207 1
210 1
212 0
213 0
214 1
215 0
217 0
218 1
220 1
221 0
222 1
226 0
229 1
230 0
232 1
233 0
235 0
236 0
238 1
239 1
243 0
244 0
245 0
246 1
249 1
251 0
252 0
253 1
255 1
256 0
257 1
258 1
259 1
263 0
264 1
268 1
270 1
271 0
277 0
278 1
279 1
280 0
281 0
282 1
283 1
285 0
286 1
287 0
288 1
289 1
290 1
291 1
294 1
300 1
301 0
303 1
304 0
305 1
308 1
309 1
310 0
313 0
314 1
315 0
316 1
317 1
319 1
321 0
323 0
324 1
326 1
327 1
328 1
329 1
331 0
336 0
340 0
341 0
343 0
344 1
346 1
349 0
350 1
351 0
352 1
356 0
357 0
359 0
362 0
363 1
364 1
370 0
376 1
377 0
378 0
381 1
382 0
384 0
385 0
387 1
388 0
389 1
391 1
398 1
399 0
404 0
406 0
407 1
409 1
411 0
413 1
417 0
418 1
421 1
423 1
425 1
426 1
429 1
430 0
431 1
433 1
434 0
436 0
437 0
440 0
441 1
443 1
446 0
447 0
450 0
451 1
453 0
454 0
455 0
456 1
457 1
459 0
464 1
465 0
467 0
468 1
470 1
472 0
473 1
478 0
483 0
484 1
486 0
489 0
490 1
492 0
495 0
496 1
497 1
498 0
500 0
501 0
505 0
506 1
508 1
513 1
514 1
515 1
525 1
527 1
528 0
530 1
532 1
533 0
535 1
536 0
540 0
544 0
547 1
548 0
549 0
550 1
551 0
552 0
554 1
557 1
560 0
562 1
563 0
564 0
565 0
576 1
578 1
579 1
581 0
582 1
583 0
584 1
588 1
592 1
593 0
594 1
595 0
596 0
597 1
601 1
602 1
603 1
606 1
608 0
610 0
611 1
612 0
614 0
615 0
619 0
621 1
622 0
623 0
625 1
626 1
630 1
634 0
636 0
637 0
640 0
643 0
647 1
649 1
653 0
656 0
659 1
661 1
662 1
665 1
667 1
668 1
670 1
671 0
673 1
674 0
675 0
677 1
678 0
679 1
682 1
683 1
687 0
690 1
692 1
694 0
695 0
697 0
700 1
703 0
704 1
705 0
707 1
708 1
709 1
711 0
712 0
713 1
714 0
719 0
720 1
725 1
726 0
727 0
728 1
730 0
732 1
734 1
735 0
736 1
737 0
739 1
740 1
741 0
742 1
743 0
747 0
751 0
752 1
753 0
756 0
759 1
760 0
762 0
766 1
767 1
768 0
770 0
772 0
773 1
776 1
777 1
781 0
782 0
783 0
784 1
785 0
786 1
787 1
788 0
791 0
793 0
795 0
796 1
797 1
798 1
804 0
805 0
808 0
810 1
812 1
813 1
814 1
817 1
819 1
820 0
822 0
823 1
824 0
827 0
828 1
833 1
836 1
840 1
842 1
846 0
847 1
848 0
849 1
850 1
854 0
859 0
860 1
861 0
863 1
867 1
870 0
871 0
873 1
875 0
876 1
881 0
882 0
884 0
886 0
887 0
889 0
890 0
892 0
893 1
899 0
900 0
905 1
907 1
909 1
911 1
912 0
914 1
915 0
916 1
918 0
919 0
920 1
922 1
927 1
929 0
930 0
931 1
933 0
936 1
937 1
939 1
940 1
941 1
942 0
944 0
945 1
951 0
953 1
954 1
957 1
958 1
961 0
964 0
967 1
968 0
969 0
977 0
979 1
981 0
982 0
984 0
987 0
988 0
990 1
994 0
1000 1
1003 0
1007 0
1008 0
1009 1
1011 0
1012 0
1015 1
1017 0
1020 0
1021 0
1022 1
1023 1
1024 0
1025 1
1027 0
1028 0
1029 0
1031 1
1032 1
1036 0
1037 1
1041 0
1042 0
1043 0
1047 0
1049 0
1050 1
1051 0
1054 1
1055 0
1056 0
1059 1
1060 0
1062 0
1065 0
1068 1
1069 0
1071 0
1074 0
1083 0
1084 0
1086 0
1089 0
1090 1
1092 0
1093 1
1095 0
1097 0
1102 1
1105 0
1109 1
1110 1
1112 0
1113 1
1118 0
1119 0
1122 0
1127 0
1131 0
1132 0
1133 1
1136 0
1137 1
1140 1
1142 0
1144 0
1145 0
1147 0
1152 0
1154 1
1159 0
1160 1
1161 0
1164 0
1165 1
1166 0
1170 0
1172 1
1174 0
1175 1
1176 1
1177 1
1178 1
1181 1
1182 0
1184 0
1186 0
1187 0
1190 1
1192 0
1194 1
1198 0
1201 1
1206 0
1209 1
1213 1
1214 0
1215 0
1216 0
1219 1
1222 0
1225 0
1228 1
1231 1
1232 1
1234 1
1235 0
1237 1
1238 0
1239 0
1241 1
1242 1
1245 0
1246 0
1247 0
1248 0
1249 1
1253 1
1255 1
1256 1
1257 0
1258 0
1259 0
1262 0
1266 1
1267 1
1272 0
1274 0
1277 1
1279 1
1280 0
1281 0
1282 0
1287 0
1291 0
1294 0
1295 0
1296 0
1297 0
1299 0
1300 1
1302 1
1304 0
1305 0
1306 0
1307 1
1308 0
1309 0
1311 0
1317 1
1318 0
1320 0
1321 0
1322 1
1323 1
1325 0
1326 0
1327 1
1332 0
1333 1
1336 1
1337 0
1338 0
1341 1
1342 1
1346 1
1347 1
1350 1
1351 1
1352 0
1354 0
1355 0
1357 0
1361 1
1362 0
1363 1
1365 0
1366 0
1370 0
1371 0
1373 0
1374 1
1375 1
1376 0
1378 0
1379 1
1380 0
1381 0
1383 1
1385 0
1389 0
1393 0
1394 0
1396 0
1398 1
1401 1
1402 0
1403 0
1408 1
1410 0
1412 1
1413 0
1415 0
1418 1
1420 1
1421 1
1423 0
1424 0
1425 1
1427 0
1428 0
1431 0
1433 0
1438 0
1441 0
1442 0
1443 0
1447 1
1448 0
1450 0
1451 1
1452 1
1453 0
1454 0
1457 0
1460 0
1466 0
1467 1
1469 1
1471 0
1473 0
1477 0
1478 0
1479 1
1481 0
1484 0
1485 0
1486 0
1488 1
1490 0
1491 0
1493 0
1496 1
1498 1
1499 1
1500 0
1502 0
1504 1
1505 1
1506 1
1510 0
1514 1
1515 1
1517 1
1519 0
1520 0
1521 1
1523 1
1526 0
1529 0
1530 0
1531 0
1532 1
1533 1
1535 1
1537 0
1538 0
1541 0
1542 1
1545 0
1549 0
1550 0
1554 0
1555 1
1556 1
1561 1
1562 0
1567 1
1570 1
1571 1
1572 0
1573 1
1574 0
1575 1
1576 1
1577 0
1579 1
1581 0
1583 0
1587 0
1597 1
1598 1
1601 0
1602 0
1604 1
1607 1
1609 1
1610 1
1612 1
1614 0
1616 0
1618 0
1619 1
1620 1
1621 0
1623 1
1625 0
1627 0
1628 0
1629 0
1635 0
1639 0
1641 1
1642 0
1645 1
1648 1
1651 0
1652 0
1657 1
1659 0
1662 0
1664 1
1665 0
1666 0
1670 0
1673 0
1675 1
1676 0
1677 1
1682 0
1683 1
1684 0
1686 0
1687 1
1688 1
1690 0
1692 0
1693 0
1694 0
1696 0
1697 1
1698 0
1699 0
1700 0
1701 0
1703 0
1704 0
1705 0
1710 0
1711 1
1712 0
1713 0
1716 0
1718 1
1719 1
1720 1
1721 1
1723 0
1725 1
1726 0
1727 0
1730 1
1732 1
1737 1
1739 1
1745 0
1750 0
1751 0
1753 0
1757 0
1758 0
1759 0
1761 0
1764 0
1767 1
1768 0
1769 1
1770 0
1771 0
1774 0
1775 1
1780 0
1781 0
1782 1
1785 0
1787 1
1788 0
1790 0
1793 1
1794 0
1795 0
1797 0
1798 0
1800 1
1801 1
1802 1
1806 1
1809 1
1810 1
1819 0
1822 0
1824 1
1829 0
1830 1
1831 0
1835 0
1837 0
1842 0
1843 0
1845 0
1847 0
1849 0
1856 1
1858 1
1862 0
1864 0
1865 1
1871 0
1872 0
1873 1
1874 0
1875 0
1877 0
1878 1
1879 1
1882 1
1890 0
1892 0
1894 1
1896 0
1897 1
1899 0
1900 1
1903 0
1906 1
1907 1
1911 0
1912 0
1913 0
1928 1
1929 0
1930 1
1931 0
1934 0
1935 0
1936 0
1937 0
1938 0
1941 1
1942 0
1947 1
1949 0
1951 0
1953 0
1954 0
1958 0
1961 0
1962 0
1967 0
1969 0
1972 1
1973 0
1976 1
1977 0
1979 1
1980 0
1981 0
1982 0
1983 0
1984 1
1985 1
1986 0
1988 0
1989 0
1990 0
1994 0
1997 1
1998 0
2000 0
2001 1
2004 0
2008 1
2009 0
2010 0
2011 0
2012 0
2013 0
2014 0
2018 1
2019 0
2025 1
2026 0
2027 1
2028 0
2030 1
2033 0
2037 1
2039 0
2040 0
2044 1
2045 0
2048 0
2052 0
2055 0
2061 0
2063 0
2067 0
2069 1
2071 0
2075 1
2080 0
2084 0
2085 0
2086 0
2087 1
2088 1
2090 0
2092 0
2094 0
2096 0
2099 0
2100 0
2104 0
2105 1
2109 0
2110 0
2113 1
2115 0
2116 1
2117 0
2120 1
2121 0
2122 1
2123 0
2127 0
2133 1
2138 1
2139 0
2140 0
2143 0
2144 0
2145 0
2147 0
2148 0
2149 0
2151 1
2154 0
2156 0
2158 1
2160 0
2161 0
2162 1
2163 1
2164 0
2170 1
2172 0
2173 0
2176 1
2183 0
2184 1
2187 1
2189 0
2190 1
2195 0
2196 0
2198 0
2200 0
2201 1
2203 0
2204 0
2205 0
2206 0
2207 0
2210 0
2211 1
2212 0
2214 0
2216 1
2217 0
2220 0
2226 0
2227 0
2228 0
2232 0
2234 0
2235 0
2238 0
2240 0
2243 0
2244 0
2245 1
2246 0
2247 0
2248 0
2254 0
2256 0
2257 0
2258 0
2259 0
2260 0
2262 1
2266 1
2269 1
2271 1
2272 0
2273 0
2274 0
2276 0
2277 0
2279 1
2280 0
2281 0
2282 0
2283 0
2284 0
2285 1
2286 0
2287 0
2290 0
2291 0
2295 0
2296 0
2297 1
2300 0
2302 1
2303 0
2306 0
2307 0
2308 0
2313 0
2314 0
2317 0
2320 1
2321 1
2323 0
2324 0
2327 0
2329 1
2330 0
2331 0
2332 0
2333 0
2334 1
2335 0
2337 0
2338 1
2339 1
2344 0
2347 0
2350 0
2351 1
2356 0
2357 0
2361 0
2362 1
2364 0
2369 0
2370 1
2371 1
2372 1
2374 0
2375 1
2377 0
2378 0
2381 1
2382 1
2384 0
2386 0
2387 0
2388 0
2389 0
2393 1
2397 0
2404 0
2405 0
2406 0
2408 0
2410 0
2411 0
2412 0
2414 0
2416 0
2419 1
2422 0
2423 0
2424 0
2427 0
2428 0
2429 0
2432 1
2439 0
2440 1
2443 1
2444 1
2445 0
2447 0
2448 0
2453 0
2455 0
2460 0
2463 0
2464 1
2469 0
2471 0
2472 0
2474 0
2478 0
2479 0
2481 0
2483 0
2485 0
2486 0
2487 0
2489 0
2492 0
2493 1
2494 0
2496 0
2502 0
2503 0
2505 1
2509 0
2512 1
2514 1
2517 0
2520 0
2523 0
2524 0
2526 0
2528 0
2531 0
2538 0
2539 0
2540 1
2543 0
2548 0
2549 1
2550 0
2551 0
2553 0
2554 0
2556 1
2557 1
2560 1
2561 0
2564 0
2565 1
2566 0
2570 0
2572 1
2573 1
2575 0
2576 0
2577 0
2581 0
2584 0
2586 0
2587 0
2588 0
2589 0
2590 1
2591 0
2593 0
2594 0
2595 0
2596 0
2597 0
2598 0
2600 0
2601 0
2603 1
2604 0
2605 0
2606 0
2608 0
2610 0
2611 0
2613 0
2615 0
2618 0
2621 0
2622 0
2623 0
2630 0
2631 0
2632 0
2633 0
2639 0
2641 0
2642 0
2644 0
2645 0
2646 0
2649 0
2650 0
2653 0
2656 0
2661 0
2662 0
2663 0
2664 0
2665 1
2666 0
2668 0
2669 1
2672 0
2674 0
2678 1
2680 0
2681 0
2682 1
2693 0
2695 0
2700 0
2703 0
2704 0
2705 0
2708 0
2710 0
2712 0
2714 0
2717 1
2719 0
2721 0
2724 1
2727 0
2730 0
2733 0
2734 1
2735 0
2737 0
2739 0
2740 0
2742 0
2744 0
2745 0
2749 1
2752 0
2753 1
2754 0
2755 1
2761 0
2767 0
2768 1
2771 0
2772 0
2773 0
2774 0
2776 0
2780 0
2782 0
2783 1
2784 0
2787 0
2790 0
2791 0
2793 0
2795 0
2796 0
2797 0
2799 1
2800 0
2801 0
2803 0
2804 0
2806 0
2810 0
2811 0
2813 0
2819 1
2824 0
2828 0
2830 0
2831 0
2832 0
2834 0
2839 1
2844 0
2847 0
2849 0
2850 0
2852 0
2853 0
2854 0
2855 0
2858 0
2859 0
2861 0
2868 1
2870 0
2872 1
2873 0
2874 1
2875 0
2879 0
2880 0
2881 0
2882 1
2884 0
2885 0
2887 0
2889 0
2892 0
2893 0
2898 0
2900 0
2902 0
2905 0
2909 0
2913 0
2914 0
2915 0
2918 0
2921 1
2923 1
2924 0
2928 0
2929 0
2934 0
2935 0
2938 0
2940 0
2941 0
2944 1
2947 0
2952 0
2954 0
2956 0
2957 0
2959 0
2961 0
2962 0
2965 0
2966 0
2967 0
2968 1
2970 0
2972 0
2975 0
2978 0
2979 0
2980 1
2982 1
2983 0
2984 0
2985 0
2986 0
2987 0
2989 0
2991 0
2995 0
2996 0
2997 0
3003 0
3004 0
3005 0
3006 0
3010 0
3012 0
3013 0
3019 0
3020 1
3021 1
3022 0
3025 0
3028 0
3029 1
3030 0
3031 0
3038 0
3040 0
3051 0
3052 0
3053 0
3054 0
3055 0
3056 0
3057 0
3058 0
3059 0
3062 0
3064 0
3065 0
3066 1
3067 0
3069 0
3072 0
3073 0
3074 0
3078 0
3080 0
3081 1
3082 0
3083 0
3084 0
3086 0
3088 0
3092 0
3094 0
3096 0
3097 0
3101 0
3104 0
3108 1
3111 1
3115 0
3116 0
3118 0
3119 0
3121 0
3122 0
3125 0
3127 0
3130 0
3134 0
3135 1
3136 0
3140 0
3141 0
3146 0
3148 1
3149 0
3150 1
3152 0
3156 0
3157 0
3161 0
3162 0
3165 0
3168 0
3169 0
3170 0
3173 0
3174 0
3175 0
3179 1
3183 0
3184 0
3187 1
3191 0
3193 1
3194 0
3195 0
3197 0
3200 0
3201 0
3204 0
3207 0
3212 0
3213 0
3214 0
3216 0
3217 1
3218 0
3219 0
3220 0
3222 0
3223 0
3226 0
3228 0
3232 1
3237 0
3238 0
3239 0
3242 0
3243 0
3246 0
3247 0
3248 0
3250 1
3252 0
3254 1
3255 0
3256 1
3259 0
3260 0
3261 0
3262 0
3263 0
3264 0
3267 0
3269 1
3270 0
3271 1
3272 0
3273 0
3274 0
3276 1
3279 0
3284 0
3286 0
3288 0
3289 0
3290 0
3292 0
3294 0
3296 1
3298 0
3305 1
3308 0
3311 0
3312 1
3315 0
3316 0
3318 1
3319 0
3321 0
3323 0
3324 0
3325 0
3326 0
3334 0
3337 0
3339 0
3340 1
3341 1
3343 0
3344 0
3345 0
3348 1
3350 0
3357 0
3358 0
3360 0
3362 0
3367 1
3368 1
3369 0
3370 1
3373 0
3378 0
3379 0
3383 0
3386 0
3389 0
3393 1
3395 0
3396 0
3398 1
3402 1
3406 0
3407 0
