0 0
1 0
2 0
3 0
4 0
5 0
6 0
7 0
8 0
9 0
10 0
11 0
12 0
13 0
14 0
15 0
16 0
17 0
18 0
19 0
20 0
21 0
22 0
23 0
24 0
25 0
26 0
27 0
28 0
29 0
30 0
31 0
32 0
33 0
34 0
35 0
36 0
37 0
38 0
39 0
40 0
41 0
42 0
43 0
44 0
45 0
46 0
47 0
48 0
49 0
50 0
51 0
52 0
53 0
54 0
55 0
56 0
57 0
58 0
59 0
60 0
61 0
62 0
63 0
64 0
65 0
66 0
67 0
68 0
69 0
70 0
71 0
72 0
73 0
74 0
75 0
76 0
77 0
78 0
79 0
80 0
81 0
82 0
83 0
84 0
85 0
86 0
87 0
88 0
89 0
90 0
91 0
92 0
93 0
94 0
95 0
96 0
97 0
98 0
99 0
100 0
101 0
102 1
103 0
104 0
105 0
106 0
107 0
108 0
109 0
110 0
111 0
112 0
113 0
114 0
115 0
116 0
117 0
118 0
119 0
120 0
121 0
122 0
123 0
124 0
125 0
126 0
127 0
128 0
129 0
130 0
131 0
132 0
133 0
134 0
135 0
136 0
137 0
138 0
139 0
140 0
141 0
142 0
143 0
144 0
145 0
146 0
147 0
148 0
149 0
150 0
151 0
152 0
153 0
154 0
155 0
156 0
157 0
158 0
159 0
160 0
161 0
162 0
163 0
164 0
165 0
166 0
167 0
168 0
169 0
170 0
171 0
172 0
173 0
174 0
175 0
176 0
177 0
178 0
179 0
180 0
181 0
182 0
183 0
184 0
185 0
186 0
187 0
188 0
189 0
190 0
191 0
192 0
193 0
194 0
195 0
196 0
197 0
198 0
199 1
200 0
201 0
202 0
203 0
204 0
205 0
206 0
207 0
208 0
209 0
210 0
211 0
212 0
213 0
214 0
215 0
216 0
217 0
218 0
219 0
220 0
221 0
222 0
223 0
224 0
225 0
226 0
227 0
228 0
229 0
230 0
231 0
232 0
233 0
234 0
235 0
236 0
237 0
238 0
239 0
240 0
241 0
242 0
243 0
244 0
245 0
246 0
247 0
248 0
249 0
250 0
251 0
252 0
253 0
254 0
255 0
256 0
257 0
258 0
259 0
260 1
261 1
262 0
263 0
264 0
265 0
266 0
267 0
268 0
269 0
270 1
271 0
272 0
273 0
274 0
275 0
276 0
277 0
278 0
279 0
280 0
281 0
282 0
283 0
284 0
285 0
286 0
287 0
288 0
289 0
290 0
291 0
292 0
293 0
294 0
295 0
296 0
297 0
298 0
299 0
300 0
301 0
302 0
303 0
304 0
305 0
306 0
307 0
308 0
309 0
310 0
311 0
312 0
313 0
314 0
315 0
316 0
317 0
318 1
319 0
320 0
321 0
322 0
323 0
324 0
325 0
326 0
327 0
328 0
329 0
330 0
331 0
332 0
333 0
334 0
335 0
336 0
337 0
338 0
339 0
340 0
341 0
342 0
343 0
344 0
345 0
346 0
347 0
348 0
349 0
350 0
351 0
352 0
353 0
354 0
355 0
356 0
357 0
358 0
359 0
360 1
361 0
362 0
363 0
364 0
365 0
366 0
367 0
368 0
369 0
370 0
371 0
372 0
373 0
374 0
375 0
376 0
377 0
378 0
379 0
380 0
381 0
382 0
383 0
384 0
385 0
386 0
387 0
388 0
389 0
390 0
391 0
392 0
393 0
394 0
395 0
396 0
397 0
398 0
399 0
400 0
401 0
402 0
403 0
404 0
405 0
406 0
407 0
408 0
409 0
410 1
411 0
412 0
413 0
414 0
415 0
416 0
417 1
418 0
419 0
420 0
421 0
422 0
423 1
424 0
425 0
426 0
427 0
428 0
429 0
430 0
431 0
432 0
433 0
434 0
435 0
436 0
437 0
438 0
439 0
440 0
441 0
442 0
443 0
444 0
445 1
446 0
447 0
448 0
449 1
450 0
451 0
452 0
453 0
454 0
455 0
456 0
457 0
458 0
459 0
460 0
461 0
462 0
463 0
464 0
465 0
466 0
467 0
468 0
469 0
470 0
471 0
472 0
473 0
474 0
475 0
476 0
477 0
478 0
479 0
480 0
481 0
482 0
483 0
484 0
485 0
486 0
487 0
488 0
489 0
490 0
491 0
492 0
493 0
494 0
495 0
496 0
497 0
498 0
499 0
500 0
501 0
502 0
503 0
504 1
505 0
506 0
507 0
508 0
509 0
510 0
511 0
512 0
513 0
514 0
515 0
516 0
517 0
518 0
519 0
520 0
521 0
522 0
523 0
524 0
525 0
526 0
527 0
528 0
529 1
530 0
531 0
532 0
533 0
534 0
535 0
536 0
537 0
538 0
539 0
540 0
541 0
542 0
543 1
544 0
545 0
546 0
547 0
548 0
549 0
550 0
551 1
552 1
553 0
554 0
555 0
556 0
557 0
558 0
559 0
560 0
561 0
562 0
563 0
564 0
565 0
566 0
567 0
568 0
569 0
570 1
571 0
572 0
573 0
574 0
575 0
576 0
577 0
578 0
579 0
580 1
581 0
582 0
583 0
584 0
585 0
586 1
587 1
588 1
589 0
590 0
591 0
592 0
593 0
594 1
595 0
596 0
597 0
598 0
599 0
600 0
601 0
602 0
603 0
604 0
605 0
606 0
607 0
608 0
609 0
610 1
611 0
612 0
613 0
614 0
615 0
616 0
617 0
618 0
619 0
620 0
621 1
622 0
623 0
624 0
625 0
626 0
627 0
628 0
629 0
630 0
631 0
632 0
633 0
634 0
635 0
636 0
637 1
638 0
639 0
640 0
641 0
642 0
643 1
644 1
645 0
646 0
647 0
648 0
649 1
650 0
651 0
652 0
653 1
654 0
655 0
656 0
657 0
658 1
659 0
660 0
661 0
662 0
663 0
664 1
665 0
666 0
667 0
668 0
669 1
670 0
671 0
672 0
673 0
674 0
675 1
676 0
677 0
678 0
679 0
680 0
681 0
682 0
683 0
684 0
685 0
686 0
687 1
688 0
689 0
690 1
691 0
692 1
693 0
694 0
695 0
696 0
697 0
698 0
699 0
700 0
701 0
702 0
703 0
704 0
705 0
706 0
707 0
708 0
709 0
710 0
711 0
712 0
713 0
714 0
715 0
716 0
717 0
718 0
719 0
720 0
721 0
722 0
723 0
724 0
725 0
726 0
727 0
728 0
729 1
730 0
731 1
732 0
733 0
734 0
735 0
736 0
737 0
738 0
739 1
740 0
741 0
742 0
743 0
744 0
745 1
746 0
747 0
748 0
749 0
750 1
751 0
752 0
753 0
754 1
755 0
756 0
757 0
758 0
759 0
760 0
761 0
762 0
763 0
764 0
765 0
766 0
767 0
768 0
769 0
770 0
771 0
772 0
773 0
774 1
775 0
776 1
777 0
778 0
779 0
780 0
781 1
782 0
783 0
784 0
785 0
786 0
787 0
788 1
789 1
790 0
791 0
792 0
793 0
794 0
795 0
796 0
797 0
798 0
799 0
800 0
801 0
802 0
803 0
804 0
805 0
806 1
807 0
808 0
809 0
810 0
811 0
812 0
813 0
814 1
815 0
816 1
817 0
818 0
819 0
820 0
821 0
822 0
823 0
824 0
825 0
826 0
827 1
828 0
829 1
830 1
831 0
832 0
833 0
834 0
835 1
836 0
837 0
838 0
839 1
840 0
841 0
842 0
843 0
844 0
845 0
846 0
847 0
848 0
849 0
850 0
851 0
852 0
853 0
854 0
855 1
856 0
857 0
858 1
859 0
860 0
861 0
862 0
863 0
864 0
865 0
866 0
867 0
868 0
869 1
870 0
871 1
872 0
873 0
874 0
875 0
876 1
877 1
878 0
879 0
880 1
881 1
882 0
883 0
884 0
885 1
886 0
887 0
888 0
889 0
890 0
891 0
892 1
893 0
894 0
895 0
896 0
897 0
898 0
899 0
900 0
901 0
902 0
903 0
904 0
905 0
906 0
907 0
908 0
909 0
910 0
911 0
912 1
913 0
914 0
915 1
916 0
917 0
918 1
919 0
920 1
921 1
922 0
923 0
924 1
925 0
926 0
927 0
928 1
929 0
930 0
931 0
932 0
933 1
934 0
935 0
936 0
937 0
938 0
939 0
940 0
941 1
942 0
943 0
944 0
945 0
946 1
947 1
948 1
949 0
950 1
951 0
952 0
953 0
954 0
955 0
956 0
957 0
958 1
959 1
960 0
961 0
962 0
963 0
964 0
965 0
966 0
967 0
968 0
969 0
970 0
971 1
972 1
973 0
974 0
975 0
976 0
977 1
978 1
979 0
980 0
981 1
982 1
983 0
984 1
985 0
986 0
987 0
988 0
989 0
990 0
991 0
992 0
993 0
994 0
995 0
996 0
997 1
998 0
999 0
1000 0
1001 0
1002 0
1003 1
1004 0
1005 0
1006 0
1007 0
1008 0
1009 0
1010 0
1011 0
1012 0
1013 0
1014 0
1015 0
1016 0
1017 0
1018 1
1019 0
1020 0
1021 0
1022 1
1023 0
1024 0
1025 0
1026 0
1027 0
1028 0
1029 0
1030 0
1031 1
1032 1
1033 0
1034 0
1035 0
1036 0
1037 0
1038 0
1039 1
1040 0
1041 0
1042 0
1043 1
1044 0
1045 0
1046 1
1047 0
1048 0
1049 0
1050 0
1051 0
1052 0
1053 0
1054 0
1055 0
1056 0
1057 0
1058 0
1059 0
1060 1
1061 1
1062 1
1063 0
1064 0
1065 0
1066 0
1067 1
1068 0
1069 1
1070 0
1071 1
1072 0
1073 0
1074 1
1075 0
1076 1
1077 0
1078 0
1079 0
1080 1
1081 0
1082 0
1083 1
1084 0
1085 1
1086 0
1087 0
1088 0
1089 1
1090 0
1091 0
1092 0
1093 1
1094 0
1095 0
1096 1
1097 0
1098 0
1099 0
1100 0
1101 0
1102 0
1103 1
1104 0
1105 0
1106 0
1107 0
1108 0
1109 0
1110 1
1111 1
1112 1
1113 0
1114 0
1115 1
1116 1
1117 1
1118 0
1119 0
1120 0
1121 0
1122 0
1123 1
1124 1
1125 1
1126 0
1127 0
1128 1
1129 1
1130 0
1131 0
1132 0
1133 0
1134 1
1135 1
1136 0
1137 1
1138 0
1139 0
1140 0
1141 1
1142 0
1143 0
1144 1
1145 0
1146 1
1147 1
1148 1
1149 1
1150 0
1151 1
1152 0
1153 1
1154 1
1155 0
1156 1
1157 0
1158 0
1159 0
1160 0
1161 0
1162 0
1163 0
1164 1
1165 1
1166 1
1167 0
1168 0
1169 0
1170 0
1171 0
1172 0
1173 0
1174 0
1175 0
1176 0
1177 1
1178 0
1179 1
1180 0
1181 0
1182 0
1183 0
1184 0
1185 1
1186 0
1187 0
1188 0
1189 0
1190 0
1191 0
1192 1
1193 0
1194 0
1195 1
1196 0
1197 0
1198 0
1199 0
1200 0
1201 0
1202 0
1203 0
1204 1
1205 0
1206 1
1207 0
1208 0
1209 0
1210 0
1211 0
1212 1
1213 0
1214 0
1215 0
1216 0
1217 0
1218 0
1219 1
1220 0
1221 0
1222 0
1223 1
1224 1
1225 0
1226 0
1227 1
1228 0
1229 0
1230 1
1231 0
1232 0
1233 0
1234 0
1235 1
1236 0
1237 1
1238 0
1239 0
1240 0
1241 0
1242 1
1243 0
1244 1
1245 0
1246 0
1247 0
1248 0
1249 0
1250 1
1251 0
1252 1
1253 0
1254 0
1255 0
1256 1
1257 0
1258 0
1259 1
1260 0
1261 1
1262 1
1263 0
1264 1
1265 1
1266 0
1267 0
1268 0
1269 1
1270 1
1271 0
1272 0
1273 0
1274 0
1275 0
1276 0
1277 1
1278 0
1279 0
1280 0
1281 0
1282 1
1283 0
1284 1
1285 0
1286 0
1287 1
1288 0
1289 0
1290 0
1291 1
1292 0
1293 0
1294 0
1295 1
1296 1
1297 0
1298 0
1299 0
1300 1
1301 0
1302 1
1303 0
1304 0
1305 0
1306 0
1307 0
1308 1
1309 0
1310 0
1311 0
1312 1
1313 0
1314 0
1315 1
1316 0
1317 1
1318 0
1319 1
1320 1
1321 1
1322 0
1323 0
1324 0
1325 0
1326 0
1327 0
1328 0
1329 0
1330 1
1331 0
1332 0
1333 0
1334 1
1335 1
1336 1
1337 0
1338 0
1339 0
1340 0
1341 0
1342 1
1343 1
1344 0
1345 0
1346 0
1347 1
1348 1
1349 1
1350 0
1351 0
1352 1
1353 0
1354 0
1355 0
1356 1
1357 0
1358 1
1359 0
1360 0
1361 0
1362 0
1363 0
1364 1
1365 0
1366 0
1367 1
1368 0
1369 0
1370 0
1371 1
1372 0
1373 1
1374 0
1375 0
1376 0
1377 0
1378 0
1379 1
1380 0
1381 0
1382 0
1383 1
1384 0
1385 0
1386 1
1387 0
1388 0
1389 0
1390 1
1391 1
1392 0
1393 0
1394 1
1395 1
1396 0
1397 0
1398 0
1399 1
1400 0
1401 1
1402 0
1403 0
1404 1
1405 1
1406 0
1407 0
1408 0
1409 0
1410 0
1411 1
1412 1
1413 0
1414 1
1415 1
1416 0
1417 1
1418 1
1419 0
1420 1
1421 0
1422 0
1423 0
1424 0
1425 1
1426 0
1427 0
1428 0
1429 0
1430 0
1431 0
1432 0
1433 1
1434 0
1435 0
1436 0
1437 0
1438 1
1439 1
1440 1
1441 1
1442 0
1443 1
1444 1
1445 0
1446 0
1447 1
1448 1
1449 0
1450 1
1451 1
1452 1
1453 1
1454 0
1455 1
1456 0
1457 0
1458 0
1459 1
1460 0
1461 1
1462 0
1463 0
1464 0
1465 1
1466 0
1467 0
1468 0
1469 1
1470 1
1471 0
1472 1
1473 1
1474 1
1475 0
1476 1
1477 0
1478 0
1479 1
1480 0
1481 0
1482 1
1483 0
1484 0
1485 1
1486 1
1487 1
1488 0
1489 1
1490 0
1491 0
1492 0
1493 0
1494 0
1495 0
1496 1
1497 0
1498 0
1499 1
1500 1
1501 0
1502 1
1503 0
1504 0
1505 1
1506 0
1507 1
1508 0
1509 0
1510 1
1511 0
1512 0
1513 0
1514 1
1515 0
1516 0
1517 0
1518 0
1519 1
1520 0
1521 1
1522 1
1523 0
1524 0
1525 0
1526 0
1527 1
1528 1
1529 0
1530 0
1531 0
1532 1
1533 0
1534 0
1535 1
1536 1
1537 0
1538 0
1539 0
1540 0
1541 0
1542 0
1543 0
1544 0
1545 0
1546 0
1547 0
1548 0
1549 0
1550 1
1551 1
1552 1
1553 1
1554 1
1555 0
1556 1
1557 1
1558 0
1559 1
1560 1
1561 0
1562 0
1563 0
1564 0
1565 0
1566 1
1567 0
1568 1
1569 1
1570 1
1571 0
1572 0
1573 0
1574 0
1575 1
1576 1
1577 0
1578 0
1579 1
1580 1
1581 1
1582 0
1583 0
1584 1
1585 1
1586 0
1587 1
1588 1
1589 0
1590 1
1591 0
1592 0
1593 0
1594 0
1595 0
1596 0
1597 0
1598 1
1599 1
1600 0
1601 0
1602 0
1603 0
1604 0
1605 1
1606 0
1607 1
1608 0
1609 0
1610 1
1611 0
1612 1
1613 0
1614 0
1615 1
1616 0
1617 1
1618 0
1619 1
1620 0
1621 0
1622 0
1623 0
1624 1
1625 0
1626 0
1627 0
1628 1
1629 1
1630 0
1631 1
1632 1
1633 1
1634 0
1635 0
1636 0
1637 1
1638 1
1639 1
1640 0
1641 1
1642 0
1643 0
1644 1
1645 0
1646 0
1647 0
1648 1
1649 1
1650 0
1651 1
1652 0
1653 1
1654 0
1655 0
1656 0
1657 0
1658 1
1659 0
1660 0
1661 0
1662 1
1663 0
1664 0
1665 0
1666 0
1667 0
1668 0
1669 1
1670 0
1671 0
1672 1
1673 0
1674 1
1675 0
1676 0
1677 1
1678 0
1679 1
1680 0
1681 1
1682 0
1683 1
1684 0
1685 0
1686 0
1687 0
1688 1
1689 0
1690 0
1691 1
1692 0
1693 0
1694 1
1695 1
1696 0
1697 1
1698 1
1699 0
1700 0
1701 0
1702 1
1703 1
1704 1
1705 0
1706 0
1707 1
1708 0
1709 0
1710 1
1711 1
1712 1
1713 1
1714 0
1715 0
1716 0
1717 1
1718 1
1719 1
1720 0
1721 0
1722 1
1723 1
1724 1
1725 1
1726 0
1727 0
1728 1
1729 1
1730 0
1731 0
1732 0
1733 0
1734 0
1735 1
1736 1
1737 0
1738 0
1739 1
1740 0
1741 0
1742 1
1743 0
1744 1
1745 0
1746 1
1747 1
1748 0
1749 0
1750 0
1751 0
1752 0
1753 1
1754 0
1755 0
1756 0
1757 1
1758 0
1759 1
1760 1
1761 0
1762 1
1763 0
1764 0
1765 1
1766 1
1767 0
1768 0
1769 1
1770 1
1771 0
1772 0
1773 0
1774 0
1775 0
1776 1
1777 1
1778 0
1779 0
1780 1
1781 1
1782 1
1783 1
1784 0
1785 1
1786 0
1787 1
1788 0
1789 0
1790 0
1791 0
1792 0
1793 0
1794 0
1795 0
1796 1
1797 1
1798 0
1799 0
1800 0
1801 1
1802 0
1803 1
1804 0
1805 0
1806 1
1807 1
1808 1
1809 1
1810 0
1811 1
1812 1
1813 1
1814 0
1815 0
1816 1
1817 1
1818 0
1819 0
1820 1
1821 0
1822 0
1823 0
1824 1
1825 1
1826 0
1827 0
1828 0
1829 0
1830 1
1831 0
1832 0
1833 0
1834 1
1835 1
1836 1
1837 0
1838 0
1839 0
1840 1
1841 0
1842 1
1843 1
1844 1
1845 0
1846 1
1847 1
1848 1
1849 1
1850 0
1851 1
1852 1
1853 1
1854 1
1855 1
1856 0
1857 1
1858 0
1859 0
1860 1
1861 0
1862 0
1863 1
1864 1
1865 1
1866 1
1867 0
1868 0
1869 1
1870 0
1871 0
1872 0
1873 1
1874 0
1875 0
1876 1
1877 1
1878 0
1879 1
1880 0
1881 0
1882 1
1883 0
1884 0
1885 1
1886 0
1887 0
1888 1
1889 0
1890 1
1891 1
1892 1
1893 1
1894 0
1895 0
1896 1
1897 0
1898 1
1899 1
1900 0
1901 1
1902 0
1903 1
1904 0
1905 0
1906 0
1907 0
1908 1
1909 0
1910 0
1911 0
1912 0
1913 0
1914 1
1915 1
1916 0
1917 1
1918 1
1919 1
1920 0
1921 1
1922 0
1923 1
1924 0
1925 1
1926 0
1927 0
1928 1
1929 0
1930 1
1931 1
1932 1
1933 0
1934 0
1935 1
1936 1
1937 0
1938 0
1939 1
1940 0
1941 0
1942 0
1943 0
1944 1
1945 1
1946 0
1947 0
1948 0
1949 1
1950 1
1951 0
1952 1
1953 0
1954 1
1955 1
1956 0
1957 0
1958 0
1959 0
1960 1
1961 1
1962 0
1963 1
1964 0
1965 1
1966 1
1967 0
1968 1
1969 1
1970 1
1971 0
1972 1
1973 1
1974 0
1975 1
1976 1
1977 1
1978 0
1979 0
1980 0
1981 1
1982 1
1983 1
1984 1
1985 1
1986 1
1987 1
1988 1
1989 0
1990 1
1991 0
1992 1
1993 1
1994 1
1995 0
1996 1
1997 1
1998 1
1999 1
2000 1
2001 0
2002 0
2003 0
2004 0
2005 0
2006 1
2007 0
2008 0
2009 1
2010 0
2011 1
2012 1
2013 0
2014 0
2015 1
2016 1
2017 0
2018 0
2019 0
2020 1
2021 0
2022 1
2023 1
2024 1
2025 0
2026 1
2027 1
2028 0
2029 1
2030 0
2031 1
2032 0
2033 0
2034 0
2035 1
2036 0
2037 0
2038 0
2039 0
2040 0
2041 0
2042 0
2043 0
2044 0
2045 1
2046 1
2047 0
2048 0
2049 0
2050 0
2051 1
2052 1
2053 1
2054 0
2055 1
2056 0
2057 0
2058 0
2059 1
2060 1
2061 1
2062 0
2063 0
2064 1
2065 1
2066 0
2067 1
2068 0
2069 1
2070 1
2071 1
2072 0
2073 1
2074 1
2075 0
2076 1
2077 0
2078 0
2079 1
2080 0
2081 1
2082 0
2083 1
2084 0
2085 1
2086 1
2087 0
2088 1
2089 0
2090 1
2091 0
2092 0
2093 0
2094 0
2095 1
2096 1
2097 1
2098 1
2099 1
2100 1
2101 0
2102 1
2103 1
2104 1
2105 0
2106 1
2107 1
2108 1
2109 0
2110 1
2111 1
2112 1
2113 0
2114 0
2115 0
2116 1
2117 0
2118 0
2119 1
2120 1
2121 0
2122 1
2123 0
2124 0
2125 1
2126 1
2127 1
2128 0
2129 1
2130 1
2131 1
2132 0
2133 0
2134 1
2135 0
2136 0
2137 1
2138 1
2139 1
2140 1
2141 0
2142 0
2143 1
2144 1
2145 0
2146 1
2147 1
2148 1
2149 0
2150 1
2151 0
2152 0
2153 1
2154 1
2155 1
2156 0
2157 1
2158 1
2159 1
2160 0
2161 0
2162 0
2163 0
2164 1
2165 1
2166 0
2167 1
2168 1
2169 0
2170 0
2171 1
2172 1
2173 1
2174 0
2175 0
2176 1
2177 1
2178 1
2179 0
2180 0
2181 1
2182 1
2183 1
2184 1
2185 0
2186 0
2187 0
2188 1
2189 0
2190 1
2191 1
2192 0
2193 0
2194 0
2195 1
2196 0
2197 0
2198 0
2199 0
2200 1
2201 1
2202 0
2203 0
2204 1
2205 0
2206 1
2207 1
2208 0
2209 0
2210 0
2211 1
2212 1
2213 0
2214 1
2215 1
2216 0
2217 1
2218 0
2219 1
2220 0
2221 0
2222 1
2223 0
2224 1
2225 0
2226 0
2227 0
2228 1
2229 0
2230 1
2231 1
2232 1
2233 0
2234 0
2235 1
2236 0
2237 0
2238 1
2239 1
2240 1
2241 0
2242 1
2243 0
2244 0
2245 0
2246 1
2247 0
2248 0
2249 0
2250 0
2251 0
2252 1
2253 1
2254 0
2255 0
2256 0
2257 1
2258 0
2259 1
2260 0
2261 0
2262 0
2263 1
2264 1
2265 0
2266 0
2267 0
2268 1
2269 0
2270 1
2271 1
2272 0
2273 0
2274 1
2275 0
2276 1
2277 1
2278 1
2279 0
2280 1
2281 1
2282 1
2283 0
2284 1
2285 1
2286 1
2287 1
2288 1
2289 1
2290 1
2291 1
2292 1
2293 1
2294 1
2295 0
2296 0
2297 1
2298 1
2299 1
2300 1
2301 1
2302 1
2303 1
2304 0
2305 1
2306 1
2307 0
2308 0
2309 0
2310 1
2311 1
2312 1
2313 1
2314 1
2315 1
2316 1
2317 0
2318 0
2319 1
2320 1
2321 1
2322 0
2323 1
2324 0
2325 0
2326 1
2327 1
2328 1
2329 1
2330 0
2331 1
2332 1
2333 1
2334 0
2335 1
2336 0
2337 1
2338 0
2339 1
2340 0
2341 1
2342 0
2343 1
2344 1
2345 1
2346 1
2347 1
2348 0
2349 1
2350 0
2351 0
2352 0
2353 0
2354 0
2355 1
2356 1
2357 1
2358 1
2359 1
2360 1
2361 0
2362 1
2363 1
2364 1
2365 1
2366 0
2367 1
2368 1
2369 1
2370 0
2371 1
2372 1
2373 1
2374 1
2375 1
2376 0
2377 1
2378 0
2379 1
2380 1
2381 0
2382 0
2383 1
2384 0
2385 0
2386 1
2387 0
2388 1
2389 0
2390 1
2391 0
2392 0
2393 1
2394 1
2395 1
2396 1
2397 0
2398 1
2399 0
2400 0
2401 1
2402 0
2403 1
2404 0
2405 0
2406 1
2407 1
2408 0
2409 0
2410 1
2411 1
2412 0
2413 1
2414 0
2415 1
2416 1
2417 1
2418 0
2419 0
2420 0
2421 0
2422 0
2423 1
2424 0
2425 1
2426 1
2427 1
2428 0
2429 1
2430 1
2431 1
2432 0
2433 0
2434 1
2435 1
2436 0
2437 1
2438 0
2439 1
2440 0
2441 1
2442 0
2443 1
2444 1
2445 1
2446 0
2447 0
2448 1
2449 0
2450 1
2451 0
2452 0
2453 0
2454 1
2455 1
2456 0
2457 1
2458 1
2459 1
2460 1
2461 1
2462 1
2463 1
2464 1
2465 1
2466 1
2467 0
2468 0
2469 1
2470 1
2471 1
2472 1
2473 1
2474 1
2475 1
2476 0
2477 1
2478 0
2479 1
2480 0
2481 1
2482 1
2483 1
2484 0
2485 0
2486 1
2487 1
2488 1
2489 0
2490 1
2491 1
2492 1
2493 1
2494 0
2495 0
2496 0
2497 0
2498 0
2499 0
2500 1
2501 1
2502 1
2503 1
2504 1
2505 1
2506 0
2507 0
2508 1
2509 0
2510 1
2511 0
2512 1
2513 1
2514 1
2515 1
2516 0
2517 0
2518 1
2519 0
2520 1
2521 1
2522 1
2523 0
2524 1
2525 1
2526 1
2527 1
2528 0
2529 1
2530 0
2531 1
2532 0
2533 1
2534 1
2535 0
2536 1
2537 1
2538 0
2539 1
2540 0
2541 0
2542 1
2543 1
2544 0
2545 1
2546 1
2547 1
2548 1
2549 1
2550 1
2551 0
2552 1
2553 0
2554 0
2555 1
2556 1
2557 0
2558 1
2559 1
2560 1
2561 1
2562 1
2563 1
2564 1
2565 1
2566 1
2567 0
2568 1
2569 1
2570 1
2571 0
2572 0
2573 0
2574 1
2575 1
2576 1
2577 1
2578 0
2579 1
2580 0
2581 1
2582 1
2583 1
2584 1
2585 1
2586 1
2587 1
2588 1
2589 0
2590 0
2591 0
2592 1
2593 1
2594 0
2595 1
2596 1
2597 1
2598 1
2599 1
2600 1
2601 0
2602 1
2603 0
2604 1
2605 1
2606 1
2607 1
2608 1
2609 1
2610 1
2611 0
2612 1
2613 1
2614 1
2615 1
2616 1
2617 1
2618 0
2619 1
2620 0
2621 0
2622 1
2623 1
2624 0
2625 0
2626 0
2627 1
2628 1
2629 1
2630 1
2631 1
2632 1
2633 1
2634 1
2635 0
2636 0
2637 0
2638 1
2639 0
2640 1
2641 1
2642 0
2643 1
2644 0
2645 1
2646 1
2647 0
2648 1
2649 0
2650 1
2651 1
2652 1
2653 1
2654 0
2655 1
2656 0
2657 0
2658 1
2659 0
2660 1
2661 1
2662 0
2663 1
2664 1
2665 1
2666 1
2667 0
2668 1
2669 1
2670 0
2671 1
2672 1
2673 0
2674 1
2675 0
2676 1
2677 1
2678 1
2679 1
2680 1
2681 1
2682 1
2683 0
2684 1
2685 1
2686 1
2687 1
2688 0
2689 1
2690 1
2691 1
2692 0
2693 1
2694 0
2695 1
2696 1
2697 1
2698 1
2699 1
2700 1
2701 1
2702 1
2703 1
2704 0
2705 0
2706 1
2707 1
2708 1
2709 0
2710 1
2711 0
2712 0
2713 0
2714 1
2715 1
2716 1
2717 1
2718 1
2719 1
2720 1
2721 0
2722 1
2723 1
2724 1
2725 1
2726 1
2727 1
2728 0
2729 1
2730 0
2731 1
2732 1
2733 1
2734 1
2735 1
2736 0
2737 1
2738 1
2739 1
2740 0
2741 0
2742 0
2743 1
2744 1
2745 1
2746 0
2747 1
2748 1
2749 1
2750 1
2751 1
2752 1
2753 1
2754 1
2755 1
2756 0
2757 1
2758 1
2759 1
2760 1
2761 1
2762 1
2763 0
2764 1
2765 1
2766 1
2767 1
2768 1
2769 1
2770 1
2771 1
2772 1
2773 0
2774 1
2775 1
2776 1
2777 0
2778 1
2779 0
2780 1
2781 1
2782 1
2783 1
2784 0
2785 1
2786 1
2787 1
2788 1
2789 0
2790 0
2791 1
2792 1
2793 0
2794 1
2795 1
2796 1
2797 0
2798 1
2799 1
2800 1
2801 0
2802 1
2803 1
2804 0
2805 1
2806 1
2807 0
2808 1
2809 1
2810 0
2811 0
2812 1
2813 1
2814 0
2815 1
2816 0
2817 1
2818 1
2819 1
2820 1
2821 1
2822 1
2823 1
2824 1
2825 1
2826 1
2827 1
2828 1
2829 0
2830 1
2831 0
2832 1
2833 1
2834 1
2835 0
2836 1
2837 1
2838 1
2839 0
2840 1
2841 1
2842 1
2843 1
2844 1
2845 1
2846 1
2847 1
2848 1
2849 1
2850 1
2851 0
2852 1
2853 0
2854 1
2855 1
2856 1
2857 1
2858 1
2859 1
2860 1
2861 1
2862 1
2863 0
2864 1
2865 1
2866 1
2867 1
2868 1
2869 1
2870 1
2871 1
2872 1
2873 0
2874 1
2875 1
2876 1
2877 1
2878 1
2879 1
2880 0
2881 1
2882 1
2883 1
2884 0
2885 1
2886 0
2887 1
2888 1
2889 0
2890 1
2891 1
2892 1
2893 1
2894 0
2895 1
2896 1
2897 1
2898 1
2899 1
2900 1
2901 1
2902 1
2903 1
2904 1
2905 0
2906 1
2907 0
2908 1
2909 1
2910 1
2911 1
2912 1
2913 1
2914 0
2915 1
2916 0
2917 1
2918 1
2919 1
2920 1
2921 1
2922 1
2923 1
2924 0
2925 0
2926 1
2927 1
2928 1
2929 1
2930 1
2931 1
2932 0
2933 0
2934 0
2935 1
2936 1
2937 1
2938 1
2939 1
2940 0
2941 1
2942 1
2943 1
2944 1
2945 1
2946 0
2947 0
2948 0
2949 1
2950 1
2951 0
2952 0
2953 1
2954 1
2955 1
2956 1
2957 0
2958 1
2959 1
2960 0
2961 0
2962 1
2963 1
2964 0
2965 1
2966 1
2967 1
2968 1
2969 0
2970 1
2971 0
2972 1
2973 1
2974 1
2975 1
2976 1
2977 1
2978 1
2979 1
2980 1
2981 1
2982 1
2983 0
2984 1
2985 1
2986 0
2987 1
2988 1
2989 1
2990 1
2991 1
2992 1
2993 1
2994 1
2995 1
2996 1
2997 1
2998 1
2999 1
3000 0
3001 1
3002 1
3003 1
3004 1
3005 1
3006 0
3007 0
3008 1
3009 1
3010 1
3011 1
3012 1
3013 1
3014 1
3015 1
3016 1
3017 0
3018 1
3019 1
3020 1
3021 1
3022 1
3023 1
3024 1
3025 1
3026 1
3027 1
3028 1
3029 1
3030 1
3031 1
3032 1
3033 1
3034 1
3035 1
3036 1
3037 1
3038 0
3039 0
3040 1
3041 1
3042 0
3043 1
3044 1
3045 1
3046 1
3047 1
3048 1
3049 1
3050 1
3051 1
3052 1
3053 1
3054 0
3055 1
3056 1
3057 1
3058 1
3059 1
3060 1
3061 1
3062 1
3063 1
3064 0
3065 1
3066 1
3067 1
3068 1
3069 1
3070 1
3071 1
3072 1
3073 1
3074 1
3075 1
3076 1
3077 1
3078 1
3079 1
3080 1
3081 1
3082 1
3083 1
3084 1
3085 1
3086 1
3087 1
3088 1
3089 0
3090 1
3091 1
3092 0
3093 1
3094 1
3095 1
3096 1
3097 1
3098 1
3099 0
3100 1
3101 1
3102 1
3103 1
3104 0
3105 1
3106 1
3107 0
3108 1
3109 1
3110 1
3111 1
3112 1
3113 0
3114 1
3115 1
3116 1
3117 1
3118 1
3119 1
3120 1
3121 1
3122 0
3123 0
3124 1
3125 1
3126 0
3127 1
3128 1
3129 1
3130 1
3131 1
3132 1
3133 0
3134 1
3135 1
3136 1
3137 1
3138 1
3139 1
3140 1
3141 0
3142 0
3143 1
3144 1
3145 0
3146 1
3147 1
3148 0
3149 1
3150 1
3151 1
3152 1
3153 1
3154 1
3155 1
3156 1
3157 0
3158 1
3159 1
3160 0
3161 0
3162 1
3163 1
3164 1
3165 1
3166 1
3167 1
3168 1
3169 1
3170 1
3171 1
3172 1
3173 1
3174 1
3175 1
3176 1
3177 1
3178 1
3179 1
3180 1
3181 0
3182 1
3183 1
3184 1
3185 1
3186 1
3187 1
3188 1
3189 1
3190 0
3191 1
3192 1
3193 1
3194 0
3195 1
3196 1
3197 1
3198 1
3199 1
3200 1
3201 1
3202 1
3203 1
3204 0
3205 0
3206 1
3207 1
3208 1
3209 1
3210 1
3211 1
3212 1
3213 1
3214 1
3215 1
3216 1
3217 1
3218 1
3219 1
3220 1
3221 0
3222 1
3223 1
3224 0
3225 1
3226 1
3227 1
3228 1
3229 1
3230 1
3231 0
3232 1
3233 1
3234 0
3235 1
3236 1
3237 1
3238 1
3239 1
3240 1
3241 1
3242 0
3243 1
3244 1
3245 1
3246 0
3247 0
3248 1
3249 1
3250 1
3251 1
3252 0
3253 1
3254 1
3255 1
3256 1
3257 1
3258 1
3259 1
3260 1
3261 1
3262 1
3263 1
3264 1
3265 1
3266 1
3267 1
3268 1
3269 1
3270 1
3271 1
3272 1
3273 1
3274 1
3275 1
3276 1
3277 1
3278 0
3279 1
3280 1
3281 1
3282 1
3283 1
3284 0
3285 1
3286 1
3287 1
3288 1
3289 1
3290 1
3291 1
3292 1
3293 1
3294 1
3295 0
3296 1
3297 0
3298 1
3299 1
3300 1
3301 1
3302 1
3303 1
3304 1
3305 1
3306 1
3307 1
3308 1
3309 1
3310 0
3311 0
3312 1
3313 1
3314 1
3315 1
3316 0
3317 0
3318 1
3319 1
3320 1
3321 1
3322 1
3323 0
3324 1
3325 1
3326 1
3327 1
3328 1
3329 0
3330 1
3331 1
3332 1
3333 0
3334 1
3335 1
3336 1
3337 1
3338 1
3339 0
3340 1
3341 1
3342 1
3343 1
3344 1
3345 1
3346 1
3347 0
3348 1
3349 1
3350 1
3351 1
3352 1
3353 0
3354 1
3355 1
3356 1
3357 1
3358 0
3359 1
3360 1
3361 1
3362 1
3363 1
3364 0
3365 1
3366 0
3367 1
3368 1
3369 1
3370 0
3371 1
3372 1
3373 0
3374 1
3375 1
3376 1
3377 1
3378 1
3379 1
3380 1
3381 1
3382 1
3383 1
3384 1
3385 1
3386 1
3387 1
3388 1
3389 1
3390 1
3391 1
3392 1
3393 1
3394 1
3395 1
3396 1
3397 1
3398 1
3399 1
3400 1
3401 1
3402 1
3403 1
3404 1
3405 1
3406 1
3407 1
