user_ID user_no label
1 0 0
2 1 0
3 2 0
4 3 0
5 4 0
6 5 0
7 6 0
8 7 0
9 8 0
10 9 0
11 10 0
12 11 0
13 12 0
14 13 0
15 14 0
16 15 0
17 16 0
18 17 0
19 18 0
20 19 0
21 20 0
22 21 0
23 22 0
24 23 0
25 24 0
26 25 0
27 26 0
28 27 0
29 28 0
30 29 0
31 30 0
32 31 0
33 32 0
34 33 0
35 34 0
36 35 0
37 36 0
38 37 0
39 38 0
40 39 0
41 40 0
42 41 0
43 42 0
44 43 0
45 44 0
46 45 0
47 46 0
48 47 0
49 48 0
50 49 0
51 50 0
52 51 0
53 52 0
54 53 0
55 54 0
56 55 0
57 56 0
58 57 0
59 58 0
60 59 0
61 60 0
62 61 0
63 62 0
64 63 0
65 64 0
66 65 0
67 66 0
68 67 0
69 68 0
70 69 0
71 70 0
72 71 0
73 72 0
74 73 0
75 74 0
76 75 0
77 76 0
78 77 0
79 78 0
80 79 0
81 80 0
82 81 0
83 82 0
84 83 0
85 84 0
86 85 0
87 86 0
88 87 0
89 88 0
90 89 0
91 90 0
92 91 0
93 92 0
94 93 0
95 94 0
96 95 0
97 96 0
98 97 0
99 98 0
100 99 0
101 100 0
102 101 0
103 102 1
104 103 0
105 104 0
106 105 0
107 106 0
108 107 0
109 108 0
110 109 0
111 110 0
112 111 0
113 112 0
114 113 0
115 114 0
116 115 0
117 116 0
118 117 0
119 118 0
120 119 0
121 120 0
122 121 0
123 122 0
124 123 0
125 124 0
126 125 0
127 126 0
128 127 0
129 128 0
130 129 0
131 130 0
132 131 0
133 132 0
134 133 0
135 134 0
136 135 0
137 136 0
138 137 0
139 138 0
140 139 0
141 140 0
142 141 0
143 142 0
144 143 0
145 144 0
146 145 0
147 146 0
148 147 0
149 148 0
150 149 0
151 150 0
152 151 0
153 152 0
154 153 0
155 154 0
156 155 0
157 156 0
158 157 0
159 158 0
160 159 0
161 160 0
162 161 0
163 162 0
164 163 0
165 164 0
166 165 0
167 166 0
168 167 0
169 168 0
170 169 0
171 170 0
172 171 0
173 172 0
174 173 0
175 174 0
176 175 0
177 176 0
178 177 0
179 178 0
180 179 0
181 180 0
182 181 0
183 182 0
184 183 0
185 184 0
186 185 0
187 186 0
188 187 0
189 188 0
190 189 0
191 190 0
192 191 0
193 192 0
194 193 0
195 194 0
196 195 0
197 196 0
198 197 0
199 198 0
200 199 1
201 200 0
202 201 0
203 202 0
204 203 0
205 204 0
206 205 0
207 206 0
208 207 0
209 208 0
210 209 0
211 210 0
212 211 0
213 212 0
214 213 0
215 214 0
216 215 0
217 216 0
218 217 0
219 218 0
220 219 0
221 220 0
222 221 0
223 222 0
224 223 0
225 224 0
226 225 0
227 226 0
228 227 0
229 228 0
230 229 0
231 230 0
232 231 0
233 232 0
234 233 0
235 234 0
236 235 0
237 236 0
238 237 0
239 238 0
240 239 0
241 240 0
242 241 0
243 242 0
244 243 0
245 244 0
246 245 0
247 246 0
248 247 0
249 248 0
250 249 0
251 250 0
252 251 0
253 252 0
254 253 0
255 254 0
256 255 0
257 256 0
258 257 0
259 258 0
260 259 0
261 260 1
262 261 1
263 262 0
264 263 0
265 264 0
266 265 0
267 266 0
268 267 0
269 268 0
270 269 0
271 270 1
272 271 0
273 272 0
274 273 0
275 274 0
276 275 0
277 276 0
278 277 0
279 278 0
280 279 0
281 280 0
282 281 0
283 282 0
284 283 0
285 284 0
286 285 0
287 286 0
288 287 0
289 288 0
290 289 0
291 290 0
292 291 0
293 292 0
294 293 0
295 294 0
296 295 0
297 296 0
298 297 0
299 298 0
300 299 0
301 300 0
302 301 0
303 302 0
304 303 0
305 304 0
306 305 0
307 306 0
308 307 0
309 308 0
310 309 0
311 310 0
312 311 0
313 312 0
314 313 0
315 314 0
316 315 0
317 316 0
318 317 0
319 318 1
320 319 0
321 320 0
322 321 0
323 322 0
324 323 0
325 324 0
326 325 0
327 326 0
328 327 0
329 328 0
330 329 0
331 330 0
332 331 0
333 332 0
334 333 0
335 334 0
336 335 0
337 336 0
338 337 0
339 338 0
340 339 0
341 340 0
342 341 0
343 342 0
344 343 0
345 344 0
346 345 0
347 346 0
348 347 0
349 348 0
350 349 0
351 350 0
352 351 0
353 352 0
354 353 0
355 354 0
356 355 0
357 356 0
358 357 0
359 358 0
360 359 0
361 360 1
362 361 0
363 362 0
364 363 0
365 364 0
366 365 0
367 366 0
368 367 0
369 368 0
370 369 0
371 370 0
372 371 0
373 372 0
374 373 0
375 374 0
376 375 0
377 376 0
378 377 0
379 378 0
380 379 0
381 380 0
382 381 0
383 382 0
384 383 0
385 384 0
386 385 0
387 386 0
388 387 0
389 388 0
390 389 0
391 390 0
392 391 0
393 392 0
394 393 0
395 394 0
396 395 0
397 396 0
398 397 0
399 398 0
400 399 0
401 400 0
402 401 0
403 402 0
404 403 0
405 404 0
406 405 0
407 406 0
408 407 0
409 408 0
410 409 0
411 410 1
412 411 0
413 412 0
414 413 0
415 414 0
416 415 0
417 416 0
418 417 1
419 418 0
420 419 0
421 420 0
422 421 0
423 422 0
424 423 1
425 424 0
426 425 0
427 426 0
428 427 0
429 428 0
430 429 0
431 430 0
432 431 0
433 432 0
434 433 0
435 434 0
436 435 0
437 436 0
438 437 0
439 438 0
440 439 0
441 440 0
442 441 0
443 442 0
444 443 0
445 444 0
446 445 1
447 446 0
448 447 0
449 448 0
450 449 1
451 450 0
452 451 0
453 452 0
454 453 0
455 454 0
456 455 0
457 456 0
458 457 0
459 458 0
460 459 0
461 460 0
462 461 0
463 462 0
464 463 0
465 464 0
466 465 0
467 466 0
468 467 0
469 468 0
470 469 0
471 470 0
472 471 0
473 472 0
474 473 0
475 474 0
476 475 0
477 476 0
478 477 0
479 478 0
480 479 0
481 480 0
482 481 0
483 482 0
484 483 0
485 484 0
486 485 0
487 486 0
488 487 0
489 488 0
490 489 0
491 490 0
492 491 0
493 492 0
494 493 0
495 494 0
496 495 0
497 496 0
498 497 0
499 498 0
500 499 0
501 500 0
502 501 0
503 502 0
504 503 0
505 504 1
506 505 0
507 506 0
508 507 0
509 508 0
510 509 0
511 510 0
512 511 0
513 512 0
514 513 0
515 514 0
516 515 0
517 516 0
518 517 0
519 518 0
520 519 0
521 520 0
522 521 0
523 522 0
524 523 0
525 524 0
526 525 0
527 526 0
528 527 0
529 528 0
530 529 1
531 530 0
532 531 0
533 532 0
534 533 0
535 534 0
536 535 0
537 536 0
538 537 0
539 538 0
540 539 0
541 540 0
542 541 0
543 542 0
544 543 1
545 544 0
546 545 0
547 546 0
548 547 0
549 548 0
550 549 0
551 550 0
552 551 1
553 552 1
554 553 0
555 554 0
556 555 0
557 556 0
558 557 0
559 558 0
560 559 0
561 560 0
562 561 0
563 562 0
564 563 0
565 564 0
566 565 0
567 566 0
568 567 0
569 568 0
570 569 0
571 570 1
572 571 0
573 572 0
574 573 0
575 574 0
576 575 0
577 576 0
578 577 0
579 578 0
580 579 0
581 580 1
582 581 0
583 582 0
584 583 0
585 584 0
586 585 0
587 586 1
588 587 1
589 588 1
590 589 0
591 590 0
592 591 0
593 592 0
594 593 0
595 594 1
596 595 0
597 596 0
598 597 0
599 598 0
600 599 0
601 600 0
602 601 0
603 602 0
604 603 0
605 604 0
606 605 0
607 606 0
608 607 0
609 608 0
610 609 0
611 610 1
612 611 0
613 612 0
614 613 0
615 614 0
616 615 0
617 616 0
618 617 0
619 618 0
620 619 0
621 620 0
622 621 1
623 622 0
624 623 0
625 624 0
626 625 0
627 626 0
628 627 0
629 628 0
630 629 0
631 630 0
632 631 0
633 632 0
634 633 0
635 634 0
636 635 0
637 636 0
638 637 1
639 638 0
640 639 0
641 640 0
642 641 0
643 642 0
644 643 1
645 644 1
646 645 0
647 646 0
648 647 0
649 648 0
650 649 1
651 650 0
652 651 0
653 652 0
654 653 1
655 654 0
656 655 0
657 656 0
658 657 0
659 658 1
660 659 0
661 660 0
662 661 0
663 662 0
664 663 0
665 664 1
666 665 0
667 666 0
668 667 0
669 668 0
670 669 1
671 670 0
672 671 0
673 672 0
674 673 0
675 674 0
676 675 1
677 676 0
678 677 0
679 678 0
680 679 0
681 680 0
682 681 0
683 682 0
684 683 0
685 684 0
686 685 0
687 686 0
688 687 1
689 688 0
690 689 0
691 690 1
692 691 0
693 692 1
694 693 0
695 694 0
696 695 0
697 696 0
698 697 0
699 698 0
700 699 0
701 700 0
702 701 0
703 702 0
704 703 0
705 704 0
706 705 0
707 706 0
708 707 0
709 708 0
710 709 0
711 710 0
712 711 0
713 712 0
714 713 0
715 714 0
716 715 0
717 716 0
718 717 0
719 718 0
720 719 0
721 720 0
722 721 0
723 722 0
724 723 0
725 724 0
726 725 0
727 726 0
728 727 0
729 728 0
730 729 1
731 730 0
732 731 1
733 732 0
734 733 0
735 734 0
736 735 0
737 736 0
738 737 0
739 738 0
740 739 1
741 740 0
742 741 0
743 742 0
744 743 0
745 744 0
746 745 1
747 746 0
748 747 0
749 748 0
750 749 0
751 750 1
752 751 0
753 752 0
754 753 0
755 754 1
756 755 0
757 756 0
758 757 0
759 758 0
760 759 0
761 760 0
762 761 0
763 762 0
764 763 0
765 764 0
766 765 0
767 766 0
768 767 0
769 768 0
770 769 0
771 770 0
772 771 0
773 772 0
774 773 0
775 774 1
776 775 0
777 776 1
778 777 0
779 778 0
780 779 0
781 780 0
782 781 1
783 782 0
784 783 0
785 784 0
786 785 0
787 786 0
788 787 0
789 788 1
790 789 1
791 790 0
792 791 0
793 792 0
794 793 0
795 794 0
796 795 0
797 796 0
798 797 0
799 798 0
800 799 0
801 800 0
802 801 0
803 802 0
804 803 0
805 804 0
806 805 0
807 806 1
808 807 0
809 808 0
810 809 0
811 810 0
812 811 0
813 812 0
814 813 0
815 814 1
816 815 0
817 816 1
818 817 0
819 818 0
820 819 0
821 820 0
822 821 0
823 822 0
824 823 0
825 824 0
826 825 0
827 826 0
828 827 1
829 828 0
830 829 1
831 830 1
832 831 0
833 832 0
834 833 0
835 834 0
836 835 1
837 836 0
838 837 0
839 838 0
840 839 1
841 840 0
842 841 0
843 842 0
844 843 0
845 844 0
846 845 0
847 846 0
848 847 0
849 848 0
850 849 0
851 850 0
852 851 0
853 852 0
854 853 0
855 854 0
856 855 1
857 856 0
858 857 0
859 858 1
860 859 0
861 860 0
862 861 0
863 862 0
864 863 0
865 864 0
866 865 0
867 866 0
868 867 0
869 868 0
870 869 1
871 870 0
872 871 1
873 872 0
874 873 0
875 874 0
876 875 0
877 876 1
878 877 1
879 878 0
880 879 0
881 880 1
882 881 1
883 882 0
884 883 0
885 884 0
886 885 1
887 886 0
888 887 0
889 888 0
890 889 0
891 890 0
892 891 0
893 892 1
894 893 0
895 894 0
896 895 0
897 896 0
898 897 0
899 898 0
900 899 0
901 900 0
902 901 0
903 902 0
904 903 0
905 904 0
906 905 0
907 906 0
908 907 0
909 908 0
910 909 0
911 910 0
912 911 0
913 912 1
914 913 0
915 914 0
916 915 1
917 916 0
918 917 0
919 918 1
920 919 0
921 920 1
922 921 1
923 922 0
924 923 0
925 924 1
926 925 0
927 926 0
928 927 0
929 928 1
930 929 0
931 930 0
932 931 0
933 932 0
934 933 1
935 934 0
936 935 0
937 936 0
938 937 0
939 938 0
940 939 0
941 940 0
942 941 1
943 942 0
944 943 0
945 944 0
946 945 0
947 946 1
948 947 1
949 948 1
950 949 0
951 950 1
952 951 0
953 952 0
954 953 0
955 954 0
956 955 0
957 956 0
958 957 0
959 958 1
960 959 1
961 960 0
962 961 0
963 962 0
964 963 0
965 964 0
966 965 0
967 966 0
968 967 0
969 968 0
970 969 0
971 970 0
972 971 1
973 972 1
974 973 0
975 974 0
976 975 0
977 976 0
978 977 1
979 978 1
980 979 0
981 980 0
982 981 1
983 982 1
984 983 0
985 984 1
986 985 0
987 986 0
988 987 0
989 988 0
990 989 0
991 990 0
992 991 0
993 992 0
994 993 0
995 994 0
996 995 0
997 996 0
998 997 1
999 998 0
1000 999 0
1001 1000 0
1002 1001 0
1003 1002 0
1004 1003 1
1005 1004 0
1006 1005 0
1007 1006 0
1008 1007 0
1009 1008 0
1010 1009 0
1011 1010 0
1012 1011 0
1013 1012 0
1014 1013 0
1015 1014 0
1016 1015 0
1017 1016 0
1018 1017 0
1019 1018 1
1020 1019 0
1021 1020 0
1022 1021 0
1023 1022 1
1024 1023 0
1025 1024 0
1026 1025 0
1027 1026 0
1028 1027 0
1029 1028 0
1030 1029 0
1031 1030 0
1032 1031 1
1033 1032 1
1034 1033 0
1035 1034 0
1036 1035 0
1037 1036 0
1038 1037 0
1039 1038 0
1040 1039 1
1041 1040 0
1042 1041 0
1043 1042 0
1044 1043 1
1045 1044 0
1046 1045 0
1047 1046 1
1048 1047 0
1049 1048 0
1050 1049 0
1051 1050 0
1052 1051 0
1053 1052 0
1054 1053 0
1055 1054 0
1056 1055 0
1057 1056 0
1058 1057 0
1059 1058 0
1060 1059 0
1061 1060 1
1062 1061 1
1063 1062 1
1064 1063 0
1065 1064 0
1066 1065 0
1067 1066 0
1068 1067 1
1069 1068 0
1070 1069 1
1071 1070 0
1072 1071 1
1073 1072 0
1074 1073 0
1075 1074 1
1076 1075 0
1077 1076 1
1078 1077 0
1079 1078 0
1080 1079 0
1081 1080 1
1082 1081 0
1083 1082 0
1084 1083 1
1085 1084 0
1086 1085 1
1087 1086 0
1088 1087 0
1089 1088 0
1090 1089 1
1091 1090 0
1092 1091 0
1093 1092 0
1094 1093 1
1095 1094 0
1096 1095 0
1097 1096 1
1098 1097 0
1099 1098 0
1100 1099 0
1101 1100 0
1102 1101 0
1103 1102 0
1104 1103 1
1105 1104 0
1106 1105 0
1107 1106 0
1108 1107 0
1109 1108 0
1110 1109 0
1111 1110 1
1112 1111 1
1113 1112 1
1114 1113 0
1115 1114 0
1116 1115 1
1117 1116 1
1118 1117 1
1119 1118 0
1120 1119 0
1121 1120 0
1122 1121 0
1123 1122 0
1124 1123 1
1125 1124 1
1126 1125 1
1127 1126 0
1128 1127 0
1129 1128 1
1130 1129 1
1131 1130 0
1132 1131 0
1133 1132 0
1134 1133 0
1135 1134 1
1136 1135 1
1137 1136 0
1138 1137 1
1139 1138 0
1140 1139 0
1141 1140 0
1142 1141 1
1143 1142 0
1144 1143 0
1145 1144 1
1146 1145 0
1147 1146 1
1148 1147 1
1149 1148 1
1150 1149 1
1151 1150 0
1152 1151 1
1153 1152 0
1154 1153 1
1155 1154 1
1156 1155 0
1157 1156 1
1158 1157 0
1159 1158 0
1160 1159 0
1161 1160 0
1162 1161 0
1163 1162 0
1164 1163 0
1165 1164 1
1166 1165 1
1167 1166 1
1168 1167 0
1169 1168 0
1170 1169 0
1171 1170 0
1172 1171 0
1173 1172 0
1174 1173 0
1175 1174 0
1176 1175 0
1177 1176 0
1178 1177 1
1179 1178 0
1180 1179 1
1181 1180 0
1182 1181 0
1183 1182 0
1184 1183 0
1185 1184 0
1186 1185 1
1187 1186 0
1188 1187 0
1189 1188 0
1190 1189 0
1191 1190 0
1192 1191 0
1193 1192 1
1194 1193 0
1195 1194 0
1196 1195 1
1197 1196 0
1198 1197 0
1199 1198 0
1200 1199 0
1201 1200 0
1202 1201 0
1203 1202 0
1204 1203 0
1205 1204 1
1206 1205 0
1207 1206 1
1208 1207 0
1209 1208 0
1210 1209 0
1211 1210 0
1212 1211 0
1213 1212 1
1214 1213 0
1215 1214 0
1216 1215 0
1217 1216 0
1218 1217 0
1219 1218 0
1220 1219 1
1221 1220 0
1222 1221 0
1223 1222 0
1224 1223 1
1225 1224 1
1226 1225 0
1227 1226 0
1228 1227 1
1229 1228 0
1230 1229 0
1231 1230 1
1232 1231 0
1233 1232 0
1234 1233 0
1235 1234 0
1236 1235 1
1237 1236 0
1238 1237 1
1239 1238 0
1240 1239 0
1241 1240 0
1242 1241 0
1243 1242 1
1244 1243 0
1245 1244 1
1246 1245 0
1247 1246 0
1248 1247 0
1249 1248 0
1250 1249 0
1251 1250 1
1252 1251 0
1253 1252 1
1254 1253 0
1255 1254 0
1256 1255 0
1257 1256 1
1258 1257 0
1259 1258 0
1260 1259 1
1261 1260 0
1262 1261 1
1263 1262 1
1264 1263 0
1265 1264 1
1266 1265 1
1267 1266 0
1268 1267 0
1269 1268 0
1270 1269 1
1271 1270 1
1272 1271 0
1273 1272 0
1274 1273 0
1275 1274 0
1276 1275 0
1277 1276 0
1278 1277 1
1279 1278 0
1280 1279 0
1281 1280 0
1282 1281 0
1283 1282 1
1284 1283 0
1285 1284 1
1286 1285 0
1287 1286 0
1288 1287 1
1289 1288 0
1290 1289 0
1291 1290 0
1292 1291 1
1293 1292 0
1294 1293 0
1295 1294 0
1296 1295 1
1297 1296 1
1298 1297 0
1299 1298 0
1300 1299 0
1301 1300 1
1302 1301 0
1303 1302 1
1304 1303 0
1305 1304 0
1306 1305 0
1307 1306 0
1308 1307 0
1309 1308 1
1310 1309 0
1311 1310 0
1312 1311 0
1313 1312 1
1314 1313 0
1315 1314 0
1316 1315 1
1317 1316 0
1318 1317 1
1319 1318 0
1320 1319 1
1321 1320 1
1322 1321 1
1323 1322 0
1324 1323 0
1325 1324 0
1326 1325 0
1327 1326 0
1328 1327 0
1329 1328 0
1330 1329 0
1331 1330 1
1332 1331 0
1333 1332 0
1334 1333 0
1335 1334 1
1336 1335 1
1337 1336 1
1338 1337 0
1339 1338 0
1340 1339 0
1341 1340 0
1342 1341 0
1343 1342 1
1344 1343 1
1345 1344 0
1346 1345 0
1347 1346 0
1348 1347 1
1349 1348 1
1350 1349 1
1351 1350 0
1352 1351 0
1353 1352 1
1354 1353 0
1355 1354 0
1356 1355 0
1357 1356 1
1358 1357 0
1359 1358 1
1360 1359 0
1361 1360 0
1362 1361 0
1363 1362 0
1364 1363 0
1365 1364 1
1366 1365 0
1367 1366 0
1368 1367 1
1369 1368 0
1370 1369 0
1371 1370 0
1372 1371 1
1373 1372 0
1374 1373 1
1375 1374 0
1376 1375 0
1377 1376 0
1378 1377 0
1379 1378 0
1380 1379 1
1381 1380 0
1382 1381 0
1383 1382 0
1384 1383 1
1385 1384 0
1386 1385 0
1387 1386 1
1388 1387 0
1389 1388 0
1390 1389 0
1391 1390 1
1392 1391 1
1393 1392 0
1394 1393 0
1395 1394 1
1396 1395 1
1397 1396 0
1398 1397 0
1399 1398 0
1400 1399 1
1401 1400 0
1402 1401 1
1403 1402 0
1404 1403 0
1405 1404 1
1406 1405 1
1407 1406 0
1408 1407 0
1409 1408 0
1410 1409 0
1411 1410 0
1412 1411 1
1413 1412 1
1414 1413 0
1415 1414 1
1416 1415 1
1417 1416 0
1418 1417 1
1419 1418 1
1420 1419 0
1421 1420 1
1422 1421 0
1423 1422 0
1424 1423 0
1425 1424 0
1426 1425 1
1427 1426 0
1428 1427 0
1429 1428 0
1430 1429 0
1431 1430 0
1432 1431 0
1433 1432 0
1434 1433 1
1435 1434 0
1436 1435 0
1437 1436 0
1438 1437 0
1439 1438 1
1440 1439 1
1441 1440 1
1442 1441 1
1443 1442 0
1444 1443 1
1445 1444 1
1446 1445 0
1447 1446 0
1448 1447 1
1449 1448 1
1450 1449 0
1451 1450 1
1452 1451 1
1453 1452 1
1454 1453 1
1455 1454 0
1456 1455 1
1457 1456 0
1458 1457 0
1459 1458 0
1460 1459 1
1461 1460 0
1462 1461 1
1463 1462 0
1464 1463 0
1465 1464 0
1466 1465 1
1467 1466 0
1468 1467 0
1469 1468 0
1470 1469 1
1471 1470 1
1472 1471 0
1473 1472 1
1474 1473 1
1475 1474 1
1476 1475 0
1477 1476 1
1478 1477 0
1479 1478 0
1480 1479 1
1481 1480 0
1482 1481 0
1483 1482 1
1484 1483 0
1485 1484 0
1486 1485 1
1487 1486 1
1488 1487 1
1489 1488 0
1490 1489 1
1491 1490 0
1492 1491 0
1493 1492 0
1494 1493 0
1495 1494 0
1496 1495 0
1497 1496 1
1498 1497 0
1499 1498 0
1500 1499 1
1501 1500 1
1502 1501 0
1503 1502 1
1504 1503 0
1505 1504 0
1506 1505 1
1507 1506 0
1508 1507 1
1509 1508 0
1510 1509 0
1511 1510 1
1512 1511 0
1513 1512 0
1514 1513 0
1515 1514 1
1516 1515 0
1517 1516 0
1518 1517 0
1519 1518 0
1520 1519 1
1521 1520 0
1522 1521 1
1523 1522 1
1524 1523 0
1525 1524 0
1526 1525 0
1527 1526 0
1528 1527 1
1529 1528 1
1530 1529 0
1531 1530 0
1532 1531 0
1533 1532 1
1534 1533 0
1535 1534 0
1536 1535 1
1537 1536 1
1538 1537 0
1539 1538 0
1540 1539 0
1541 1540 0
1542 1541 0
1543 1542 0
1544 1543 0
1545 1544 0
1546 1545 0
1547 1546 0
1548 1547 0
1549 1548 0
1550 1549 0
1551 1550 1
1552 1551 1
1553 1552 1
1554 1553 1
1555 1554 1
1556 1555 0
1557 1556 1
1558 1557 1
1559 1558 0
1560 1559 1
1561 1560 1
1562 1561 0
1563 1562 0
1564 1563 0
1565 1564 0
1566 1565 0
1567 1566 1
1568 1567 0
1569 1568 1
1570 1569 1
1571 1570 1
1572 1571 0
1573 1572 0
1574 1573 0
1575 1574 0
1576 1575 1
1577 1576 1
1578 1577 0
1579 1578 0
1580 1579 1
1581 1580 1
1582 1581 1
1583 1582 0
1584 1583 0
1585 1584 1
1586 1585 1
1587 1586 0
1588 1587 1
1589 1588 1
1590 1589 0
1591 1590 1
1592 1591 0
1593 1592 0
1594 1593 0
1595 1594 0
1596 1595 0
1597 1596 0
1598 1597 0
1599 1598 1
1600 1599 1
1601 1600 0
1602 1601 0
1603 1602 0
1604 1603 0
1605 1604 0
1606 1605 1
1607 1606 0
1608 1607 1
1609 1608 0
1610 1609 0
1611 1610 1
1612 1611 0
1613 1612 1
1614 1613 0
1615 1614 0
1616 1615 1
1617 1616 0
1618 1617 1
1619 1618 0
1620 1619 1
1621 1620 0
1622 1621 0
1623 1622 0
1624 1623 0
1625 1624 1
1626 1625 0
1627 1626 0
1628 1627 0
1629 1628 1
1630 1629 1
1631 1630 0
1632 1631 1
1633 1632 1
1634 1633 1
1635 1634 0
1636 1635 0
1637 1636 0
1638 1637 1
1639 1638 1
1640 1639 1
1641 1640 0
1642 1641 1
1643 1642 0
1644 1643 0
1645 1644 1
1646 1645 0
1647 1646 0
1648 1647 0
1649 1648 1
1650 1649 1
1651 1650 0
1652 1651 1
1653 1652 0
1654 1653 1
1655 1654 0
1656 1655 0
1657 1656 0
1658 1657 0
1659 1658 1
1660 1659 0
1661 1660 0
1662 1661 0
1663 1662 1
1664 1663 0
1665 1664 0
1666 1665 0
1667 1666 0
1668 1667 0
1669 1668 0
1670 1669 1
1671 1670 0
1672 1671 0
1673 1672 1
1674 1673 0
1675 1674 1
1676 1675 0
1677 1676 0
1678 1677 1
1679 1678 0
1680 1679 1
1681 1680 0
1682 1681 1
1683 1682 0
1684 1683 1
1685 1684 0
1686 1685 0
1687 1686 0
1688 1687 0
1689 1688 1
1690 1689 0
1691 1690 0
1692 1691 1
1693 1692 0
1694 1693 0
1695 1694 1
1696 1695 1
1697 1696 0
1698 1697 1
1699 1698 1
1700 1699 0
1701 1700 0
1702 1701 0
1703 1702 1
1704 1703 1
1705 1704 1
1706 1705 0
1707 1706 0
1708 1707 1
1709 1708 0
1710 1709 0
1711 1710 1
1712 1711 1
1713 1712 1
1714 1713 1
1715 1714 0
1716 1715 0
1717 1716 0
1718 1717 1
1719 1718 1
1720 1719 1
1721 1720 0
1722 1721 0
1723 1722 1
1724 1723 1
1725 1724 1
1726 1725 1
1727 1726 0
1728 1727 0
1729 1728 1
1730 1729 1
1731 1730 0
1732 1731 0
1733 1732 0
1734 1733 0
1735 1734 0
1736 1735 1
1737 1736 1
1738 1737 0
1739 1738 0
1740 1739 1
1741 1740 0
1742 1741 0
1743 1742 1
1744 1743 0
1745 1744 1
1746 1745 0
1747 1746 1
1748 1747 1
1749 1748 0
1750 1749 0
1751 1750 0
1752 1751 0
1753 1752 0
1754 1753 1
1755 1754 0
1756 1755 0
1757 1756 0
1758 1757 1
1759 1758 0
1760 1759 1
1761 1760 1
1762 1761 0
1763 1762 1
1764 1763 0
1765 1764 0
1766 1765 1
1767 1766 1
1768 1767 0
1769 1768 0
1770 1769 1
1771 1770 1
1772 1771 0
1773 1772 0
1774 1773 0
1775 1774 0
1776 1775 0
1777 1776 1
1778 1777 1
1779 1778 0
1780 1779 0
1781 1780 1
1782 1781 1
1783 1782 1
1784 1783 1
1785 1784 0
1786 1785 1
1787 1786 0
1788 1787 1
1789 1788 0
1790 1789 0
1791 1790 0
1792 1791 0
1793 1792 0
1794 1793 0
1795 1794 0
1796 1795 0
1797 1796 1
1798 1797 1
1799 1798 0
1800 1799 0
1801 1800 0
1802 1801 1
1803 1802 0
1804 1803 1
1805 1804 0
1806 1805 0
1807 1806 1
1808 1807 1
1809 1808 1
1810 1809 1
1811 1810 0
1812 1811 1
1813 1812 1
1814 1813 1
1815 1814 0
1816 1815 0
1817 1816 1
1818 1817 1
1819 1818 0
1820 1819 0
1821 1820 1
1822 1821 0
1823 1822 0
1824 1823 0
1825 1824 1
1826 1825 1
1827 1826 0
1828 1827 0
1829 1828 0
1830 1829 0
1831 1830 1
1832 1831 0
1833 1832 0
1834 1833 0
1835 1834 1
1836 1835 1
1837 1836 1
1838 1837 0
1839 1838 0
1840 1839 0
1841 1840 1
1842 1841 0
1843 1842 1
1844 1843 1
1845 1844 1
1846 1845 0
1847 1846 1
1848 1847 1
1849 1848 1
1850 1849 1
1851 1850 0
1852 1851 1
1853 1852 1
1854 1853 1
1855 1854 1
1856 1855 1
1857 1856 0
1858 1857 1
1859 1858 0
1860 1859 0
1861 1860 1
1862 1861 0
1863 1862 0
1864 1863 1
1865 1864 1
1866 1865 1
1867 1866 1
1868 1867 0
1869 1868 0
1870 1869 1
1871 1870 0
1872 1871 0
1873 1872 0
1874 1873 1
1875 1874 0
1876 1875 0
1877 1876 1
1878 1877 1
1879 1878 0
1880 1879 1
1881 1880 0
1882 1881 0
1883 1882 1
1884 1883 0
1885 1884 0
1886 1885 1
1887 1886 0
1888 1887 0
1889 1888 1
1890 1889 0
1891 1890 1
1892 1891 1
1893 1892 1
1894 1893 1
1895 1894 0
1896 1895 0
1897 1896 1
1898 1897 0
1899 1898 1
1900 1899 1
1901 1900 0
1902 1901 1
1903 1902 0
1904 1903 1
1905 1904 0
1906 1905 0
1907 1906 0
1908 1907 0
1909 1908 1
1910 1909 0
1911 1910 0
1912 1911 0
1913 1912 0
1914 1913 0
1915 1914 1
1916 1915 1
1917 1916 0
1918 1917 1
1919 1918 1
1920 1919 1
1921 1920 0
1922 1921 1
1923 1922 0
1924 1923 1
1925 1924 0
1926 1925 1
1927 1926 0
1928 1927 0
1929 1928 1
1930 1929 0
1931 1930 1
1932 1931 1
1933 1932 1
1934 1933 0
1935 1934 0
1936 1935 1
1937 1936 1
1938 1937 0
1939 1938 0
1940 1939 1
1941 1940 0
1942 1941 0
1943 1942 0
1944 1943 0
1945 1944 1
1946 1945 1
1947 1946 0
1948 1947 0
1949 1948 0
1950 1949 1
1951 1950 1
1952 1951 0
1953 1952 1
1954 1953 0
1955 1954 1
1956 1955 1
1957 1956 0
1958 1957 0
1959 1958 0
1960 1959 0
1961 1960 1
1962 1961 1
1963 1962 0
1964 1963 1
1965 1964 0
1966 1965 1
1967 1966 1
1968 1967 0
1969 1968 1
1970 1969 1
1971 1970 1
1972 1971 0
1973 1972 1
1974 1973 1
1975 1974 0
1976 1975 1
1977 1976 1
1978 1977 1
1979 1978 0
1980 1979 0
1981 1980 0
1982 1981 1
1983 1982 1
1984 1983 1
1985 1984 1
1986 1985 1
1987 1986 1
1988 1987 1
1989 1988 1
1990 1989 0
1991 1990 1
1992 1991 0
1993 1992 1
1994 1993 1
1995 1994 1
1996 1995 0
1997 1996 1
1998 1997 1
1999 1998 1
2000 1999 1
2001 2000 1
2002 2001 0
2003 2002 0
2004 2003 0
2005 2004 0
2006 2005 0
2007 2006 1
2008 2007 0
2009 2008 0
2010 2009 1
2011 2010 0
2012 2011 1
2013 2012 1
2014 2013 0
2015 2014 0
2016 2015 1
2017 2016 1
2018 2017 0
2019 2018 0
2020 2019 0
2021 2020 1
2022 2021 0
2023 2022 1
2024 2023 1
2025 2024 1
2026 2025 0
2027 2026 1
2028 2027 1
2029 2028 0
2030 2029 1
2031 2030 0
2032 2031 1
2033 2032 0
2034 2033 0
2035 2034 0
2036 2035 1
2037 2036 0
2038 2037 0
2039 2038 0
2040 2039 0
2041 2040 0
2042 2041 0
2043 2042 0
2044 2043 0
2045 2044 0
2046 2045 1
2047 2046 1
2048 2047 0
2049 2048 0
2050 2049 0
2051 2050 0
2052 2051 1
2053 2052 1
2054 2053 1
2055 2054 0
2056 2055 1
2057 2056 0
2058 2057 0
2059 2058 0
2060 2059 1
2061 2060 1
2062 2061 1
2063 2062 0
2064 2063 0
2065 2064 1
2066 2065 1
2067 2066 0
2068 2067 1
2069 2068 0
2070 2069 1
2071 2070 1
2072 2071 1
2073 2072 0
2074 2073 1
2075 2074 1
2076 2075 0
2077 2076 1
2078 2077 0
2079 2078 0
2080 2079 1
2081 2080 0
2082 2081 1
2083 2082 0
2084 2083 1
2085 2084 0
2086 2085 1
2087 2086 1
2088 2087 0
2089 2088 1
2090 2089 0
2091 2090 1
2092 2091 0
2093 2092 0
2094 2093 0
2095 2094 0
2096 2095 1
2097 2096 1
2098 2097 1
2099 2098 1
2100 2099 1
2101 2100 1
2102 2101 0
2103 2102 1
2104 2103 1
2105 2104 1
2106 2105 0
2107 2106 1
2108 2107 1
2109 2108 1
2110 2109 0
2111 2110 1
2112 2111 1
2113 2112 1
2114 2113 0
2115 2114 0
2116 2115 0
2117 2116 1
2118 2117 0
2119 2118 0
2120 2119 1
2121 2120 1
2122 2121 0
2123 2122 1
2124 2123 0
2125 2124 0
2126 2125 1
2127 2126 1
2128 2127 1
2129 2128 0
2130 2129 1
2131 2130 1
2132 2131 1
2133 2132 0
2134 2133 0
2135 2134 1
2136 2135 0
2137 2136 0
2138 2137 1
2139 2138 1
2140 2139 1
2141 2140 1
2142 2141 0
2143 2142 0
2144 2143 1
2145 2144 1
2146 2145 0
2147 2146 1
2148 2147 1
2149 2148 1
2150 2149 0
2151 2150 1
2152 2151 0
2153 2152 0
2154 2153 1
2155 2154 1
2156 2155 1
2157 2156 0
2158 2157 1
2159 2158 1
2160 2159 1
2161 2160 0
2162 2161 0
2163 2162 0
2164 2163 0
2165 2164 1
2166 2165 1
2167 2166 0
2168 2167 1
2169 2168 1
2170 2169 0
2171 2170 0
2172 2171 1
2173 2172 1
2174 2173 1
2175 2174 0
2176 2175 0
2177 2176 1
2178 2177 1
2179 2178 1
2180 2179 0
2181 2180 0
2182 2181 1
2183 2182 1
2184 2183 1
2185 2184 1
2186 2185 0
2187 2186 0
2188 2187 0
2189 2188 1
2190 2189 0
2191 2190 1
2192 2191 1
2193 2192 0
2194 2193 0
2195 2194 0
2196 2195 1
2197 2196 0
2198 2197 0
2199 2198 0
2200 2199 0
2201 2200 1
2202 2201 1
2203 2202 0
2204 2203 0
2205 2204 1
2206 2205 0
2207 2206 1
2208 2207 1
2209 2208 0
2210 2209 0
2211 2210 0
2212 2211 1
2213 2212 1
2214 2213 0
2215 2214 1
2216 2215 1
2217 2216 0
2218 2217 1
2219 2218 0
2220 2219 1
2221 2220 0
2222 2221 0
2223 2222 1
2224 2223 0
2225 2224 1
2226 2225 0
2227 2226 0
2228 2227 0
2229 2228 1
2230 2229 0
2231 2230 1
2232 2231 1
2233 2232 1
2234 2233 0
2235 2234 0
2236 2235 1
2237 2236 0
2238 2237 0
2239 2238 1
2240 2239 1
2241 2240 1
2242 2241 0
2243 2242 1
2244 2243 0
2245 2244 0
2246 2245 0
2247 2246 1
2248 2247 0
2249 2248 0
2250 2249 0
2251 2250 0
2252 2251 0
2253 2252 1
2254 2253 1
2255 2254 0
2256 2255 0
2257 2256 0
2258 2257 1
2259 2258 0
2260 2259 1
2261 2260 0
2262 2261 0
2263 2262 0
2264 2263 1
2265 2264 1
2266 2265 0
2267 2266 0
2268 2267 0
2269 2268 1
2270 2269 0
2271 2270 1
2272 2271 1
2273 2272 0
2274 2273 0
2275 2274 1
2276 2275 0
2277 2276 1
2278 2277 1
2279 2278 1
2280 2279 0
2281 2280 1
2282 2281 1
2283 2282 1
2284 2283 0
2285 2284 1
2286 2285 1
2287 2286 1
2288 2287 1
2289 2288 1
2290 2289 1
2291 2290 1
2292 2291 1
2293 2292 1
2294 2293 1
2295 2294 1
2296 2295 0
2297 2296 0
2298 2297 1
2299 2298 1
2300 2299 1
2301 2300 1
2302 2301 1
2303 2302 1
2304 2303 1
2305 2304 0
2306 2305 1
2307 2306 1
2308 2307 0
2309 2308 0
2310 2309 0
2311 2310 1
2312 2311 1
2313 2312 1
2314 2313 1
2315 2314 1
2316 2315 1
2317 2316 1
2318 2317 0
2319 2318 0
2320 2319 1
2321 2320 1
2322 2321 1
2323 2322 0
2324 2323 1
2325 2324 0
2326 2325 0
2327 2326 1
2328 2327 1
2329 2328 1
2330 2329 1
2331 2330 0
2332 2331 1
2333 2332 1
2334 2333 1
2335 2334 0
2336 2335 1
2337 2336 0
2338 2337 1
2339 2338 0
2340 2339 1
2341 2340 0
2342 2341 1
2343 2342 0
2344 2343 1
2345 2344 1
2346 2345 1
2347 2346 1
2348 2347 1
2349 2348 0
2350 2349 1
2351 2350 0
2352 2351 0
2353 2352 0
2354 2353 0
2355 2354 0
2356 2355 1
2357 2356 1
2358 2357 1
2359 2358 1
2360 2359 1
2361 2360 1
2362 2361 0
2363 2362 1
2364 2363 1
2365 2364 1
2366 2365 1
2367 2366 0
2368 2367 1
2369 2368 1
2370 2369 1
2371 2370 0
2372 2371 1
2373 2372 1
2374 2373 1
2375 2374 1
2376 2375 1
2377 2376 0
2378 2377 1
2379 2378 0
2380 2379 1
2381 2380 1
2382 2381 0
2383 2382 0
2384 2383 1
2385 2384 0
2386 2385 0
2387 2386 1
2388 2387 0
2389 2388 1
2390 2389 0
2391 2390 1
2392 2391 0
2393 2392 0
2394 2393 1
2395 2394 1
2396 2395 1
2397 2396 1
2398 2397 0
2399 2398 1
2400 2399 0
2401 2400 0
2402 2401 1
2403 2402 0
2404 2403 1
2405 2404 0
2406 2405 0
2407 2406 1
2408 2407 1
2409 2408 0
2410 2409 0
2411 2410 1
2412 2411 1
2413 2412 0
2414 2413 1
2415 2414 0
2416 2415 1
2417 2416 1
2418 2417 1
2419 2418 0
2420 2419 0
2421 2420 0
2422 2421 0
2423 2422 0
2424 2423 1
2425 2424 0
2426 2425 1
2427 2426 1
2428 2427 1
2429 2428 0
2430 2429 1
2431 2430 1
2432 2431 1
2433 2432 0
2434 2433 0
2435 2434 1
2436 2435 1
2437 2436 0
2438 2437 1
2439 2438 0
2440 2439 1
2441 2440 0
2442 2441 1
2443 2442 0
2444 2443 1
2445 2444 1
2446 2445 1
2447 2446 0
2448 2447 0
2449 2448 1
2450 2449 0
2451 2450 1
2452 2451 0
2453 2452 0
2454 2453 0
2455 2454 1
2456 2455 1
2457 2456 0
2458 2457 1
2459 2458 1
2460 2459 1
2461 2460 1
2462 2461 1
2463 2462 1
2464 2463 1
2465 2464 1
2466 2465 1
2467 2466 1
2468 2467 0
2469 2468 0
2470 2469 1
2471 2470 1
2472 2471 1
2473 2472 1
2474 2473 1
2475 2474 1
2476 2475 1
2477 2476 0
2478 2477 1
2479 2478 0
2480 2479 1
2481 2480 0
2482 2481 1
2483 2482 1
2484 2483 1
2485 2484 0
2486 2485 0
2487 2486 1
2488 2487 1
2489 2488 1
2490 2489 0
2491 2490 1
2492 2491 1
2493 2492 1
2494 2493 1
2495 2494 0
2496 2495 0
2497 2496 0
2498 2497 0
2499 2498 0
2500 2499 0
2501 2500 1
2502 2501 1
2503 2502 1
2504 2503 1
2505 2504 1
2506 2505 1
2507 2506 0
2508 2507 0
2509 2508 1
2510 2509 0
2511 2510 1
2512 2511 0
2513 2512 1
2514 2513 1
2515 2514 1
2516 2515 1
2517 2516 0
2518 2517 0
2519 2518 1
2520 2519 0
2521 2520 1
2522 2521 1
2523 2522 1
2524 2523 0
2525 2524 1
2526 2525 1
2527 2526 1
2528 2527 1
2529 2528 0
2530 2529 1
2531 2530 0
2532 2531 1
2533 2532 0
2534 2533 1
2535 2534 1
2536 2535 0
2537 2536 1
2538 2537 1
2539 2538 0
2540 2539 1
2541 2540 0
2542 2541 0
2543 2542 1
2544 2543 1
2545 2544 0
2546 2545 1
2547 2546 1
2548 2547 1
2549 2548 1
2550 2549 1
2551 2550 1
2552 2551 0
2553 2552 1
2554 2553 0
2555 2554 0
2556 2555 1
2557 2556 1
2558 2557 0
2559 2558 1
2560 2559 1
2561 2560 1
2562 2561 1
2563 2562 1
2564 2563 1
2565 2564 1
2566 2565 1
2567 2566 1
2568 2567 0
2569 2568 1
2570 2569 1
2571 2570 1
2572 2571 0
2573 2572 0
2574 2573 0
2575 2574 1
2576 2575 1
2577 2576 1
2578 2577 1
2579 2578 0
2580 2579 1
2581 2580 0
2582 2581 1
2583 2582 1
2584 2583 1
2585 2584 1
2586 2585 1
2587 2586 1
2588 2587 1
2589 2588 1
2590 2589 0
2591 2590 0
2592 2591 0
2593 2592 1
2594 2593 1
2595 2594 0
2596 2595 1
2597 2596 1
2598 2597 1
2599 2598 1
2600 2599 1
2601 2600 1
2602 2601 0
2603 2602 1
2604 2603 0
2605 2604 1
2606 2605 1
2607 2606 1
2608 2607 1
2609 2608 1
2610 2609 1
2611 2610 1
2612 2611 0
2613 2612 1
2614 2613 1
2615 2614 1
2616 2615 1
2617 2616 1
2618 2617 1
2619 2618 0
2620 2619 1
2621 2620 0
2622 2621 0
2623 2622 1
2624 2623 1
2625 2624 0
2626 2625 0
2627 2626 0
2628 2627 1
2629 2628 1
2630 2629 1
2631 2630 1
2632 2631 1
2633 2632 1
2634 2633 1
2635 2634 1
2636 2635 0
2637 2636 0
2638 2637 0
2639 2638 1
2640 2639 0
2641 2640 1
2642 2641 1
2643 2642 0
2644 2643 1
2645 2644 0
2646 2645 1
2647 2646 1
2648 2647 0
2649 2648 1
2650 2649 0
2651 2650 1
2652 2651 1
2653 2652 1
2654 2653 1
2655 2654 0
2656 2655 1
2657 2656 0
2658 2657 0
2659 2658 1
2660 2659 0
2661 2660 1
2662 2661 1
2663 2662 0
2664 2663 1
2665 2664 1
2666 2665 1
2667 2666 1
2668 2667 0
2669 2668 1
2670 2669 1
2671 2670 0
2672 2671 1
2673 2672 1
2674 2673 0
2675 2674 1
2676 2675 0
2677 2676 1
2678 2677 1
2679 2678 1
2680 2679 1
2681 2680 1
2682 2681 1
2683 2682 1
2684 2683 0
2685 2684 1
2686 2685 1
2687 2686 1
2688 2687 1
2689 2688 0
2690 2689 1
2691 2690 1
2692 2691 1
2693 2692 0
2694 2693 1
2695 2694 0
2696 2695 1
2697 2696 1
2698 2697 1
2699 2698 1
2700 2699 1
2701 2700 1
2702 2701 1
2703 2702 1
2704 2703 1
2705 2704 0
2706 2705 0
2707 2706 1
2708 2707 1
2709 2708 1
2710 2709 0
2711 2710 1
2712 2711 0
2713 2712 0
2714 2713 0
2715 2714 1
2716 2715 1
2717 2716 1
2718 2717 1
2719 2718 1
2720 2719 1
2721 2720 1
2722 2721 0
2723 2722 1
2724 2723 1
2725 2724 1
2726 2725 1
2727 2726 1
2728 2727 1
2729 2728 0
2730 2729 1
2731 2730 0
2732 2731 1
2733 2732 1
2734 2733 1
2735 2734 1
2736 2735 1
2737 2736 0
2738 2737 1
2739 2738 1
2740 2739 1
2741 2740 0
2742 2741 0
2743 2742 0
2744 2743 1
2745 2744 1
2746 2745 1
2747 2746 0
2748 2747 1
2749 2748 1
2750 2749 1
2751 2750 1
2752 2751 1
2753 2752 1
2754 2753 1
2755 2754 1
2756 2755 1
2757 2756 0
2758 2757 1
2759 2758 1
2760 2759 1
2761 2760 1
2762 2761 1
2763 2762 1
2764 2763 0
2765 2764 1
2766 2765 1
2767 2766 1
2768 2767 1
2769 2768 1
2770 2769 1
2771 2770 1
2772 2771 1
2773 2772 1
2774 2773 0
2775 2774 1
2776 2775 1
2777 2776 1
2778 2777 0
2779 2778 1
2780 2779 0
2781 2780 1
2782 2781 1
2783 2782 1
2784 2783 1
2785 2784 0
2786 2785 1
2787 2786 1
2788 2787 1
2789 2788 1
2790 2789 0
2791 2790 0
2792 2791 1
2793 2792 1
2794 2793 0
2795 2794 1
2796 2795 1
2797 2796 1
2798 2797 0
2799 2798 1
2800 2799 1
2801 2800 1
2802 2801 0
2803 2802 1
2804 2803 1
2805 2804 0
2806 2805 1
2807 2806 1
2808 2807 0
2809 2808 1
2810 2809 1
2811 2810 0
2812 2811 0
2813 2812 1
2814 2813 1
2815 2814 0
2816 2815 1
2817 2816 0
2818 2817 1
2819 2818 1
2820 2819 1
2821 2820 1
2822 2821 1
2823 2822 1
2824 2823 1
2825 2824 1
2826 2825 1
2827 2826 1
2828 2827 1
2829 2828 1
2830 2829 0
2831 2830 1
2832 2831 0
2833 2832 1
2834 2833 1
2835 2834 1
2836 2835 0
2837 2836 1
2838 2837 1
2839 2838 1
2840 2839 0
2841 2840 1
2842 2841 1
2843 2842 1
2844 2843 1
2845 2844 1
2846 2845 1
2847 2846 1
2848 2847 1
2849 2848 1
2850 2849 1
2851 2850 1
2852 2851 0
2853 2852 1
2854 2853 0
2855 2854 1
2856 2855 1
2857 2856 1
2858 2857 1
2859 2858 1
2860 2859 1
2861 2860 1
2862 2861 1
2863 2862 1
2864 2863 0
2865 2864 1
2866 2865 1
2867 2866 1
2868 2867 1
2869 2868 1
2870 2869 1
2871 2870 1
2872 2871 1
2873 2872 1
2874 2873 0
2875 2874 1
2876 2875 1
2877 2876 1
2878 2877 1
2879 2878 1
2880 2879 1
2881 2880 0
2882 2881 1
2883 2882 1
2884 2883 1
2885 2884 0
2886 2885 1
2887 2886 0
2888 2887 1
2889 2888 1
2890 2889 0
2891 2890 1
2892 2891 1
2893 2892 1
2894 2893 1
2895 2894 0
2896 2895 1
2897 2896 1
2898 2897 1
2899 2898 1
2900 2899 1
2901 2900 1
2902 2901 1
2903 2902 1
2904 2903 1
2905 2904 1
2906 2905 0
2907 2906 1
2908 2907 0
2909 2908 1
2910 2909 1
2911 2910 1
2912 2911 1
2913 2912 1
2914 2913 1
2915 2914 0
2916 2915 1
2917 2916 0
2918 2917 1
2919 2918 1
2920 2919 1
2921 2920 1
2922 2921 1
2923 2922 1
2924 2923 1
2925 2924 0
2926 2925 0
2927 2926 1
2928 2927 1
2929 2928 1
2930 2929 1
2931 2930 1
2932 2931 1
2933 2932 0
2934 2933 0
2935 2934 0
2936 2935 1
2937 2936 1
2938 2937 1
2939 2938 1
2940 2939 1
2941 2940 0
2942 2941 1
2943 2942 1
2944 2943 1
2945 2944 1
2946 2945 1
2947 2946 0
2948 2947 0
2949 2948 0
2950 2949 1
2951 2950 1
2952 2951 0
2953 2952 0
2954 2953 1
2955 2954 1
2956 2955 1
2957 2956 1
2958 2957 0
2959 2958 1
2960 2959 1
2961 2960 0
2962 2961 0
2963 2962 1
2964 2963 1
2965 2964 0
2966 2965 1
2967 2966 1
2968 2967 1
2969 2968 1
2970 2969 0
2971 2970 1
2972 2971 0
2973 2972 1
2974 2973 1
2975 2974 1
2976 2975 1
2977 2976 1
2978 2977 1
2979 2978 1
2980 2979 1
2981 2980 1
2982 2981 1
2983 2982 1
2984 2983 0
2985 2984 1
2986 2985 1
2987 2986 0
2988 2987 1
2989 2988 1
2990 2989 1
2991 2990 1
2992 2991 1
2993 2992 1
2994 2993 1
2995 2994 1
2996 2995 1
2997 2996 1
2998 2997 1
2999 2998 1
3000 2999 1
3001 3000 0
3002 3001 1
3003 3002 1
3004 3003 1
3005 3004 1
3006 3005 1
3007 3006 0
3008 3007 0
3009 3008 1
3010 3009 1
3011 3010 1
3012 3011 1
3013 3012 1
3014 3013 1
3015 3014 1
3016 3015 1
3017 3016 1
3018 3017 0
3019 3018 1
3020 3019 1
3021 3020 1
3022 3021 1
3023 3022 1
3024 3023 1
3025 3024 1
3026 3025 1
3027 3026 1
3028 3027 1
3029 3028 1
3030 3029 1
3031 3030 1
3032 3031 1
3033 3032 1
3034 3033 1
3035 3034 1
3036 3035 1
3037 3036 1
3038 3037 1
3039 3038 0
3040 3039 0
3041 3040 1
3042 3041 1
3043 3042 0
3044 3043 1
3045 3044 1
3046 3045 1
3047 3046 1
3048 3047 1
3049 3048 1
3050 3049 1
3051 3050 1
3052 3051 1
3053 3052 1
3054 3053 1
3055 3054 0
3056 3055 1
3057 3056 1
3058 3057 1
3059 3058 1
3060 3059 1
3061 3060 1
3062 3061 1
3063 3062 1
3064 3063 1
3065 3064 0
3066 3065 1
3067 3066 1
3068 3067 1
3069 3068 1
3070 3069 1
3071 3070 1
3072 3071 1
3073 3072 1
3074 3073 1
3075 3074 1
3076 3075 1
3077 3076 1
3078 3077 1
3079 3078 1
3080 3079 1
3081 3080 1
3082 3081 1
3083 3082 1
3084 3083 1
3085 3084 1
3086 3085 1
3087 3086 1
3088 3087 1
3089 3088 1
3090 3089 0
3091 3090 1
3092 3091 1
3093 3092 0
3094 3093 1
3095 3094 1
3096 3095 1
3097 3096 1
3098 3097 1
3099 3098 1
3100 3099 0
3101 3100 1
3102 3101 1
3103 3102 1
3104 3103 1
3105 3104 0
3106 3105 1
3107 3106 1
3108 3107 0
3109 3108 1
3110 3109 1
3111 3110 1
3112 3111 1
3113 3112 1
3114 3113 0
3115 3114 1
3116 3115 1
3117 3116 1
3118 3117 1
3119 3118 1
3120 3119 1
3121 3120 1
3122 3121 1
3123 3122 0
3124 3123 0
3125 3124 1
3126 3125 1
3127 3126 0
3128 3127 1
3129 3128 1
3130 3129 1
3131 3130 1
3132 3131 1
3133 3132 1
3134 3133 0
3135 3134 1
3136 3135 1
3137 3136 1
3138 3137 1
3139 3138 1
3140 3139 1
3141 3140 1
3142 3141 0
3143 3142 0
3144 3143 1
3145 3144 1
3146 3145 0
3147 3146 1
3148 3147 1
3149 3148 0
3150 3149 1
3151 3150 1
3152 3151 1
3153 3152 1
3154 3153 1
3155 3154 1
3156 3155 1
3157 3156 1
3158 3157 0
3159 3158 1
3160 3159 1
3161 3160 0
3162 3161 0
3163 3162 1
3164 3163 1
3165 3164 1
3166 3165 1
3167 3166 1
3168 3167 1
3169 3168 1
3170 3169 1
3171 3170 1
3172 3171 1
3173 3172 1
3174 3173 1
3175 3174 1
3176 3175 1
3177 3176 1
3178 3177 1
3179 3178 1
3180 3179 1
3181 3180 1
3182 3181 0
3183 3182 1
3184 3183 1
3185 3184 1
3186 3185 1
3187 3186 1
3188 3187 1
3189 3188 1
3190 3189 1
3191 3190 0
3192 3191 1
3193 3192 1
3194 3193 1
3195 3194 0
3196 3195 1
3197 3196 1
3198 3197 1
3199 3198 1
3200 3199 1
3201 3200 1
3202 3201 1
3203 3202 1
3204 3203 1
3205 3204 0
3206 3205 0
3207 3206 1
3208 3207 1
3209 3208 1
3210 3209 1
3211 3210 1
3212 3211 1
3213 3212 1
3214 3213 1
3215 3214 1
3216 3215 1
3217 3216 1
3218 3217 1
3219 3218 1
3220 3219 1
3221 3220 1
3222 3221 0
3223 3222 1
3224 3223 1
3225 3224 0
3226 3225 1
3227 3226 1
3228 3227 1
3229 3228 1
3230 3229 1
3231 3230 1
3232 3231 0
3233 3232 1
3234 3233 1
3235 3234 0
3236 3235 1
3237 3236 1
3238 3237 1
3239 3238 1
3240 3239 1
3241 3240 1
3242 3241 1
3243 3242 0
3244 3243 1
3245 3244 1
3246 3245 1
3247 3246 0
3248 3247 0
3249 3248 1
3250 3249 1
3251 3250 1
3252 3251 1
3253 3252 0
3254 3253 1
3255 3254 1
3256 3255 1
3257 3256 1
3258 3257 1
3259 3258 1
3260 3259 1
3261 3260 1
3262 3261 1
3263 3262 1
3264 3263 1
3265 3264 1
3266 3265 1
3267 3266 1
3268 3267 1
3269 3268 1
3270 3269 1
3271 3270 1
3272 3271 1
3273 3272 1
3274 3273 1
3275 3274 1
3276 3275 1
3277 3276 1
3278 3277 1
3279 3278 0
3280 3279 1
3281 3280 1
3282 3281 1
3283 3282 1
3284 3283 1
3285 3284 0
3286 3285 1
3287 3286 1
3288 3287 1
3289 3288 1
3290 3289 1
3291 3290 1
3292 3291 1
3293 3292 1
3294 3293 1
3295 3294 1
3296 3295 0
3297 3296 1
3298 3297 0
3299 3298 1
3300 3299 1
3301 3300 1
3302 3301 1
3303 3302 1
3304 3303 1
3305 3304 1
3306 3305 1
3307 3306 1
3308 3307 1
3309 3308 1
3310 3309 1
3311 3310 0
3312 3311 0
3313 3312 1
3314 3313 1
3315 3314 1
3316 3315 1
3317 3316 0
3318 3317 0
3319 3318 1
3320 3319 1
3321 3320 1
3322 3321 1
3323 3322 1
3324 3323 0
3325 3324 1
3326 3325 1
3327 3326 1
3328 3327 1
3329 3328 1
3330 3329 0
3331 3330 1
3332 3331 1
3333 3332 1
3334 3333 0
3335 3334 1
3336 3335 1
3337 3336 1
3338 3337 1
3339 3338 1
3340 3339 0
3341 3340 1
3342 3341 1
3343 3342 1
3344 3343 1
3345 3344 1
3346 3345 1
3347 3346 1
3348 3347 0
3349 3348 1
3350 3349 1
3351 3350 1
3352 3351 1
3353 3352 1
3354 3353 0
3355 3354 1
3356 3355 1
3357 3356 1
3358 3357 1
3359 3358 0
3360 3359 1
3361 3360 1
3362 3361 1
3363 3362 1
3364 3363 1
3365 3364 0
3366 3365 1
3367 3366 0
3368 3367 1
3369 3368 1
3370 3369 1
3371 3370 0
3372 3371 1
3373 3372 1
3374 3373 0
3375 3374 1
3376 3375 1
3377 3376 1
3378 3377 1
3379 3378 1
3380 3379 1
3381 3380 1
3382 3381 1
3383 3382 1
3384 3383 1
3385 3384 1
3386 3385 1
3387 3386 1
3388 3387 1
3389 3388 1
3390 3389 1
3391 3390 1
3392 3391 1
3393 3392 1
3394 3393 1
3395 3394 1
3396 3395 1
3397 3396 1
3398 3397 1
3399 3398 1
3400 3399 1
3401 3400 1
3402 3401 1
3403 3402 1
3404 3403 1
3405 3404 1
3406 3405 1
3407 3406 1
3408 3407 1
