user_ID user_no label
1 1217 0
2 1090 0
3 2560 1
4 1699 0
5 2168 1
6 918 1
7 1942 0
8 627 0
9 2111 1
10 2212 1
11 3052 1
12 565 0
13 1999 1
14 1218 0
15 838 0
16 2806 1
17 2787 1
18 3399 1
19 3210 1
20 847 0
21 776 1
22 1739 1
23 1522 1
24 816 1
25 1521 1
26 3085 1
27 1399 1
28 2176 1
29 3286 1
30 1915 1
31 2130 1
32 2930 1
33 1472 1
34 2252 1
35 1394 1
36 2600 1
37 3267 1
38 1711 1
39 3094 1
40 2411 1
41 2429 1
42 3017 0
43 2791 1
44 2020 1
45 3026 1
46 1404 1
47 3321 1
48 1610 1
49 3046 1
50 1489 1
51 2754 1
52 2998 1
53 3112 1
54 3074 1
55 3341 1
56 2447 0
57 2146 1
58 2629 1
59 2053 1
60 1681 1
61 3239 1
62 1164 1
63 3140 1
64 1230 1
65 1677 1
66 2171 1
67 2610 1
68 184 0
69 2291 1
70 1349 1
71 1312 1
72 2074 1
73 1736 1
74 2311 1
75 1878 0
76 164 0
77 2159 1
78 324 0
79 1091 0
80 3279 1
81 2065 1
82 2783 1
83 2335 1
84 3029 1
85 2993 1
86 716 0
87 2765 1
88 3196 1
89 3374 1
90 251 0
91 2830 1
92 1390 1
93 1166 1
94 3227 1
95 2099 1
96 2281 1
97 2076 1
98 1931 1
99 2160 0
100 3211 1
101 3105 1
102 2656 0
103 2482 1
104 2100 1
105 2888 1
106 2224 1
107 1192 1
108 3383 1
109 1271 0
110 1853 1
111 2063 0
112 2758 1
113 1307 0
114 638 0
115 3013 1
116 3186 1
117 2941 1
118 977 1
119 3008 1
120 3191 1
121 688 0
122 2976 1
123 3174 1
124 1724 1
125 2785 1
126 3115 1
127 1201 0
128 2026 1
129 3382 1
130 2408 0
131 2965 1
132 2875 1
133 2681 1
134 2678 1
135 2690 1
136 2134 1
137 2333 1
138 3292 1
139 2767 1
140 3166 1
141 3299 1
142 928 1
143 2628 1
144 3081 1
145 3137 1
146 536 0
147 3152 1
148 1041 0
149 2795 1
150 3117 1
151 2112 1
152 1264 1
153 1527 1
154 2308 0
155 2276 1
156 2945 1
157 2011 1
158 1407 0
159 2537 1
160 1688 1
161 2286 1
162 2588 1
163 2843 1
164 2562 1
165 982 1
166 2572 0
167 482 0
168 1598 1
169 3277 1
170 3334 1
171 2977 1
172 3165 1
173 823 0
174 3172 1
175 394 0
176 2358 1
177 962 0
178 2150 1
179 2582 1
180 3283 1
181 2428 0
182 1012 0
183 2885 1
184 2877 1
185 3091 1
186 1925 1
187 2375 1
188 2533 1
189 2498 0
190 2423 1
191 3248 1
192 3104 0
193 2394 1
194 2071 1
195 2762 1
196 2525 1
197 3209 1
198 2813 1
199 2585 1
200 3330 1
201 3222 1
202 2753 1
203 1973 1
204 3045 1
205 2481 1
206 2689 1
207 2780 1
208 2739 1
209 3233 1
210 3168 1
211 1776 1
212 1605 1
213 3144 1
214 2963 1
215 2263 1
216 2300 1
217 2361 0
218 1237 1
219 2058 0
220 1868 0
221 1760 1
222 3158 1
223 1796 1
224 2489 0
225 2143 1
226 1982 1
227 276 0
228 2729 1
229 2967 1
230 1411 1
231 2716 1
232 3159 1
233 3053 1
234 1270 1
235 1379 1
236 2478 0
237 3086 1
238 3253 1
239 2491 1
240 2181 1
241 2876 1
242 2832 1
243 3357 1
244 3060 1
245 1579 1
246 3072 1
247 2407 1
248 2461 1
249 1420 1
250 1176 0
251 2086 1
252 3303 1
253 2890 1
254 1834 1
255 3079 1
256 1502 1
257 1634 0
258 2812 1
259 1089 1
260 3236 1
261 1764 0
262 906 0
263 2201 1
264 2343 1
265 2595 1
266 2987 1
267 745 1
268 1713 1
269 1648 1
270 1348 1
271 2035 1
272 768 0
273 566 0
274 1551 1
275 1970 1
276 1891 1
277 3391 1
278 3012 1
279 1458 0
280 2617 1
281 1514 1
282 635 0
283 2778 1
284 2614 1
285 2148 1
286 2771 1
287 2029 1
288 2821 1
289 2579 1
290 877 1
291 1487 1
292 2534 1
293 3260 1
294 3345 1
295 2217 1
296 3331 1
297 3346 1
298 2660 1
299 591 0
300 2522 1
301 2101 0
302 2968 1
303 2902 1
304 3011 1
305 3070 1
306 3097 1
307 1633 1
308 2415 1
309 3093 1
310 1085 1
311 2661 1
312 2536 1
313 2110 1
314 1018 1
315 1895 0
316 3009 1
317 1649 1
318 2962 1
319 2518 1
320 3213 1
321 1478 0
322 15 0
323 1816 1
324 3274 1
325 959 1
326 2726 1
327 3305 1
328 1398 0
329 3004 1
330 3195 1
331 3040 1
332 3268 1
333 2064 1
334 3362 1
335 3101 1
336 3255 1
337 1295 1
338 1623 0
339 2439 1
340 3290 1
341 2899 1
342 1657 0
343 2848 1
344 3215 1
345 2125 1
346 1062 1
347 2470 1
348 3365 1
349 1373 1
350 843 0
351 3001 1
352 2392 0
353 3398 1
354 902 0
355 729 1
356 1719 1
357 2682 1
358 3250 1
359 2103 1
360 1981 1
361 3280 1
362 3109 1
363 2680 1
364 2938 1
365 3402 1
366 1474 1
367 2015 1
368 1592 0
369 2788 1
370 1118 0
371 3225 1
372 1188 0
373 2232 1
374 377 0
375 458 0
376 2302 1
377 2078 0
378 110 0
379 1412 1
380 1651 1
381 3326 1
382 2732 1
383 3018 1
384 34 0
385 2369 1
386 2187 0
387 2864 1
388 2725 1
389 957 0
390 2138 1
391 2156 0
392 378 0
393 230 0
394 2715 1
395 3287 1
396 2991 1
397 3393 1
398 2327 1
399 235 0
400 2749 1
401 1383 1
402 3272 1
403 1284 1
404 2641 1
405 286 0
406 1641 1
407 693 0
408 2891 1
409 2904 1
410 1444 1
411 3359 1
412 3047 1
413 2158 1
414 1873 1
415 1196 0
416 1191 0
417 3249 1
418 2339 1
419 3067 1
420 2980 1
421 2658 1
422 3261 1
423 2349 1
424 1717 1
425 2871 1
426 2055 1
427 2676 1
428 971 1
429 2190 1
430 682 0
431 1261 1
432 3019 1
433 1557 1
434 2869 1
435 3226 1
436 2702 1
437 3206 1
438 1519 1
439 3244 1
440 1045 0
441 2827 1
442 2708 1
443 1784 0
444 1014 0
445 1251 0
446 1955 1
447 3078 1
448 700 0
449 464 0
450 2403 1
451 3304 1
452 3238 1
453 1241 0
454 2502 1
455 649 1
456 2782 1
457 3322 1
458 3302 1
459 2847 1
460 2755 1
461 1580 1
462 2380 1
463 2051 1
464 3014 1
465 1076 1
466 2153 1
467 2985 1
468 887 0
469 883 0
470 2344 1
471 3367 1
472 3380 1
473 2177 1
474 1785 1
475 501 0
476 2269 0
477 2744 1
478 2445 1
479 821 0
480 2441 1
481 3050 1
482 465 0
483 2992 1
484 2474 1
485 3395 1
486 1820 1
487 946 1
488 795 0
489 174 0
490 2677 1
491 3103 1
492 2310 1
493 2803 1
494 2607 1
495 419 0
496 2081 1
497 1936 1
498 1783 1
499 3071 1
500 1433 1
501 995 0
502 2363 1
503 3386 1
504 2757 1
505 1154 1
506 3318 1
507 1080 1
508 2798 1
509 3198 1
510 1679 1
511 2892 1
512 1812 1
513 1865 1
514 2010 0
515 3035 1
516 1882 1
517 1425 1
518 1988 1
519 2949 1
520 2417 1
521 1698 1
522 526 0
523 2960 0
524 252 0
525 2923 1
526 1147 1
527 3151 1
528 1881 0
529 3041 1
530 2466 1
531 2857 1
532 2550 1
533 3306 1
534 2507 0
535 1977 1
536 2883 1
537 2870 1
538 10 0
539 1501 0
540 933 1
541 1911 0
542 2266 0
543 1151 1
544 2939 1
545 1585 1
546 1769 1
547 3407 1
548 3090 1
549 2602 1
550 3281 1
551 1031 1
552 2359 1
553 1766 1
554 1765 1
555 3139 1
556 3178 1
557 2645 1
558 2867 1
559 964 0
560 3389 1
561 655 0
562 2341 1
563 2589 0
564 2623 1
565 3037 1
566 2903 1
567 3003 1
568 2082 0
569 2056 0
570 1710 1
571 3031 1
572 2989 1
573 1742 1
574 3087 1
575 1780 1
576 2294 1
577 741 0
578 1495 0
579 2838 1
580 426 0
581 2735 1
582 209 0
583 3400 1
584 3293 1
585 3069 1
586 3119 1
587 2761 1
588 1473 1
589 984 1
590 1319 1
591 1987 1
592 2759 1
593 2211 1
594 7 0
595 1615 1
596 281 0
597 3338 1
598 2760 1
599 2510 1
600 1702 1
601 3262 1
602 2178 1
603 2616 1
604 280 0
605 2041 0
606 2167 1
607 3289 1
608 2948 0
609 3308 1
610 2235 1
611 1153 1
612 1552 1
613 2292 1
614 2794 1
615 2970 1
616 1300 1
617 3173 1
618 3138 1
619 2558 1
620 1171 0
621 2401 1
622 2293 1
623 1831 0
624 1697 1
625 1259 1
626 1110 1
627 3032 1
628 255 0
629 1900 0
630 545 0
631 3375 1
632 1632 1
633 2213 0
634 1320 1
635 2861 1
636 1984 1
637 2707 1
638 2990 1
639 2144 1
640 1556 1
641 3059 1
642 351 0
643 2299 1
644 2937 1
645 2456 0
646 3344 1
647 3200 1
648 1233 0
649 871 1
650 2107 1
651 189 0
652 2775 1
653 2464 1
654 1504 0
655 1777 1
656 3309 1
657 1438 1
658 1588 1
659 1277 1
660 1453 1
661 3063 1
662 2752 1
663 1173 0
664 612 0
665 1671 0
666 2687 1
667 2669 1
668 2277 1
669 2994 1
670 555 0
671 2942 1
672 3217 1
673 2860 1
674 1549 0
675 3273 1
676 2918 1
677 1852 1
678 1885 1
679 3199 1
680 2865 1
681 1455 1
682 2575 1
683 2488 1
684 2045 1
685 1003 1
686 1680 0
687 3080 1
688 3349 1
689 1231 0
690 692 1
691 1996 1
692 1310 0
693 2463 1
694 3251 1
695 1417 1
696 83 0
697 1451 1
698 2140 1
699 3315 1
700 1994 1
701 2098 1
702 1413 0
703 3264 1
704 2323 1
705 2514 1
706 1103 1
707 2817 1
708 2068 0
709 2427 1
710 317 0
711 2338 0
712 1954 1
713 2458 1
714 2240 1
715 950 1
716 2859 1
717 1824 1
718 3350 1
719 3188 1
720 3229 1
721 2688 0
722 997 1
723 1903 1
724 2784 0
725 1662 1
726 2270 1
727 1590 1
728 3075 1
729 1692 0
730 3124 1
731 1178 0
732 1939 1
733 506 0
734 2237 0
735 3328 1
736 1532 1
737 269 0
738 1670 0
739 1325 0
740 1802 0
741 1998 1
742 3301 1
743 3397 1
744 2490 1
745 537 0
746 900 0
747 502 0
748 836 0
749 1482 1
750 778 0
751 2384 0
752 2697 1
753 1500 1
754 434 0
755 3114 1
756 2459 1
757 1052 0
758 3396 1
759 2000 1
760 3177 1
761 2173 1
762 3167 1
763 2909 1
764 2710 1
765 3203 1
766 1807 1
767 2997 1
768 1368 0
769 528 0
770 1572 0
771 304 0
772 2116 1
773 856 0
774 625 0
775 1961 1
776 498 0
777 2016 1
778 2287 1
779 493 0
780 1899 1
781 1165 1
782 2896 1
783 924 1
784 2901 1
785 2663 1
786 1135 1
787 1414 1
788 1811 1
789 2129 1
790 642 0
791 1334 1
792 2844 1
793 2154 1
794 2448 1
795 3153 1
796 2668 1
797 1854 1
798 594 1
799 572 0
800 1575 1
801 1189 0
802 1960 1
803 1908 1
804 1108 0
805 1418 1
806 2805 1
807 1797 1
808 125 0
809 3385 1
810 339 0
811 558 0
812 3241 1
813 2766 1
814 2926 1
815 2881 1
816 2984 1
817 3243 1
818 510 0
819 1426 0
820 908 0
821 2631 1
822 365 0
823 2576 1
824 3340 1
825 270 1
826 2855 1
827 2570 1
828 2975 1
829 362 0
830 604 0
831 1505 1
832 1589 0
833 1849 1
834 1294 0
835 2155 1
836 2295 0
837 401 0
838 2246 1
839 3282 1
840 2316 1
841 1729 1
842 126 0
843 2609 1
844 3100 1
845 2342 0
846 1470 1
847 2879 1
848 1528 1
849 3143 1
850 1119 0
851 3055 1
852 812 0
853 1401 1
854 805 0
855 1235 1
856 1317 1
857 865 0
858 3356 1
859 1569 1
860 2685 1
861 2364 1
862 650 0
863 2137 1
864 2561 1
865 947 1
866 1993 1
867 1707 1
868 654 0
869 2854 1
870 2920 1
871 1781 1
872 2747 1
873 478 0
874 2699 1
875 1898 1
876 1965 1
877 653 1
878 2549 1
879 364 0
880 2917 1
881 930 0
882 2574 1
883 327 0
884 3237 1
885 3307 1
886 1919 1
887 23 0
888 921 1
889 3033 1
890 2583 1
891 3036 1
892 1850 0
893 1809 1
894 61 0
895 1029 0
896 2216 0
897 2523 0
898 1331 0
899 800 0
900 2234 0
901 24 0
902 3130 1
903 2912 1
904 1668 0
905 2988 1
906 1114 0
907 2548 1
908 3044 1
909 70 0
910 3348 1
911 1016 0
912 2239 1
913 1179 1
914 1817 1
915 2472 1
916 309 0
917 3361 1
918 796 0
919 1609 0
920 2469 1
921 2290 1
922 2950 1
923 848 0
924 3068 1
925 4 0
926 1177 1
927 2038 0
928 2305 1
929 2512 1
930 750 1
931 2826 1
932 580 1
933 825 0
934 1536 1
935 244 0
936 1526 0
937 3065 1
938 2222 1
939 2520 1
940 2638 1
941 2304 0
942 3015 1
943 2955 1
944 1371 1
945 2856 1
946 2070 1
947 1083 1
948 2374 1
949 1321 1
950 1963 1
951 656 0
952 3378 1
953 1644 1
954 1757 1
955 1806 1
956 2615 1
957 2543 1
958 1847 1
959 885 1
960 1222 0
961 212 0
962 2365 1
963 2031 1
964 2039 0
965 211 0
966 3285 1
967 3298 1
968 953 0
969 829 1
970 99 0
971 1763 0
972 3084 1
973 3006 0
974 2819 1
975 2966 1
976 2414 0
977 3401 1
978 2695 1
979 2973 1
980 3024 1
981 2244 0
982 2251 0
983 2126 1
984 1466 0
985 1405 1
986 2102 1
987 1204 1
988 905 0
989 786 0
990 136 0
991 1944 1
992 3083 1
993 492 0
994 1704 1
995 2141 0
996 3184 1
997 2393 1
998 2328 1
999 89 0
1000 3163 1
1001 898 0
1002 442 0
1003 1801 1
1004 1869 1
1005 3106 1
1006 1901 1
1007 1073 0
1008 2493 1
1009 1396 0
1010 2911 1
1011 3372 1
1012 1917 1
1013 1720 0
1014 2721 0
1015 428 0
1016 3175 1
1017 1216 0
1018 2050 0
1019 3327 1
1020 1753 1
1021 3179 1
1022 1787 1
1023 2097 1
1024 1268 0
1025 1111 1
1026 2395 1
1027 2727 1
1028 2379 1
1029 2214 1
1030 298 0
1031 705 0
1032 2115 0
1033 390 0
1034 1870 0
1035 2667 0
1036 2956 1
1037 2396 1
1038 2743 1
1039 2372 1
1040 2596 1
1041 547 0
1042 972 1
1043 1476 1
1044 1112 1
1045 1101 0
1046 3288 1
1047 1913 0
1048 2808 1
1049 869 1
1050 3162 1
1051 3336 1
1052 726 0
1053 175 0
1054 3154 1
1055 3057 1
1056 2046 1
1057 1510 1
1058 646 0
1059 1124 1
1060 697 0
1061 2714 1
1062 2402 0
1063 2069 1
1064 407 0
1065 3077 1
1066 2356 1
1067 1640 0
1068 3388 1
1069 338 0
1070 3066 1
1071 1949 1
1072 1617 1
1073 1072 0
1074 2225 0
1075 3043 1
1076 839 1
1077 2120 1
1078 2852 1
1079 2229 0
1080 2649 0
1081 2253 1
1082 1347 1
1083 919 0
1084 2297 1
1085 2837 1
1086 1452 1
1087 1304 0
1088 3384 1
1089 1733 0
1090 864 0
1091 1512 0
1092 1046 1
1093 1581 1
1094 2006 1
1095 2922 1
1096 951 0
1097 891 0
1098 517 0
1099 2700 1
1100 803 0
1101 3300 1
1102 2104 1
1103 733 0
1104 1163 0
1105 841 0
1106 231 0
1107 3049 1
1108 2012 1
1109 1099 0
1110 1918 1
1111 1803 1
1112 1133 0
1113 2067 1
1114 1653 1
1115 3180 1
1116 308 0
1117 3224 0
1118 2022 1
1119 310 0
1120 1174 0
1121 2362 1
1122 131 0
1123 2096 1
1124 2555 1
1125 1655 0
1126 2718 1
1127 2565 1
1128 1740 0
1129 1115 1
1130 2377 1
1131 914 0
1132 329 0
1133 2750 1
1134 1356 1
1135 31 0
1136 3113 0
1137 3406 1
1138 2320 1
1139 361 0
1140 596 0
1141 1346 0
1142 391 0
1143 325 0
1144 447 0
1145 2665 1
1146 3343 1
1147 1624 1
1148 3219 1
1149 200 0
1150 1162 0
1151 457 0
1152 641 0
1153 1862 0
1154 2858 1
1155 2085 1
1156 1443 1
1157 285 0
1158 2846 1
1159 2332 1
1160 1689 0
1161 1054 0
1162 2436 0
1163 3146 1
1164 2170 0
1165 2062 0
1166 2733 1
1167 1043 1
1168 1612 1
1169 730 0
1170 3223 1
1171 2283 0
1172 866 0
1173 1673 0
1174 427 0
1175 1358 1
1176 466 0
1177 486 0
1178 903 0
1179 1599 1
1180 3098 1
1181 1607 1
1182 660 0
1183 106 0
1184 166 0
1185 2983 0
1186 2531 1
1187 1892 1
1188 1734 0
1189 2833 1
1190 2383 1
1191 1828 0
1192 2979 1
1193 2599 1
1194 909 0
1195 1745 0
1196 410 1
1197 1836 1
1198 1529 0
1199 2437 1
1200 1252 1
1201 567 0
1202 508 0
1203 940 0
1204 316 0
1205 397 0
1206 1761 0
1207 2278 1
1208 880 1
1209 1429 0
1210 473 0
1211 1669 1
1212 2835 0
1213 1675 0
1214 2679 1
1215 1621 0
1216 1627 0
1217 2546 1
1218 3169 1
1219 2313 1
1220 2381 0
1221 2119 1
1222 2770 1
1223 1070 0
1224 2280 1
1225 205 0
1226 2191 1
1227 2696 1
1228 1182 0
1229 991 0
1230 1155 0
1231 1459 1
1232 3095 1
1233 599 0
1234 2897 1
1235 1386 1
1236 2786 1
1237 573 0
1238 3275 1
1239 2061 1
1240 3405 1
1241 3296 1
1242 2974 1
1243 2818 1
1244 760 0
1245 2651 1
1246 13 0
1247 1945 1
1248 3197 1
1249 3218 1
1250 1703 1
1251 3325 1
1252 2042 0
1253 210 0
1254 1851 1
1255 3368 1
1256 2521 1
1257 1721 0
1258 1431 0
1259 147 0
1260 2953 1
1261 3347 0
1262 2822 1
1263 1214 0
1264 531 0
1265 2385 0
1266 140 0
1267 936 0
1268 101 0
1269 297 0
1270 1950 1
1271 3342 1
1272 1313 0
1273 355 0
1274 1224 1
1275 2539 1
1276 884 0
1277 3149 1
1278 2927 1
1279 2169 0
1280 1479 1
1281 3259 1
1282 1448 1
1283 2444 1
1284 589 0
1285 2540 0
1286 1664 0
1287 133 0
1288 3148 0
1289 2418 0
1290 1440 1
1291 1997 1
1292 2593 1
1293 3061 1
1294 2608 1
1295 2995 1
1296 1631 1
1297 893 0
1298 2285 1
1299 2421 0
1300 2095 1
1301 2248 0
1302 1620 0
1303 845 0
1304 1037 0
1305 2172 1
1306 2228 1
1307 1935 1
1308 1409 0
1309 168 0
1310 923 0
1311 672 0
1312 3135 1
1313 2092 0
1314 509 0
1315 127 0
1316 2360 1
1317 3192 1
1318 3023 1
1319 915 1
1320 359 0
1321 956 0
1322 1968 1
1323 1400 0
1324 1303 0
1325 1930 1
1326 2666 1
1327 669 1
1328 1506 0
1329 1139 0
1330 990 0
1331 299 0
1332 1071 1
1333 287 0
1334 2849 1
1335 1422 0
1336 881 1
1337 3245 1
1338 1343 1
1339 1301 0
1340 3216 1
1341 1905 0
1342 2494 0
1343 1976 1
1344 1857 1
1345 1033 0
1346 335 0
1347 3369 1
1348 2199 0
1349 3022 1
1350 1056 0
1351 1902 0
1352 2532 0
1353 1507 1
1354 1280 0
1355 1025 0
1356 2147 1
1357 1364 1
1358 2336 0
1359 88 0
1360 792 0
1361 989 0
1362 2005 0
1363 22 0
1364 2850 1
1365 2312 1
1366 808 0
1367 617 0
1368 291 0
1369 2483 1
1370 2195 1
1371 1559 1
1372 1550 1
1373 3337 1
1374 699 0
1375 2197 0
1376 1943 0
1377 2958 1
1378 3404 1
1379 2188 1
1380 1491 0
1381 483 0
1382 2315 1
1383 611 0
1384 40 0
1385 1296 1
1386 3132 1
1387 3232 1
1388 3073 1
1389 3118 1
1390 1798 0
1391 195 0
1392 1534 0
1393 481 0
1394 2862 1
1395 1737 0
1396 831 0
1397 38 0
1398 519 0
1399 3355 1
1400 1289 0
1401 3156 1
1402 1206 1
1403 1560 1
1404 2282 1
1405 2083 1
1406 2603 0
1407 1123 1
1408 1243 0
1409 734 0
1410 3207 1
1411 2934 0
1412 1568 1
1413 1126 0
1414 3102 1
1415 2815 1
1416 1730 0
1417 1336 1
1418 2200 1
1419 3312 1
1420 2809 1
1421 696 0
1422 3205 0
1423 494 0
1424 354 0
1425 1827 0
1426 763 0
1427 600 0
1428 1001 0
1429 2207 1
1430 618 0
1431 3056 1
1432 577 0
1433 158 0
1434 560 0
1435 2556 1
1436 1498 0
1437 2513 1
1438 657 0
1439 1281 0
1440 1095 0
1441 2961 0
1442 2545 1
1443 1995 0
1444 1357 0
1445 3110 1
1446 1266 0
1447 2878 1
1448 3120 1
1449 1691 1
1450 2028 0
1451 1658 1
1452 2508 1
1453 1309 0
1454 1520 0
1455 910 0
1456 193 0
1457 2722 1
1458 764 0
1459 3028 1
1460 1462 0
1461 417 1
1462 2433 0
1463 904 0
1464 1969 1
1465 2915 1
1466 2288 1
1467 283 0
1468 2563 1
1469 72 0
1470 1032 1
1471 514 0
1472 2044 0
1473 374 0
1474 1327 0
1475 2182 1
1476 1013 0
1477 3136 1
1478 1143 0
1479 822 0
1480 1597 0
1481 1048 0
1482 3150 1
1483 1109 0
1484 2219 1
1485 937 0
1486 352 0
1487 1306 0
1488 415 0
1489 2398 1
1490 1145 0
1491 3128 1
1492 2866 1
1493 3256 1
1494 344 0
1495 420 0
1496 1829 0
1497 1282 1
1498 1846 1
1499 1120 0
1500 49 0
1501 3134 1
1502 3240 1
1503 1695 1
1504 676 0
1505 2584 1
1506 1302 1
1507 2895 1
1508 1285 0
1509 3360 1
1510 628 0
1511 2060 1
1512 347 0
1513 2898 1
1514 84 0
1515 1518 0
1516 3111 1
1517 592 0
1518 1128 1
1519 3147 1
1520 3319 1
1521 9 0
1522 2084 0
1523 3324 1
1524 787 0
1525 621 1
1526 2840 1
1527 459 0
1528 2577 1
1529 2769 1
1530 2303 1
1531 2460 1
1532 2496 0
1533 2648 1
1534 330 0
1535 626 0
1536 117 0
1537 25 0
1538 1844 1
1539 586 1
1540 2036 0
1541 2162 0
1542 2772 1
1543 2526 1
1544 408 0
1545 1676 0
1546 2093 0
1547 1335 1
1548 1380 0
1549 3170 1
1550 732 0
1551 3254 1
1552 163 0
1553 248 0
1554 3164 1
1555 2264 1
1556 725 0
1557 29 0
1558 2413 1
1559 1197 0
1560 155 0
1561 2913 1
1562 3263 1
1563 784 0
1564 373 0
1565 1441 1
1566 724 0
1567 801 0
1568 3332 1
1569 3096 1
1570 1603 0
1571 2774 1
1572 1239 0
1573 1223 1
1574 3058 1
1575 2307 0
1576 2981 1
1577 2426 1
1578 3131 1
1579 42 0
1580 1011 0
1581 985 0
1582 233 0
1583 1106 0
1584 1672 1
1585 2764 1
1586 1986 1
1587 2073 1
1588 3387 1
1589 616 0
1590 146 0
1591 901 0
1592 2768 1
1593 774 1
1594 1434 0
1595 2397 0
1596 411 0
1597 1989 0
1598 1530 0
1599 1687 0
1600 1538 0
1601 107 0
1602 1779 0
1603 2706 1
1604 429 0
1605 1767 0
1606 707 0
1607 3027 1
1608 2887 1
1609 738 0
1610 380 0
1611 2309 0
1612 746 0
1613 1564 0
1614 2480 0
1615 935 0
1616 2175 0
1617 645 0
1618 357 0
1619 1167 0
1620 2524 1
1621 1656 0
1622 2475 1
1623 2632 1
1624 1292 0
1625 2298 1
1626 68 0
1627 369 0
1628 2260 0
1629 694 0
1630 2122 1
1631 1496 1
1632 2052 1
1633 651 0
1634 1837 0
1635 1951 0
1636 1258 0
1637 3062 1
1638 37 0
1639 1262 1
1640 1562 0
1641 3214 1
1642 511 0
1643 1525 0
1644 2501 1
1645 3291 1
1646 1810 0
1647 2940 0
1648 1040 0
1649 2745 1
1650 2613 1
1651 191 0
1652 267 0
1653 3230 1
1654 3002 1
1655 1291 1
1656 2671 1
1657 3123 0
1658 1265 1
1659 2594 0
1660 2242 1
1661 1921 1
1662 2804 0
1663 607 0
1664 1454 0
1665 69 0
1666 3171 1
1667 266 0
1668 2748 1
1669 2196 0
1670 1049 0
1671 128 0
1672 2829 0
1673 2639 0
1674 399 0
1675 3335 1
1676 3039 0
1677 525 0
1678 3016 1
1679 387 0
1680 2272 0
1681 2853 0
1682 1584 1
1683 1782 1
1684 1576 1
1685 296 0
1686 1287 1
1687 2274 1
1688 1378 0
1689 759 0
1690 2202 0
1691 1639 1
1692 3145 0
1693 1983 1
1694 2238 1
1695 855 1
1696 1725 1
1697 1047 0
1698 2701 1
1699 1614 0
1700 1059 0
1701 728 0
1702 3121 1
1703 438 0
1704 375 0
1705 1696 0
1706 3270 1
1707 1660 0
1708 1628 1
1709 3021 1
1710 3394 1
1711 1318 0
1712 71 0
1713 2622 1
1714 1838 0
1715 1762 1
1716 1021 0
1717 1248 0
1718 2319 1
1719 1674 1
1720 221 0
1721 1391 1
1722 1880 0
1723 630 0
1724 1146 1
1725 3187 1
1726 36 0
1727 405 0
1728 1578 0
1729 1743 0
1730 422 0
1731 290 0
1732 2504 1
1733 872 0
1734 1694 1
1735 1097 0
1736 2640 1
1737 2567 0
1738 2346 1
1739 1714 0
1740 196 0
1741 152 0
1742 41 0
1743 3176 1
1744 1169 0
1745 2152 0
1746 2230 1
1747 2354 0
1748 1926 0
1749 1876 1
1750 2842 1
1751 450 0
1752 389 0
1753 1972 1
1754 1445 0
1755 372 0
1756 2227 0
1757 556 0
1758 2090 1
1759 2611 0
1760 2538 0
1761 698 0
1762 720 0
1763 673 0
1764 1493 0
1765 1539 0
1766 1893 1
1767 1600 0
1768 1134 1
1769 1894 0
1770 2841 1
1771 258 0
1772 850 0
1773 187 0
1774 2996 1
1775 1122 0
1776 806 1
1777 2717 1
1778 2326 1
1779 3034 1
1780 2741 0
1781 664 1
1782 2824 1
1783 944 0
1784 295 0
1785 1094 0
1786 137 0
1787 3351 1
1788 319 0
1789 2049 0
1790 2836 1
1791 2329 1
1792 3189 1
1793 659 0
1794 1210 0
1795 356 0
1796 2208 0
1797 892 1
1798 2590 0
1799 129 0
1800 226 0
1801 1064 0
1802 1544 0
1803 3276 1
1804 82 0
1805 2040 0
1806 2131 1
1807 1842 1
1808 868 0
1809 1026 0
1810 203 0
1811 2455 1
1812 1964 0
1813 852 0
1814 1330 1
1815 1004 0
1816 523 0
1817 2019 0
1818 2947 0
1819 3235 1
1820 1822 0
1821 2438 0
1822 100 0
1823 605 0
1824 2621 0
1825 1375 0
1826 109 0
1827 3129 1
1828 1246 0
1829 911 0
1830 2091 0
1831 444 0
1832 952 0
1833 1577 0
1834 2643 1
1835 719 0
1836 1866 1
1837 608 0
1838 631 0
1839 2776 1
1840 807 0
1841 1978 0
1842 2740 0
1843 2692 0
1844 2646 1
1845 1010 0
1846 1934 0
1847 1063 0
1848 3314 1
1849 3127 1
1850 835 1
1851 1608 0
1852 2724 1
1853 341 0
1854 2457 1
1855 2790 0
1856 3051 1
1857 1187 0
1858 1457 0
1859 430 0
1860 1890 1
1861 543 1
1862 1388 0
1863 194 0
1864 1967 0
1865 384 0
1866 889 0
1867 254 0
1868 3354 1
1869 798 0
1870 1914 1
1871 1460 0
1872 2559 1
1873 1516 0
1874 2301 1
1875 1863 1
1876 2587 1
1877 2231 1
1878 761 0
1879 3185 1
1880 2952 0
1881 723 0
1882 2347 1
1883 3258 1
1884 353 0
1885 2900 1
1886 539 0
1887 2627 1
1888 81 0
1889 772 0
1890 3088 1
1891 3246 0
1892 2675 0
1893 77 0
1894 2306 1
1895 1293 0
1896 1727 0
1897 998 0
1898 232 0
1899 2670 0
1900 79 0
1901 939 0
1902 305 0
1903 570 1
1904 44 0
1905 1558 0
1906 561 0
1907 156 0
1908 3265 1
1909 2388 1
1910 1340 0
1911 1786 0
1912 1804 0
1913 2206 1
1914 969 0
1915 1750 0
1916 1708 0
1917 462 0
1918 167 0
1919 2184 1
1920 2259 1
1921 145 0
1922 862 0
1923 1643 0
1924 753 0
1925 1593 0
1926 2893 1
1927 475 0
1928 2943 1
1929 602 0
1930 938 0
1931 65 0
1932 2982 1
1933 2386 1
1934 512 0
1935 634 0
1936 165 0
1937 336 0
1938 1511 0
1939 2500 1
1940 1700 0
1941 2972 1
1942 2625 0
1943 1788 0
1944 1953 0
1945 1366 0
1946 1088 0
1947 19 0
1948 1449 0
1949 680 0
1950 1435 0
1951 1225 0
1952 2368 1
1953 804 0
1954 2971 0
1955 261 1
1956 2503 1
1957 1168 0
1958 2352 0
1959 1636 0
1960 2604 1
1961 2655 1
1962 1755 0
1963 333 0
1964 1053 0
1965 2106 1
1966 1685 0
1967 2249 0
1968 403 0
1969 2351 0
1970 451 0
1971 2317 0
1972 826 0
1973 541 0
1974 1904 0
1975 349 0
1976 2839 0
1977 2371 1
1978 802 0
1979 3390 1
1980 2027 1
1981 747 0
1982 153 0
1983 929 0
1984 2999 1
1985 490 0
1986 941 1
1987 1038 0
1988 896 0
1989 3190 0
1990 489 0
1991 1381 0
1992 432 0
1993 323 0
1994 30 0
1995 667 0
1996 851 0
1997 202 0
1998 264 0
1999 190 0
2000 999 0
2001 2412 0
2002 313 0
2003 1567 0
2004 1226 0
2005 74 0
2006 1344 0
2007 670 0
2008 75 0
2009 92 0
2010 785 0
2011 963 0
2012 1728 1
2013 477 0
2014 505 0
2015 518 0
2016 684 0
2017 610 1
2018 712 0
2019 2816 0
2020 955 0
2021 363 0
2022 861 0
2023 1437 0
2024 663 0
2025 2894 0
2026 11 0
2027 647 0
2028 737 0
2029 834 0
2030 1006 0
2031 2089 0
2032 2021 0
2033 922 0
2034 1186 0
2035 996 0
2036 619 0
2037 33 0
2038 3142 0
2039 218 0
2040 2132 0
2041 606 0
2042 204 0
2043 172 0
2044 311 0
2045 2673 0
2046 345 0
2047 1208 0
2048 675 1
2049 2004 0
2050 1350 0
2051 17 0
2052 1771 0
2053 886 0
2054 14 0
2055 50 0
2056 400 0
2057 496 0
2058 1582 0
2059 2801 0
2060 1992 1
2061 1184 0
2062 16 0
2063 1256 1
2064 1889 0
2065 2691 1
2066 257 0
2067 150 0
2068 2186 0
2069 1131 0
2070 574 0
2071 742 0
2072 367 0
2073 1751 0
2074 358 0
2075 151 0
2076 268 0
2077 229 0
2078 1030 0
2079 585 0
2080 1144 1
2081 1384 0
2082 1351 0
2083 1937 0
2084 108 0
2085 613 0
2086 179 0
2087 160 0
2088 12 0
2089 2810 0
2090 455 0
2091 1138 0
2092 529 1
2093 1956 0
2094 1819 0
2095 2454 1
2096 671 0
2097 1193 0
2098 769 0
2099 2185 0
2100 2192 0
2101 863 0
2102 315 0
2103 1117 1
2104 521 0
2105 395 0
2106 1137 1
2107 289 0
2108 449 1
2109 208 0
2110 314 0
2111 965 0
2112 975 0
2113 1758 0
2114 95 0
2115 1508 0
2116 1369 0
2117 121 0
2118 661 0
2119 421 0
2120 1067 1
2121 810 0
2122 1447 1
2123 1723 1
2124 2124 0
2125 993 0
2126 3092 0
2127 1244 1
2128 1213 0
2129 86 0
2130 223 0
2131 138 0
2132 931 0
2133 1387 0
2134 467 0
2135 278 0
2136 2382 0
2137 214 0
2138 113 0
2139 340 0
2140 2557 0
2141 1242 1
2142 1024 0
2143 132 0
2144 595 0
2145 1136 0
2146 920 1
2147 1311 0
2148 368 0
2149 274 0
2150 414 0
2151 246 0
2152 2094 0
2153 446 0
2154 93 0
2155 461 0
2156 1974 0
2157 326 0
2158 1606 0
2159 18 0
2160 173 0
2161 1533 0
2162 239 0
2163 144 0
2164 177 0
2165 1058 0
2166 35 0
2167 1547 0
2168 3339 0
2169 1078 0
2170 1051 0
2171 468 0
2172 322 0
2173 1861 0
2174 59 0
2175 272 0
2176 749 0
2177 76 0
2178 169 0
2179 197 0
2180 992 0
2181 288 0
2182 1546 0
2183 662 0
2184 21 0
2185 708 0
2186 1212 1
2187 2452 0
2188 388 0
2189 709 0
2190 503 0
2191 1215 0
2192 679 0
2193 1929 0
2194 1879 1
2195 1017 0
2196 2763 0
2197 575 0
2198 181 0
2199 370 0
2200 867 0
2201 1705 0
2202 1323 0
2203 1316 0
2204 2331 1
2205 1000 0
2206 1238 0
2207 227 0
2208 820 0
2209 1957 0
2210 331 0
2211 1263 0
2212 548 0
2213 225 0
2214 123 0
2215 161 0
2216 1397 0
2217 689 0
2218 2284 1
2219 1203 0
2220 535 0
2221 443 0
2222 1382 0
2223 691 0
2224 1818 0
2225 343 0
2226 927 0
2227 485 0
2228 2635 0
2229 334 0
2230 39 0
2231 216 0
2232 814 1
2233 978 1
2234 1061 1
2235 2080 0
2236 668 0
2237 1630 0
2238 2189 0
2239 973 0
2240 2226 0
2241 2713 0
2242 623 0
2243 597 0
2244 615 0
2245 1228 0
2246 1360 0
2247 488 0
2248 300 0
2249 873 0
2250 157 0
2251 736 0
2252 2136 0
2253 1044 0
2254 2025 0
2255 472 0
2256 979 0
2257 1888 1
2258 480 0
2259 456 0
2260 2109 0
2261 8 0
2262 2581 1
2263 3 0
2264 263 0
2265 418 0
2266 256 0
2267 271 0
2268 1523 0
2269 554 0
2270 346 0
2271 1794 0
2272 644 1
2273 2932 0
2274 1805 0
2275 1345 0
2276 695 0
2277 1884 0
2278 423 1
2279 757 0
2280 620 0
2281 601 0
2282 687 1
2283 1626 0
2284 960 0
2285 1941 0
2286 241 0
2287 245 0
2288 178 0
2289 3212 1
2290 2077 0
2291 2127 1
2292 321 0
2293 3310 0
2294 130 0
2295 1625 0
2296 499 0
2297 1247 0
2298 2409 0
2299 678 0
2300 55 0
2301 409 0
2302 425 0
2303 463 0
2304 690 1
2305 3202 1
2306 2957 0
2307 1322 0
2308 1079 0
2309 406 0
2310 479 0
2311 665 0
2312 3157 0
2313 666 0
2314 273 0
2315 980 0
2316 1019 0
2317 1715 0
2318 860 0
2319 859 0
2320 1361 0
2321 238 0
2322 2166 0
2323 102 1
2324 1481 0
2325 1424 0
2326 520 0
2327 773 0
2328 497 0
2329 553 0
2330 1756 0
2331 1276 0
2332 120 0
2333 47 0
2334 743 0
2335 2811 0
2336 182 0
2337 2773 0
2338 2275 0
2339 2578 0
2340 674 0
2341 837 0
2342 513 0
2343 1372 0
2344 1152 0
2345 2529 1
2346 714 0
2347 275 0
2348 799 0
2349 1338 0
2350 360 1
2351 46 0
2352 1427 0
2353 912 1
2354 934 0
2355 1023 0
2356 2477 1
2357 775 0
2358 5 0
2359 2499 0
2360 1066 0
2361 2906 1
2362 1877 1
2363 2986 0
2364 57 0
2365 1823 0
2366 54 0
2367 234 0
2368 2485 0
2369 2517 0
2370 2467 0
2371 2340 0
2372 2449 0
2373 1927 0
2374 1570 1
2375 2265 0
2376 53 0
2377 2921 1
2378 1392 0
2379 1924 0
2380 1645 0
2381 2179 0
2382 569 0
2383 293 0
2384 1731 0
2385 114 0
2386 1036 0
2387 640 0
2388 1748 0
2389 94 0
2390 1611 0
2391 416 0
2392 1068 0
2393 598 0
2394 2793 0
2395 534 0
2396 1159 0
2397 1278 0
2398 2796 1
2399 1180 0
2400 1682 0
2401 259 0
2402 1467 0
2403 2193 0
2404 162 0
2405 1666 0
2406 2933 0
2407 3182 1
2408 844 0
2409 386 0
2410 1075 0
2411 1253 0
2412 1035 0
2413 3020 1
2414 974 0
2415 609 0
2416 111 0
2417 3038 0
2418 1561 0
2419 516 0
2420 469 0
2421 2664 1
2422 833 0
2423 1486 1
2424 198 0
2425 2233 0
2426 1240 0
2427 2218 0
2428 1065 0
2429 1408 0
2430 721 0
2431 98 0
2432 404 0
2433 1635 0
2434 583 0
2435 1352 1
2436 1871 0
2437 1789 0
2438 2571 0
2439 603 0
2440 219 0
2441 1663 0
2442 917 0
2443 658 1
2444 1 0
2445 1542 0
2446 994 0
2447 66 0
2448 143 0
2449 593 0
2450 1759 1
2451 80 0
2452 542 0
2453 1795 0
2454 1848 1
2455 2324 0
2456 1814 0
2457 97 0
2458 201 0
2459 1195 1
2460 970 0
2461 1483 0
2462 253 0
2463 2435 1
2464 62 0
2465 2479 1
2466 754 1
2467 1594 0
2468 858 1
2469 60 0
2470 2034 0
2471 1752 0
2472 385 0
2473 1490 0
2474 436 0
2475 1686 0
2476 1211 0
2477 1015 0
2478 242 0
2479 476 0
2480 87 0
2481 832 0
2482 2133 0
2483 2018 0
2484 1269 1
2485 1156 1
2486 1980 0
2487 412 0
2488 1359 0
2489 1646 0
2490 91 0
2491 2024 1
2492 3311 0
2493 1659 0
2494 1492 0
2495 1034 0
2496 243 0
2497 2465 1
2498 770 0
2499 752 0
2500 710 0
2501 383 0
2502 392 0
2503 440 0
2504 3370 0
2505 431 0
2506 64 0
2507 717 0
2508 2978 1
2509 381 0
2510 1227 1
2511 1170 0
2512 1875 0
2513 180 0
2514 1840 1
2515 171 0
2516 1509 0
2517 2023 1
2518 1339 0
2519 2410 1
2520 1081 0
2521 249 0
2522 1172 0
2523 587 1
2524 149 0
2525 1545 0
2526 744 0
2527 1909 0
2528 1402 0
2529 1185 1
2530 966 0
2531 916 0
2532 551 1
2533 713 0
2534 1749 0
2535 2497 0
2536 43 0
2537 1395 1
2538 1355 0
2539 2443 1
2540 1105 0
2541 522 0
2542 683 0
2543 1791 0
2544 648 0
2545 1007 0
2546 2223 0
2547 756 0
2548 3329 0
2549 1832 0
2550 3005 1
2551 250 0
2552 2712 0
2553 622 0
2554 811 0
2555 2209 0
2556 320 0
2557 2334 0
2558 1028 0
2559 2087 0
2560 563 0
2561 1419 0
2562 926 0
2563 1219 1
2564 2180 0
2565 452 0
2566 1616 0
2567 1732 0
2568 73 0
2569 176 0
2570 1326 0
2571 96 0
2572 27 0
2573 1864 1
2574 1183 0
2575 2250 0
2576 1297 0
2577 1092 0
2578 2267 0
2579 1709 0
2580 1843 1
2581 711 0
2582 1464 0
2583 48 0
2584 1439 1
2585 2043 0
2586 840 0
2587 1946 0
2588 491 0
2589 942 0
2590 2174 0
2591 755 0
2592 1362 0
2593 824 0
2594 1260 0
2595 328 0
2596 3231 0
2597 379 0
2598 504 1
2599 515 0
2600 3126 0
2601 1813 1
2602 1808 1
2603 3042 0
2604 78 0
2605 1421 0
2606 874 0
2607 2619 1
2608 1563 0
2609 192 0
2610 1104 0
2611 413 0
2612 141 0
2613 2279 0
2614 1190 0
2615 1116 1
2616 2731 1
2617 1008 0
2618 2404 0
2619 2378 0
2620 28 0
2621 731 1
2622 2624 0
2623 2268 1
2624 546 0
2625 765 0
2626 350 0
2627 236 0
2628 2355 1
2629 727 0
2630 1415 1
2631 1928 1
2632 148 0
2633 2751 1
2634 1456 0
2635 624 0
2636 3252 0
2637 3160 0
2638 507 0
2639 1305 0
2640 2873 0
2641 899 0
2642 1726 0
2643 2198 0
2644 685 0
2645 1517 0
2646 530 0
2647 2003 0
2648 2030 0
2649 2495 0
2650 1661 0
2651 2194 0
2652 58 0
2653 2370 0
2654 104 0
2655 312 0
2656 846 0
2657 1773 0
2658 282 0
2659 56 0
2660 2601 0
2661 1255 0
2662 2636 0
2663 1042 0
2664 1086 0
2665 2453 0
2666 1274 0
2667 948 1
2668 2634 1
2669 2907 0
2670 1938 0
2671 20 0
2672 538 0
2673 1471 0
2674 853 0
2675 1975 1
2676 2256 0
2677 2002 0
2678 2079 1
2679 2711 0
2680 1141 1
2681 828 0
2682 2591 0
2683 2257 1
2684 1234 0
2685 1002 0
2686 790 0
2687 571 0
2688 2592 1
2689 524 0
2690 643 1
2691 1365 0
2692 2863 0
2693 2728 0
2694 1897 0
2695 1772 0
2696 2405 0
2697 1722 1
2698 474 0
2699 1005 0
2700 1940 0
2701 581 0
2702 2564 1
2703 1363 0
2704 876 1
2705 878 0
2706 2880 0
2707 2163 0
2708 2492 1
2709 1160 0
2710 533 0
2711 748 0
2712 2048 0
2713 1958 0
2714 2541 0
2715 1966 1
2716 2261 0
2717 1872 0
2718 1747 1
2719 1665 0
2720 495 0
2721 819 0
2722 1555 0
2723 976 0
2724 2530 0
2725 2205 0
2726 301 0
2727 471 0
2728 614 0
2729 1057 0
2730 1450 1
2731 1096 1
2732 2633 1
2733 1082 0
2734 1985 1
2735 2350 0
2736 116 0
2737 701 0
2738 704 0
2739 1604 0
2740 134 0
2741 1638 1
2742 2951 0
2743 633 0
2744 448 0
2745 1754 0
2746 686 0
2747 849 0
2748 3183 1
2749 1574 0
2750 2434 1
2751 857 0
2752 1858 0
2753 1793 0
2754 217 0
2755 1069 1
2756 1548 0
2757 1701 0
2758 897 0
2759 2105 0
2760 1410 0
2761 1416 0
2762 1199 0
2763 2657 0
2764 2807 0
2765 1867 0
2766 3333 0
2767 1746 1
2768 1050 0
2769 170 0
2770 439 0
2771 1667 0
2772 2506 0
2773 1738 0
2774 484 0
2775 2674 1
2776 1839 0
2777 3317 0
2778 1716 0
2779 2442 0
2780 2059 1
2781 159 0
2782 879 0
2783 1093 1
2784 2165 1
2785 2580 0
2786 2654 0
2787 105 0
2788 6 0
2789 1150 0
2790 1403 0
2791 67 0
2792 2387 0
2793 3122 0
2794 932 0
2795 213 0
2796 1142 0
2797 527 0
2798 2551 0
2799 1254 0
2800 1618 0
2801 1039 1
2802 1650 0
2803 1595 0
2804 629 0
2805 1461 1
2806 2637 0
2807 1257 0
2808 1009 0
2809 1279 0
2810 582 0
2811 779 0
2812 3379 1
2813 1712 1
2814 1792 0
2815 51 0
2816 1377 0
2817 2406 1
2818 470 0
2819 2781 1
2820 215 0
2821 1543 0
2822 1198 0
2823 1770 1
2824 3271 1
2825 500 0
2826 63 0
2827 584 0
2828 740 0
2829 188 0
2830 636 0
2831 783 0
2832 2135 0
2833 1835 1
2834 1102 0
2835 2476 0
2836 2114 0
2837 1494 0
2838 1207 0
2839 1245 0
2840 791 0
2841 1158 0
2842 1127 0
2843 882 0
2844 441 0
2845 2905 0
2846 2258 0
2847 1129 1
2848 2516 0
2849 2597 1
2850 135 0
2851 424 0
2852 1830 1
2853 2944 1
2854 1140 0
2855 1774 0
2856 1613 0
2857 454 0
2858 2886 0
2859 1428 0
2860 1566 1
2861 968 0
2862 1515 0
2863 2515 1
2864 2916 0
2865 568 0
2866 142 0
2867 718 0
2868 1647 0
2869 1022 1
2870 967 0
2871 544 0
2872 1315 1
2873 590 0
2874 284 0
2875 224 0
2876 2037 0
2877 540 0
2878 1874 0
2879 1887 0
2880 1299 0
2881 2017 0
2882 2145 0
2883 3234 0
2884 2014 0
2885 1480 0
2886 2075 0
2887 2367 1
2888 2088 1
2889 119 0
2890 2241 0
2891 199 1
2892 1906 0
2893 1194 0
2894 771 0
2895 2271 1
2896 237 0
2897 2828 1
2898 185 0
2899 2908 1
2900 2057 0
2901 739 1
2902 2432 0
2903 342 0
2904 453 0
2905 1333 0
2906 2151 0
2907 1959 0
2908 1290 0
2909 1845 0
2910 1499 1
2911 2431 1
2912 3358 0
2913 3242 0
2914 1826 0
2915 875 0
2916 3125 1
2917 1678 0
2918 2519 0
2919 2203 0
2920 2882 1
2921 797 0
2922 1100 0
2923 279 0
2924 139 0
2925 398 0
2926 3082 1
2927 1267 0
2928 1077 0
2929 576 0
2930 122 0
2931 1741 0
2932 2161 0
2933 564 0
2934 1654 0
2935 1468 0
2936 2910 1
2937 2416 1
2938 1020 0
2939 1376 0
2940 766 0
2941 2348 0
2942 2009 1
2943 1484 0
2944 1910 0
2945 2874 1
2946 890 0
2947 2736 0
2948 1923 1
2949 2814 0
2950 2684 1
2951 2121 0
2952 1596 0
2953 702 0
2954 2013 0
2955 183 0
2956 1587 1
2957 1328 0
2958 1540 0
2959 1236 0
2960 2001 0
2961 3371 1
2962 1389 0
2963 1690 0
2964 2659 0
2965 52 0
2966 1374 0
2967 240 0
2968 433 0
2969 487 0
2970 2738 1
2971 3364 0
2972 1513 0
2973 2605 1
2974 2686 1
2975 3000 0
2976 2440 0
2977 2117 0
2978 1084 0
2979 1432 0
2980 1573 0
2981 3221 0
2982 1718 1
2983 2473 1
2984 2032 0
2985 1436 0
2986 830 1
2987 2422 0
2988 1465 1
2989 2033 0
2990 2931 1
2991 2954 1
2992 2325 0
2993 1354 0
2994 292 0
2995 376 0
2996 1642 0
2997 2683 0
2998 2800 1
2999 1463 0
3000 1161 0
3001 1860 1
3002 1332 0
3003 2113 0
3004 907 0
3005 294 0
3006 3204 0
3007 2527 1
3008 1706 0
3009 2825 1
3010 758 0
3011 870 0
3012 396 0
3013 207 0
3014 578 0
3015 1933 0
3016 1298 0
3017 2468 0
3018 735 0
3019 2644 0
3020 549 0
3021 1337 0
3022 1060 1
3023 1273 0
3024 1181 0
3025 2730 0
3026 2400 0
3027 3284 0
3028 2321 1
3029 1991 0
3030 2662 0
3031 3376 1
3032 3099 0
3033 2108 1
3034 986 0
3035 3181 0
3036 318 1
3037 2 0
3038 277 0
3039 2391 0
3040 1693 0
3041 2705 0
3042 1132 0
3043 782 0
3044 2221 0
3045 2851 0
3046 3201 1
3047 437 0
3048 2054 0
3049 45 0
3050 2262 0
3051 722 0
3052 2509 0
3053 1571 0
3054 1074 1
3055 2254 0
3056 817 0
3057 2746 0
3058 3247 0
3059 2554 0
3060 1272 0
3061 1288 0
3062 2424 0
3063 2889 0
3064 382 0
3065 550 0
3066 827 1
3067 1283 0
3068 2650 1
3069 1385 0
3070 3366 0
3071 3054 0
3072 2552 1
3073 2142 0
3074 1027 0
3075 794 0
3076 1250 1
3077 1912 0
3078 1629 1
3079 2946 0
3080 2183 1
3081 1684 0
3082 3133 0
3083 1637 1
3084 2366 0
3085 1541 0
3086 2647 0
3087 2742 0
3088 895 0
3089 393 0
3090 1883 0
3091 460 0
3092 262 0
3093 2389 0
3094 958 1
3095 2255 0
3096 1821 0
3097 435 0
3098 247 0
3099 1125 1
3100 1601 0
3101 1314 0
3102 2925 0
3103 1916 0
3104 1202 0
3105 2486 1
3106 2868 1
3107 1324 0
3108 1475 0
3109 1979 0
3110 302 0
3111 1423 0
3112 1157 0
3113 637 1
3114 2425 1
3115 3076 1
3116 2245 0
3117 1087 0
3118 988 0
3119 2204 1
3120 588 1
3121 228 0
3122 2066 0
3123 943 0
3124 371 0
3125 1221 0
3126 557 0
3127 559 0
3128 793 0
3129 1859 0
3130 1406 0
3131 681 0
3132 983 0
3133 2007 0
3134 2547 1
3135 85 0
3136 2430 1
3137 949 0
3138 2924 0
3139 2612 1
3140 2606 1
3141 2118 0
3142 2652 1
3143 2653 1
3144 1205 0
3145 1055 0
3146 2399 0
3147 1683 1
3148 1920 0
3149 366 0
3150 2756 0
3151 2573 0
3152 781 1
3153 2273 0
3154 842 0
3155 888 0
3156 2698 1
3157 1932 1
3158 2799 1
3159 2376 0
3160 3030 1
3161 1286 0
3162 1586 0
3163 961 0
3164 1329 0
3165 2505 1
3166 332 0
3167 2008 0
3168 639 0
3169 2528 0
3170 3208 1
3171 1107 0
3172 854 0
3173 303 0
3174 945 0
3175 3161 0
3176 1622 0
3177 703 0
3178 2450 1
3179 925 0
3180 348 0
3181 1778 0
3182 2802 1
3183 3313 1
3184 2330 0
3185 762 0
3186 981 1
3187 3316 0
3188 1948 0
3189 2243 0
3190 562 0
3191 1113 0
3192 2337 1
3193 3228 1
3194 2618 0
3195 2215 1
3196 3064 0
3197 2553 0
3198 3108 1
3199 2720 1
3200 3377 1
3201 1537 0
3202 1952 1
3203 788 1
3204 3295 0
3205 1652 0
3206 1833 0
3207 2569 1
3208 2884 0
3209 3089 0
3210 3278 0
3211 2345 1
3212 913 0
3213 1524 0
3214 2542 1
3215 1962 0
3216 2139 1
3217 2487 1
3218 579 0
3219 1098 0
3220 112 0
3221 3403 1
3222 2047 0
3223 260 1
3224 1856 0
3225 402 0
3226 154 0
3227 307 0
3228 2672 1
3229 2823 1
3230 2446 0
3231 3116 1
3232 1602 0
3233 1497 0
3234 3010 1
3235 2919 1
3236 715 0
3237 2777 0
3238 809 0
3239 3193 1
3240 2289 1
3241 2390 1
3242 3323 0
3243 1855 1
3244 2779 0
3245 2568 1
3246 2642 0
3247 1175 0
3248 1591 0
3249 2247 0
3250 652 0
3251 3220 1
3252 815 0
3253 1353 0
3254 2484 0
3255 2709 0
3256 1922 0
3257 3373 0
3258 186 0
3259 2797 0
3260 124 0
3261 2694 0
3262 780 0
3263 1488 0
3264 2128 0
3265 1535 1
3266 1775 0
3267 2357 1
3268 1446 0
3269 90 0
3270 2928 1
3271 1815 0
3272 3257 1
3273 3194 0
3274 2236 0
3275 1971 0
3276 2845 1
3277 118 0
3278 1485 1
3279 445 1
3280 2969 0
3281 1367 1
3282 1553 1
3283 706 0
3284 2210 0
3285 777 0
3286 3107 0
3287 3025 1
3288 987 0
3289 2535 0
3290 3353 0
3291 2959 1
3292 2072 0
3293 2353 0
3294 2719 1
3295 1342 1
3296 632 0
3297 1907 0
3298 1799 0
3299 1531 0
3300 337 0
3301 789 1
3302 1790 0
3303 2511 0
3304 1886 0
3305 1800 0
3306 2723 1
3307 3297 0
3308 2149 0
3309 1308 1
3310 3269 1
3311 1249 0
3312 220 0
3313 3141 0
3314 1341 0
3315 2703 1
3316 1209 0
3317 2157 1
3318 1442 0
3319 532 0
3320 1554 1
3321 2451 0
3322 115 0
3323 2929 1
3324 306 0
3325 1735 1
3326 954 0
3327 1220 0
3328 3048 1
3329 1990 1
3330 2704 0
3331 2419 0
3332 818 0
3333 813 0
3334 206 0
3335 2734 1
3336 26 0
3337 2318 0
3338 1121 0
3339 1469 1
3340 2789 0
3341 1232 0
3342 2936 1
3343 1477 0
3344 2544 0
3345 1565 0
3346 3381 1
3347 1583 0
3348 2586 1
3349 1503 0
3350 265 0
3351 2792 1
3352 2935 1
3353 1370 0
3354 2626 0
3355 1768 0
3356 2693 1
3357 2630 1
3358 1229 0
3359 1825 1
3360 1841 0
3361 3352 1
3362 2471 1
3363 0 0
3364 3007 0
3365 3294 1
3366 1149 1
3367 2620 0
3368 1947 0
3369 2314 1
3370 2964 0
3371 1200 0
3372 2322 0
3373 2164 1
3374 552 1
3375 1430 0
3376 1619 1
3377 32 0
3378 767 0
3379 222 0
3380 2220 0
3381 677 0
3382 2737 1
3383 1393 0
3384 1130 0
3385 2914 0
3386 2373 1
3387 751 0
3388 2820 1
3389 894 0
3390 3266 1
3391 2598 1
3392 1744 1
3393 2296 0
3394 2123 0
3395 103 0
3396 3363 1
3397 2566 1
3398 2420 0
3399 2831 0
3400 1896 1
3401 1148 1
3402 3320 1
3403 2462 1
3404 3392 1
3405 2872 1
3406 2834 1
3407 1275 0
3408 3155 1
