0 1
1 1
2 1
3 1
4 1
5 1
6 1
7 1
8 1
9 1
10 1
11 1
12 1
13 1
14 1
15 1
16 1
17 1
18 1
19 1
20 1
21 1
22 1
23 1
24 1
25 1
26 1
27 1
28 1
29 1
30 1
31 1
32 1
33 1
34 1
35 1
36 1
37 1
38 1
39 1
40 1
41 1
42 1
43 1
44 1
45 1
46 1
47 1
48 1
49 1
50 1
51 1
52 1
53 1
54 1
55 1
56 1
57 1
58 1
59 1
60 1
61 1
62 1
63 1
64 1
65 1
66 1
67 1
68 1
69 1
70 1
71 1
72 1
73 1
74 1
75 1
76 1
77 1
78 1
79 1
80 1
81 1
82 1
83 1
84 1
85 1
86 1
87 1
88 1
89 1
90 1
91 1
92 1
93 1
94 1
95 1
96 1
97 1
98 1
99 1
100 1
101 1
102 1
103 1
104 1
105 1
106 1
108 1
109 1
110 1
111 1
112 1
113 1
114 1
115 1
116 1
117 1
118 1
119 1
120 1
121 1
122 1
123 1
124 1
125 1
126 1
127 1
128 1
129 1
131 1
132 1
133 1
134 1
135 1
136 1
137 1
138 1
139 1
140 1
141 1
142 1
143 1
144 1
145 1
146 1
147 1
148 1
149 1
150 1
151 1
152 1
153 1
154 1
155 1
156 1
157 1
158 1
159 1
160 1
161 1
162 1
163 1
164 1
165 1
166 1
167 1
168 1
169 1
170 1
171 1
172 1
173 1
174 1
175 1
176 1
177 1
178 1
179 1
180 1
181 1
182 1
183 1
184 1
185 1
186 1
187 1
188 1
189 1
190 1
191 1
192 1
193 1
194 1
195 1
196 1
197 1
198 1
199 1
200 1
201 1
202 1
203 1
204 1
205 1
206 1
207 1
208 1
209 1
210 1
211 1
212 1
213 1
214 1
215 1
216 1
217 1
218 1
219 1
220 1
221 1
222 1
223 1
224 1
225 1
226 1
227 1
228 1
229 0
230 1
231 1
232 1
233 1
234 1
235 1
236 1
237 1
238 1
239 1
240 1
241 1
242 1
243 1
244 1
245 1
246 1
247 1
248 1
249 1
250 1
251 1
252 1
253 1
254 1
255 1
256 1
257 1
258 1
259 1
260 1
261 1
262 1
263 1
264 1
265 1
266 1
267 1
268 0
269 1
270 1
271 1
272 1
273 1
274 1
275 1
276 1
277 1
278 1
279 1
280 1
281 1
282 1
283 1
284 1
285 1
286 1
287 1
288 1
289 1
290 1
291 1
292 1
293 1
294 1
295 1
296 1
297 1
298 1
299 1
300 1
301 1
302 1
303 1
304 1
305 1
306 1
307 1
308 1
309 1
310 1
311 1
312 1
313 1
314 1
315 1
316 1
317 1
318 0
319 1
320 1
321 1
322 1
323 1
324 1
325 1
326 1
327 1
328 1
329 1
330 1
331 1
332 1
333 1
334 1
335 1
336 1
337 1
338 1
339 1
340 1
341 1
342 1
343 1
344 1
345 1
346 1
347 1
348 1
349 1
350 1
351 1
352 1
353 1
354 1
355 1
356 1
358 1
359 1
360 1
361 1
362 1
363 1
364 1
365 1
366 1
367 1
368 1
369 1
370 1
371 1
372 1
373 1
374 1
375 1
376 1
377 1
378 1
379 1
380 1
381 1
382 1
383 1
384 1
385 1
386 1
387 1
388 1
389 1
390 1
391 1
392 1
393 1
394 1
395 1
396 1
397 1
398 1
399 1
400 1
401 1
402 1
403 1
404 1
405 1
406 1
407 1
408 1
409 1
410 1
411 1
412 1
413 1
414 1
415 1
416 1
417 1
418 1
419 1
420 1
421 1
422 1
423 1
424 1
425 1
426 1
427 1
428 1
429 1
430 1
431 1
432 1
433 1
434 1
435 1
436 1
437 1
438 1
439 1
440 1
441 1
442 1
443 1
444 1
445 1
446 1
447 1
448 1
449 1
450 1
451 1
452 1
453 1
454 1
455 1
456 1
457 1
458 1
459 1
460 0
461 1
462 1
463 1
464 1
465 1
466 1
467 1
468 1
469 1
470 1
471 1
472 1
473 1
474 1
475 1
476 1
477 1
478 1
479 1
480 1
481 1
482 1
483 1
484 1
485 1
486 1
487 1
488 1
489 1
490 1
491 1
492 1
493 1
494 1
495 1
496 1
497 1
498 1
499 1
500 1
501 1
502 1
503 1
504 1
505 1
506 1
507 1
508 1
509 1
510 1
511 1
512 1
513 1
514 1
515 1
516 1
517 1
518 1
519 1
520 1
521 1
522 1
523 1
524 1
525 1
526 1
527 1
528 1
529 1
530 1
531 1
532 1
533 1
534 1
535 1
536 1
537 1
538 1
539 1
540 1
541 1
542 1
543 1
544 1
545 1
546 1
547 1
548 1
549 1
550 1
551 1
552 1
553 1
554 1
555 1
556 1
557 1
558 1
559 1
560 1
561 1
562 1
563 1
564 1
565 1
566 1
567 1
568 1
569 0
570 1
571 1
573 1
574 1
575 1
576 0
577 0
578 1
579 1
580 1
581 1
582 1
583 1
584 1
585 1
586 1
587 1
588 1
589 1
590 1
591 1
592 1
593 1
594 1
595 1
596 1
597 1
598 1
599 1
600 1
601 1
602 0
603 1
604 1
605 1
606 1
607 1
608 1
609 1
610 1
611 1
612 1
613 1
614 1
615 1
616 1
617 1
618 1
619 1
620 1
621 1
622 1
623 1
624 1
625 1
626 1
627 1
628 1
629 1
630 1
631 1
632 1
633 1
634 1
635 1
636 1
637 1
638 1
639 1
640 1
641 1
642 1
643 1
644 1
645 1
647 1
648 1
649 1
650 1
651 1
652 1
653 1
654 1
655 1
656 1
657 0
658 1
659 1
660 1
661 1
662 1
663 1
664 1
665 1
666 1
667 1
668 1
669 1
670 0
671 0
672 1
673 1
674 1
675 1
676 1
677 1
678 1
679 1
680 1
681 1
682 1
683 1
684 1
685 1
686 1
687 1
688 1
689 1
690 1
691 1
692 1
693 1
694 1
695 0
696 1
697 1
698 0
699 1
700 1
701 1
702 0
703 1
704 1
705 1
706 0
707 1
708 1
709 1
710 1
711 1
712 0
713 1
714 1
715 1
716 1
717 1
718 1
719 1
720 1
721 1
722 1
723 1
724 1
725 1
726 1
727 1
728 1
729 0
730 1
731 1
732 1
733 1
734 1
735 1
736 1
737 0
738 1
739 1
740 1
741 1
742 1
743 1
744 0
745 1
746 1
747 1
748 1
749 1
750 1
751 1
752 1
753 1
754 1
755 1
756 1
757 1
758 1
759 1
760 1
761 1
762 1
763 1
764 1
765 1
766 1
767 1
768 1
769 1
770 1
772 1
773 1
774 1
775 1
776 1
777 1
778 1
779 1
780 1
781 1
782 1
783 1
784 1
785 1
786 1
787 1
788 1
789 1
790 1
791 1
792 1
793 1
794 1
795 1
796 1
797 1
798 1
799 0
800 1
801 1
802 1
803 1
804 1
805 1
806 1
807 1
808 1
809 1
810 0
811 1
812 1
813 1
814 1
815 1
816 0
817 1
818 1
819 1
820 1
821 1
822 1
823 1
824 1
825 1
826 1
827 1
828 1
829 1
830 1
831 1
832 1
833 1
834 1
835 1
836 1
837 0
838 1
839 1
840 1
841 1
842 1
843 1
844 1
845 0
846 1
847 1
848 1
849 1
850 1
851 0
852 1
853 1
854 1
855 1
856 1
857 1
858 0
859 1
860 1
861 1
863 1
864 1
865 1
866 1
867 1
868 1
869 1
870 1
871 1
872 1
873 1
874 1
875 0
876 1
877 1
878 1
879 1
880 1
881 0
882 1
883 1
884 1
885 1
886 0
887 1
888 1
889 1
890 1
891 1
892 0
893 0
894 1
895 1
896 1
897 1
898 1
899 1
900 1
901 0
902 1
903 1
904 0
905 1
906 1
907 1
908 1
909 1
910 1
911 1
912 1
913 1
914 1
915 1
916 1
917 0
918 1
919 1
920 1
921 1
922 1
923 0
924 1
925 1
926 0
927 1
928 1
929 0
930 1
931 0
932 1
933 1
934 1
935 1
936 1
937 1
938 1
939 1
940 1
941 1
942 0
943 1
944 1
945 1
946 1
947 1
948 0
949 1
950 0
951 0
952 1
953 1
954 1
955 1
956 1
957 1
958 1
959 1
960 0
961 1
962 1
963 0
964 1
965 1
966 1
967 0
968 1
969 1
970 1
971 1
972 1
973 1
974 1
975 0
976 1
977 1
978 0
979 1
980 1
981 1
982 1
983 1
984 1
985 0
986 1
987 0
989 1
990 1
991 0
992 1
993 1
994 0
995 1
996 1
997 1
998 1
999 1
1000 1
1001 1
1002 1
1004 1
1005 1
1006 1
1007 1
1008 1
1009 1
1010 1
1011 0
1012 1
1013 1
1014 1
1015 1
1016 1
1017 1
1018 1
1019 0
1020 1
1021 1
1022 1
1023 1
1024 1
1025 1
1026 0
1028 1
1029 1
1030 0
1031 1
1032 1
1033 1
1034 0
1035 1
1036 1
1038 1
1039 1
1040 1
1041 0
1042 0
1043 1
1044 1
1045 1
1046 1
1047 0
1048 0
1049 0
1050 1
1051 0
1052 0
1053 0
1054 1
1055 0
1056 0
1057 1
1058 0
1059 1
1060 1
1061 1
1062 1
1064 1
1065 1
1066 1
1067 1
1068 0
1070 0
1071 1
1072 0
1073 0
1074 0
1075 0
1076 1
1077 1
1078 0
1079 0
1080 1
1081 1
1082 0
1083 1
1084 1
1085 1
1086 1
1087 0
1088 1
1089 1
1090 1
1091 0
1092 1
1093 1
1094 1
1095 1
1096 1
1097 1
1098 1
1099 1
1100 1
1102 0
1103 0
1104 1
1105 0
1106 0
1107 1
1108 0
1109 1
1110 0
1111 1
1112 1
1113 0
1114 0
1115 1
1116 1
1117 1
1118 0
1119 1
1120 1
1121 1
1122 0
1123 1
1124 1
1125 0
1126 1
1127 0
1128 0
1129 1
1130 0
1131 0
1133 1
1134 1
1135 1
1136 0
1137 0
1138 1
1139 0
1140 0
1141 1
1143 1
1144 1
1145 1
1146 1
1147 1
1148 0
1152 1
1153 0
1154 1
1156 1
1157 0
1158 0
1159 0
1160 0
1161 0
1162 0
1163 0
1164 1
1165 1
1166 0
1168 0
1169 0
1170 1
1171 0
1172 1
1173 1
1174 0
1175 1
1176 1
1177 1
1178 0
1179 0
1181 1
1183 1
1184 1
1186 1
1187 0
1188 1
1189 1
1190 1
1191 1
1192 1
1193 1
1194 1
1195 0
1196 1
1197 1
1198 0
1199 0
1200 1
1201 1
1202 1
1203 1
1204 1
1205 0
1206 0
1208 1
1209 1
1210 1
1212 0
1213 1
1214 1
1215 0
1216 1
1217 1
1218 1
1219 1
1221 1
1222 1
1224 1
1225 0
1226 1
1227 0
1228 1
1229 1
1230 1
1232 1
1233 1
1234 1
1235 0
1236 1
1237 0
1238 0
1239 0
1240 1
1241 1
1242 0
1243 0
1244 0
1245 0
1247 1
1249 0
1250 0
1251 1
1252 1
1254 1
1255 0
1256 1
1257 1
1258 0
1259 0
1260 0
1261 1
1262 1
1263 0
1264 1
1265 0
1266 0
1267 1
1268 1
1269 0
1273 0
1274 0
1275 0
1276 0
1277 1
1278 0
1279 0
1280 1
1281 0
1282 0
1283 0
1284 1
1285 1
1286 1
1287 0
1288 1
1289 1
1290 0
1291 1
1292 1
1293 0
1294 1
1295 0
1296 0
1297 1
1298 0
1300 0
1301 0
1302 1
1303 1
1304 0
1305 0
1306 0
1307 1
1308 0
1309 0
1310 0
1311 1
1312 0
1313 1
1314 1
1315 1
1316 0
1317 1
1318 1
1319 1
1320 0
1321 0
1322 1
1323 0
1324 1
1325 0
1326 0
1327 1
1328 0
1329 0
1330 0
1331 1
1332 0
1333 1
1334 0
1335 1
1336 0
1337 1
1338 0
1339 1
1340 0
1341 1
1342 1
1343 1
1344 0
1345 0
1346 0
1347 1
1348 0
1349 1
1350 1
1351 0
1352 1
1353 0
1354 0
1355 0
1356 0
1357 0
1358 0
1360 1
1361 0
1362 1
1363 0
1364 1
1365 0
1366 1
1367 1
1368 1
1369 0
1370 1
1371 1
1372 1
1373 1
1374 1
1375 1
1376 0
1377 0
1378 1
1379 0
1380 0
1381 0
1382 1
1383 1
1384 0
1385 0
1386 0
1387 0
1388 1
1389 0
1390 0
1391 0
1392 0
1393 1
1394 0
1395 1
1396 1
1397 1
1398 0
1399 1
1400 0
1401 0
1402 1
1403 0
1404 0
1405 1
1406 0
1407 0
1408 0
1409 1
1410 0
1411 1
1412 1
1413 0
1414 0
1415 1
1416 1
1417 0
1418 1
1419 0
1420 1
1421 1
1422 0
1423 1
1424 0
1425 1
1426 0
1427 0
1428 1
1429 0
1430 0
1432 0
1433 0
1434 1
1435 1
1436 0
1437 0
1438 0
1439 1
1440 0
1441 1
1442 0
1443 0
1444 0
1445 1
1446 1
1447 1
1449 1
1450 0
1451 1
1452 0
1453 0
1454 1
1455 1
1457 0
1458 1
1459 0
1460 0
1461 1
1462 0
1464 0
1465 1
1466 0
1467 0
1468 0
1469 0
1470 0
1471 0
1472 0
1473 0
1474 1
1475 0
1476 1
1477 1
1478 0
1479 1
1480 0
1481 0
1482 0
1483 0
1484 0
1485 0
1486 0
1487 0
1488 0
1489 0
1490 0
1491 1
1492 1
1493 1
1494 0
1495 1
1496 1
1497 0
1499 0
1500 1
1501 1
1502 0
1503 0
1504 1
1505 1
1506 0
1507 1
1508 0
1509 0
1510 0
1511 1
1512 0
1514 1
1515 0
1516 1
1517 1
1518 0
1519 1
1520 1
1521 1
1522 1
1523 0
1524 1
1525 1
1526 1
1527 0
1528 1
1530 0
1531 0
1532 1
1533 1
1534 0
1535 1
1537 0
1538 0
1539 0
1540 0
1541 0
1542 0
1543 0
1544 0
1545 1
1546 1
1547 1
1548 0
1549 0
1550 0
1551 0
1552 0
1553 1
1554 1
1555 0
1556 1
1557 0
1558 0
1559 1
1560 0
1561 1
1562 1
1563 0
1564 0
1565 0
1566 1
1567 0
1568 1
1569 0
1570 0
1571 1
1572 1
1573 0
1574 0
1575 1
1576 0
1577 1
1579 0
1580 0
1581 1
1582 0
1583 1
1584 0
1585 1
1586 0
1587 1
1588 1
1589 0
1590 0
1591 1
1592 1
1593 0
1594 0
1595 1
1596 0
1597 0
1598 0
1599 0
1600 0
1601 0
1602 0
1603 0
1604 1
1605 1
1606 1
1607 1
1608 1
1609 1
1610 0
1611 0
1612 0
1613 0
1614 0
1615 0
1616 0
1617 1
1618 1
1619 1
1620 1
1621 1
1622 0
1623 0
1624 1
1625 0
1626 0
1627 1
1629 0
1630 0
1631 0
1632 1
1633 0
1634 0
1635 0
1636 0
1637 1
1638 0
1639 0
1640 1
1641 0
1642 0
1643 0
1644 0
1645 0
1646 1
1647 0
1648 0
1649 1
1650 0
1651 1
1652 1
1653 1
1654 1
1655 0
1656 1
1657 1
1658 0
1659 0
1660 0
1661 1
1662 1
1663 0
1664 1
1665 0
1666 1
1667 0
1668 0
1669 0
1670 0
1671 1
1672 1
1673 0
1674 0
1675 0
1676 1
1677 0
1678 1
1679 1
1680 0
1681 0
1682 0
1683 0
1684 0
1685 1
1686 0
1687 0
1688 0
1689 0
1690 1
1691 1
1692 1
1693 1
1694 0
1695 0
1696 0
1697 1
1698 0
1699 0
1700 0
1701 0
1702 0
1703 0
1704 1
1705 0
1706 1
1707 0
1708 0
1711 0
1712 1
1713 0
1714 0
1715 0
1716 0
1718 0
1719 0
1720 0
1721 0
1722 1
1723 1
1724 0
1725 1
1726 0
1727 1
1729 0
1730 0
1731 0
1732 0
1733 0
1734 1
1735 0
1736 1
1737 0
1738 1
1739 1
1741 1
1742 1
1743 1
1744 0
1745 0
1746 0
1747 0
1748 0
1749 0
1750 0
1751 0
1752 0
1753 0
1754 0
1755 0
1756 0
1757 0
1758 0
1759 1
1760 0
1761 0
1762 1
1763 0
1764 0
1765 0
1767 0
1768 0
1770 0
1771 0
1772 0
1773 0
1774 1
1775 0
1776 0
1777 1
1778 1
1779 0
1780 0
1781 0
1782 1
1783 0
1784 1
1785 0
1786 0
1787 0
1788 0
1789 0
1790 0
1791 0
1792 0
1793 1
1794 0
1796 1
1797 0
1798 0
1800 1
1801 0
1802 0
1803 0
1804 0
1805 0
1806 1
1807 1
1808 1
1809 1
1810 0
1811 0
1812 0
1813 1
1814 0
1815 1
1816 0
1817 0
1818 1
1819 0
1820 0
1821 0
1822 0
1823 0
1824 1
1825 0
1826 1
1827 1
1828 0
1829 0
1830 1
1831 1
1832 0
1833 1
1834 1
1835 0
1836 0
1837 0
1838 0
1839 0
1840 0
1841 0
1842 0
1843 0
1844 1
1845 0
1846 0
1847 0
1849 0
1850 0
1851 0
1852 1
1853 1
1854 0
1855 0
1857 0
1858 0
1859 0
1860 0
1861 0
1862 0
1863 0
1864 1
1865 1
1866 0
1867 0
1868 1
1869 0
1870 0
1871 1
1872 1
1873 1
1874 0
1875 1
1876 1
1877 0
1878 1
1879 1
1880 1
1881 1
1882 0
1883 0
1884 0
1885 0
1886 0
1887 1
1888 0
1889 0
1890 0
1891 1
1892 0
1893 0
1894 0
1895 0
1896 0
1897 0
1898 0
1899 0
1900 0
1901 0
1902 1
1903 1
1904 1
1905 1
1906 1
1907 1
1908 0
1909 1
1910 1
1911 0
1912 1
1913 0
1915 1
1916 0
1917 0
1918 1
1919 0
1920 0
1921 0
1923 0
1925 1
1926 0
1927 0
1928 0
1929 0
1930 1
1931 1
1933 0
1934 0
1935 0
1936 0
1937 0
1938 0
1939 0
1940 0
1941 1
1942 0
1943 0
1944 0
1945 1
1946 0
1947 1
1948 1
1949 1
1950 0
1951 1
1952 0
1953 0
1954 0
1955 0
1956 1
1957 1
1958 0
1959 0
1960 0
1961 0
1962 1
1963 0
1964 1
1965 0
1966 1
1967 0
1968 1
1969 0
1970 0
1971 1
1972 0
1973 0
1974 0
1975 0
1976 0
1977 1
1978 1
1979 0
1980 0
1981 0
1982 0
1983 0
1984 1
1985 0
1986 0
1987 0
1988 1
1989 0
1990 0
1991 0
1992 0
1993 0
1994 0
1995 0
1996 0
1997 1
1998 1
1999 0
2000 0
2001 0
2002 0
2003 1
2004 1
2005 1
2006 1
2007 0
2008 1
2009 0
2010 0
2011 0
2012 1
2013 0
2014 0
2015 1
2016 1
2017 0
2018 1
2020 1
2021 0
2022 0
2023 0
2024 0
2025 0
2026 1
2027 0
2028 0
2029 0
2030 0
2031 0
2032 0
2033 0
2034 0
2035 0
2036 0
2037 0
2038 0
2039 0
2040 1
2041 0
2042 0
2043 0
2044 1
2045 0
2046 0
2047 1
2048 0
2049 0
2050 0
2051 0
2052 0
2053 1
2054 0
2055 1
2056 1
2057 0
2058 0
2060 0
2061 0
2062 0
2063 0
2064 0
2065 0
2066 0
2067 1
2068 0
2069 0
2070 0
2071 0
2072 1
2073 0
2074 0
2075 0
2076 0
2078 0
2079 0
2080 0
2081 1
2082 0
2083 0
2084 0
2085 1
2086 0
2087 1
2088 0
2089 0
2090 0
2091 0
2092 0
2093 0
2094 1
2095 0
2096 0
2098 0
2099 0
2100 0
2101 0
2102 0
2103 0
2104 0
2105 1
2106 0
2107 1
2108 1
2109 1
2110 0
2111 1
2112 0
2113 1
2114 1
2115 0
2116 0
2117 0
2119 0
2120 0
2121 0
2122 0
2123 0
2124 0
2125 0
2126 0
2127 0
2129 1
2130 0
2131 1
2132 0
2133 0
2134 0
2135 0
2136 1
2137 0
2138 0
2139 0
2140 0
2141 0
2142 0
2143 0
2144 0
2145 0
2146 0
2147 0
2148 0
2149 0
2150 0
2151 0
2152 1
2153 1
2154 0
2155 0
2156 0
2157 0
2158 0
2159 1
2160 0
2161 0
2162 0
2163 0
2164 0
2165 0
2166 0
2167 0
2168 0
2169 0
2170 0
2171 0
2172 0
2173 0
2174 0
2175 0
2176 0
2177 0
2178 1
2179 0
2180 1
2181 0
2182 0
2183 0
2184 0
2185 0
2186 0
2187 0
2188 0
2189 1
2190 0
2191 0
2192 1
2193 0
2194 0
2195 0
2196 1
2197 0
2198 1
2199 0
2200 1
2201 0
2202 0
2203 0
2204 0
2206 0
2207 0
2208 1
2209 0
2210 0
2211 0
2212 0
2213 0
2214 0
2215 0
2216 0
2217 0
2218 1
2219 0
2220 0
2221 1
2222 0
2223 0
2224 0
2225 0
2226 0
2227 0
2228 1
2229 0
2230 0
2231 0
2232 0
2233 0
2234 1
2235 0
2236 0
2237 0
2238 1
2239 0
2240 0
2241 0
2242 0
2243 0
2244 1
2245 1
2246 0
2247 0
2248 0
2249 1
2250 0
2251 0
2252 0
2253 0
2254 0
2255 0
2256 0
2257 0
2258 0
2259 1
2260 0
2261 0
2262 0
2263 0
2264 0
2265 0
2266 0
2267 0
2268 0
2269 0
2270 0
2271 0
2272 1
2273 0
2274 0
2275 0
2276 1
2277 1
2278 1
2279 0
2280 0
2281 0
2282 0
2283 0
2284 0
2285 0
2286 1
2287 0
2288 0
2289 0
2290 0
2291 1
2292 1
2293 1
2294 0
2295 0
2296 0
2297 0
2298 0
2300 0
2301 0
2302 0
2303 0
2304 0
2305 0
2306 0
2307 0
2308 1
2309 0
2310 0
2311 0
2312 0
2313 0
2314 0
2315 0
2316 0
2317 0
2318 1
2319 0
2320 0
2322 0
2323 0
2324 1
2325 1
2326 0
2327 0
2328 0
2329 0
2330 0
2331 0
2332 0
2333 0
2334 0
2335 0
2336 0
2337 1
2338 1
2339 0
2340 0
2341 0
2342 0
2343 0
2344 0
2345 0
2346 0
2347 0
2348 0
2349 0
2350 1
2351 0
2352 0
2353 0
2354 1
2355 0
2356 0
2357 0
2358 0
2359 0
2360 0
2361 0
2362 0
2363 0
2364 1
2365 0
2366 0
2367 0
2368 1
2369 1
2370 1
2371 0
2372 1
2373 0
2374 0
2375 0
2377 0
2378 0
2379 1
2380 1
2381 1
2382 1
2383 0
2384 0
2385 1
2386 0
2387 0
2388 1
2389 0
2390 0
2391 0
2392 1
2393 0
2395 0
2396 0
2397 0
2398 0
2399 0
2400 0
2401 0
2402 0
2403 1
2404 0
2405 1
2406 0
2407 1
2408 0
2409 0
2410 0
2411 1
2412 0
2413 0
2414 0
2415 0
2416 0
2417 0
2418 0
2419 0
2420 0
2421 0
2422 0
2423 0
2424 0
2425 0
2426 0
2427 0
2428 1
2429 0
2430 0
2431 0
2432 0
2433 0
2434 0
2435 0
2436 0
2437 0
2438 1
2439 0
2440 1
2441 0
2442 0
2443 1
2444 0
2445 0
2446 0
2447 0
2448 0
2449 1
2450 0
2451 0
2452 0
2453 0
2454 0
2455 0
2456 1
2457 0
2459 0
2460 1
2461 0
2462 0
2463 0
2464 1
2465 0
2466 0
2467 0
2468 0
2469 0
2470 0
2471 0
2472 0
2473 0
2474 0
2475 0
2476 0
2477 0
2478 0
2479 0
2480 0
2481 0
2482 0
2483 0
2484 0
2485 0
2486 0
2487 0
2488 0
2489 0
2490 0
2491 0
2492 0
2493 1
2494 0
2495 0
2496 0
2497 0
2498 0
2499 0
2500 0
2501 0
2502 1
2503 0
2504 0
2505 0
2506 0
2507 0
2508 0
2509 0
2510 1
2511 0
2512 0
2513 1
2514 1
2515 0
2517 1
2518 0
2519 0
2520 0
2521 0
2522 1
2523 0
2524 0
2525 0
2526 0
2527 1
2528 0
2529 0
2530 1
2531 0
2532 1
2533 1
2534 0
2535 1
2536 0
2537 0
2538 0
2539 0
2540 0
2541 0
2542 1
2543 1
2544 0
2545 0
2546 1
2547 0
2548 0
2549 0
2550 0
2551 0
2552 0
2553 0
2554 0
2555 0
2556 0
2557 0
2558 0
2559 0
2560 0
2561 0
2562 0
2563 0
2564 1
2565 0
2566 0
2567 0
2568 0
2569 0
2570 0
2571 0
2572 0
2573 0
2574 0
2575 0
2576 1
2577 0
2578 0
2579 0
2580 0
2581 0
2582 0
2583 0
2584 0
2585 0
2586 0
2587 0
2588 0
2589 0
2590 1
2591 0
2592 0
2593 1
2594 1
2595 0
2596 0
2597 0
2598 0
2599 0
2600 0
2601 0
2602 0
2603 1
2604 0
2605 0
2606 0
2607 1
2608 0
2609 0
2610 0
2611 0
2612 0
2613 0
2614 0
2615 0
2616 1
2617 1
2618 0
2619 0
2620 0
2621 1
2622 0
2623 0
2624 0
2625 1
2626 0
2627 0
2628 0
2629 0
2630 0
2631 0
2632 0
2633 0
2634 0
2635 0
2636 0
2637 0
2638 0
2639 0
2640 0
2641 0
2642 0
2643 0
2644 0
2645 0
2646 0
2647 0
2648 0
2649 0
2650 0
2651 0
2653 0
2654 0
2655 0
2656 0
2657 0
2658 1
2659 0
2660 0
2661 0
2662 0
2663 0
2664 0
2665 0
2666 0
2667 0
2668 0
2669 0
2670 0
2671 0
2672 0
2673 1
2674 0
2675 0
2676 1
2677 0
2678 0
2679 0
2680 0
2681 0
2682 0
2683 0
2684 0
2685 0
2686 0
2687 1
2688 0
2689 0
2690 0
2691 0
2692 0
2693 0
2694 0
2695 0
2696 0
2697 0
2698 0
2699 0
2700 0
2701 0
2702 0
2703 0
2704 0
2705 0
2706 0
2707 0
2708 0
2709 0
2710 0
2711 1
2712 0
2713 0
2714 0
2716 1
2717 0
2718 0
2719 0
2720 0
2721 0
2722 0
2723 0
2724 0
2725 0
2726 0
2727 1
2728 0
2729 0
2730 0
2731 0
2732 0
2733 0
2734 0
2735 0
2736 0
2737 0
2738 0
2739 0
2740 0
2741 0
2742 0
2743 0
2744 0
2745 0
2746 0
2747 0
2748 0
2749 0
2750 0
2751 0
2752 0
2753 0
2754 0
2755 0
2756 0
2757 0
2758 0
2759 0
2760 0
2761 0
2762 0
2763 0
2764 1
2765 0
2766 0
2767 0
2768 0
2769 0
2770 0
2771 0
2772 0
2773 0
2774 0
2775 0
2776 0
2777 0
2778 1
2779 0
2780 0
2781 1
2782 1
2783 0
2784 0
2785 0
2786 0
2787 0
2788 0
2789 0
2790 0
2791 1
2792 0
2793 0
2794 0
2795 0
2796 1
2797 0
2798 0
2799 1
2800 0
2801 0
2802 1
2803 0
2804 0
2805 0
2806 0
2807 0
2808 0
2809 0
2810 0
2811 0
2812 0
2813 0
2814 0
2815 0
2816 0
2817 0
2818 0
2819 1
2820 0
2821 1
2822 1
2823 0
2824 0
2825 0
2826 0
2827 0
2828 0
2829 0
2830 0
2831 0
2832 0
2833 0
2834 0
2835 0
2836 0
2837 1
2838 0
2839 0
2840 0
2841 0
2842 0
2843 0
2844 1
2845 0
2846 0
2847 1
2848 0
2849 0
2850 0
2851 0
2852 0
2853 0
2854 1
2855 0
2856 0
2857 0
2858 0
2859 0
2860 0
2861 0
2862 0
2863 0
2864 1
2865 0
2866 1
2867 0
2868 0
2869 0
2870 0
2871 1
2872 0
2873 0
2874 0
2875 0
2876 0
2877 0
2878 0
2879 0
2880 0
2881 1
2882 0
2883 0
2884 0
2885 0
2886 0
2887 0
2888 0
2889 0
2890 1
2891 0
2892 0
2893 0
2894 0
2895 0
2896 0
2897 0
2898 0
2899 0
2900 0
2901 0
2902 0
2903 0
2904 0
2905 0
2906 0
2907 0
2908 0
2909 0
2910 0
2911 0
2912 0
2913 0
2914 0
2915 0
2916 0
2917 0
2918 0
2919 0
2920 0
2921 0
2922 0
2923 0
2924 0
2925 0
2926 0
2927 0
2928 0
2929 0
2930 0
2931 0
2932 0
2933 0
2934 0
2935 0
2936 1
2937 1
2938 0
2939 0
2940 0
2941 0
2942 0
2943 0
2944 0
2945 0
2946 0
2947 1
2948 0
2949 0
2950 0
2951 0
2952 1
2953 0
2954 0
2955 0
2956 0
2957 0
2958 0
2959 0
2960 0
2961 0
2962 0
2963 0
2964 0
2965 0
2966 0
2967 0
2968 0
2969 0
2970 0
2971 0
2972 0
2973 0
2974 0
2975 0
2976 0
2977 0
2978 0
2979 0
2981 0
2982 0
2983 0
2984 0
2985 0
2986 0
2987 0
2988 0
2989 0
2990 0
2991 0
2992 0
2993 0
2994 0
2995 0
2996 0
2997 0
2998 0
2999 0
3000 0
3001 0
3002 0
3003 1
3004 0
3005 1
3006 0
3007 1
3008 0
3009 0
3010 0
3011 0
3012 0
3013 1
3014 0
3015 0
3016 0
3017 0
3018 0
3019 0
3020 0
3021 0
3022 0
3023 0
3024 0
3025 0
3026 0
3027 0
3028 0
3029 0
3030 0
3031 0
3032 0
3033 0
3034 0
3035 1
3036 0
3037 0
3038 0
3039 0
3040 0
3041 0
3042 0
3043 0
3044 0
3045 0
3046 0
3047 0
3048 0
3049 0
3050 0
3052 0
3053 1
3054 0
3055 0
3056 0
3057 0
3058 0
3059 0
3060 0
3061 0
3062 0
3063 0
3064 0
3065 1
3066 0
3067 0
3068 0
3069 0
3070 0
3071 0
3072 0
3073 0
3074 0
3075 0
3076 1
3077 1
3078 0
3079 0
3080 0
3081 1
3082 0
3083 0
3084 0
3085 0
3086 0
3087 0
3088 0
3089 0
3090 0
3091 0
3092 0
3093 0
3094 0
3095 1
3096 0
3097 1
3098 0
3099 0
3100 0
3101 0
3102 0
3103 0
3104 0
3105 0
3106 0
3107 1
3108 0
3109 0
3110 0
3111 0
3112 0
3113 0
3114 1
3115 0
3116 0
3117 0
3118 0
3119 0
3120 0
3121 0
3122 0
3123 0
3124 0
3125 0
3126 0
3127 0
3128 0
3129 0
3130 0
3131 0
3132 0
3133 1
3134 0
3135 0
3136 0
3137 0
3138 0
3139 0
3140 0
3141 0
3142 0
3143 0
3144 0
3145 0
3146 0
3147 0
3148 0
3149 0
3150 0
3151 0
3152 0
3153 0
3154 0
3155 0
3156 1
3157 0
3158 0
3159 0
3160 1
3161 0
3162 1
3163 0
3164 0
3165 0
3166 0
3167 0
3168 0
3169 1
3170 0
3171 0
3172 0
3173 1
3174 0
3175 0
3176 0
3177 0
3178 1
3179 0
3180 0
3181 0
3182 0
3183 0
3184 0
3185 0
3186 0
3189 0
3190 0
3191 0
3192 1
3193 0
3194 0
3195 0
3196 0
3197 0
3198 0
3199 0
3200 1
3201 0
3202 0
3203 0
3204 1
3205 0
3206 0
3207 0
3208 0
3209 0
3210 1
3211 0
3212 0
3213 0
3214 0
3215 0
3216 0
3217 1
3218 0
3219 0
3220 1
3221 0
3222 0
3223 0
3224 0
3225 0
3226 0
3227 0
3228 0
3229 0
3230 0
3231 0
3232 0
3233 0
3234 0
3235 0
3236 0
3237 0
3238 0
3239 0
3240 0
3241 0
3242 0
3243 0
3244 0
3245 1
3246 0
3247 0
3248 0
3249 0
3250 1
3251 0
3252 0
3253 0
3254 0
3255 0
3256 1
3257 0
3258 1
3259 0
3260 0
3261 0
3262 0
3263 0
3264 0
3265 0
3266 0
3267 0
3268 0
3269 0
3270 0
3271 0
3272 0
3273 0
3274 0
3275 0
3276 0
3277 0
3278 0
3279 1
3280 0
3281 0
3282 0
3283 0
3284 0
3285 0
3286 0
3287 0
3288 1
3289 0
3290 0
3291 1
3292 0
3293 0
3294 0
3295 0
3296 0
3297 0
3298 1
3299 0
3300 0
3301 1
3302 0
3303 0
3304 0
3305 0
3306 0
3307 0
3308 0
3309 0
3310 1
3311 0
3312 1
3313 0
3314 0
3315 1
3316 0
3317 0
3318 1
3319 0
3320 1
3321 0
3322 0
3323 0
3324 0
3325 1
3326 0
3327 0
3328 0
3329 1
3330 0
3331 1
3332 0
3333 0
3334 0
3335 0
3336 1
3337 1
3338 0
3339 1
3340 1
3341 0
3342 1
3343 0
3344 0
3345 0
3346 0
3347 0
3348 0
3349 1
3350 0
3351 0
3352 0
3353 0
3354 0
3356 0
3357 0
3358 0
3360 0
3361 1
3362 0
3363 0
3364 0
3365 1
3366 0
3367 0
3368 1
3369 0
3370 0
3371 0
3372 0
3373 0
3374 0
3375 0
3376 0
3377 0
3378 0
3379 0
3380 0
3381 0
3382 1
3383 0
3384 0
3385 0
3386 0
3387 0
3388 0
3389 0
3390 1
3391 0
3392 1
3393 1
3394 1
3395 0
3396 0
3397 1
3398 1
3400 1
3401 0
3403 0
3404 0
3405 0
3406 1
3407 0
