1,0.21101320630889114
2,0.12315878625515406
3,0.24414435154381658
4,0.26071169054487575
5,0.241491855375541
6,0.31135774888446704
7,0.2782036932005958
8,0.13787582215482677
9,0.23673831594251477
10,0.29609106707823646
11,0.1880479583314044
14,0.24910785682701983
15,0.31001695443998867
17,0.14371954798960326
18,0.3100591124235345
19,0.3544825396803717
20,0.29721726978416146
21,0.15396587610900583
22,0.16943985467531297
23,0.15089632364667913
24,0.2106704042677505
25,0.18161006968582238
26,0.18133529284686667
27,0.1832611245917324
28,0.20569330637487282
29,0.3055070045010614
30,0.26924846125825014
31,0.282938549943617
32,0.16683971831228997
33,0.1630278566481101
34,0.19332958937045297
35,0.25534459674225163
36,0.18650278569186216
38,0.19024148902493096
39,0.2646147920279835
40,0.155864747069747
41,0.32431911181535467
42,0.30741883196604075
43,0.22832772180446465
44,0.2292709228306607
45,0.20045579979981099
46,0.2830233691732259
47,0.32552431718834035
48,0.16494692329367566
49,0.282285542938473
50,0.1743560700401796
51,0.2021921305492362
52,0.26196852309208474
53,0.16916249553321347
54,0.28733785220893876
55,0.22637068625802634
56,0.14367739191348886
57,0.2747710328571654
58,0.23075396465582468
59,0.2973224831318366
60,0.24605267249809112
61,0.23628747038948636
62,0.19828859658759274
63,0.1629922616686649
64,0.17782697084690058
65,0.1693776883758518
66,0.2168469754300372
67,0.17915910635894175
68,0.19748526980723652
69,0.15892222685262317
70,0.16539982019952557
71,0.18253972664790225
72,0.21626997328338288
73,0.15216100063978372
74,0.193734481801526
75,0.18435471754461144
76,0.21168756954883014
77,0.21124367904441657
78,0.2103003858573478
79,0.2366582617837885
80,0.13815781493070592
81,0.19541645551170223
82,0.1807357681011358
83,0.2308794228108696
84,0.20970673672175155
85,0.1983076996302307
86,0.14799966486355062
87,0.17269364348333865
88,0.2563058016799827
89,0.17751371326486276
90,0.1621309752069201
91,0.21030103723220106
92,0.21240775926046232
93,0.18891661337703905
94,0.21232877046703846
95,0.1879428027752047
96,0.2311635839784747
97,0.18649089508462494
98,0.19230022722311313
99,0.21129162764577655
100,0.18243857875831235
101,0.2446984419710251
102,0.15720009080796468
103,0.2539583255138952
104,0.17688538186945882
105,0.22646514392062403
106,0.16748397106501584
107,0.16336427931503306
109,0.1903116209346658
110,0.21136374108676964
111,0.2378650925972087
112,0.15888720904993378
113,0.1647058304956534
114,0.180220308717808
115,0.16247351972834487
116,0.26010713040933253
117,0.1679117637868892
118,0.16748310348946177
119,0.19134885764806273
120,0.22264270665880484
121,0.23712743396036656
122,0.20637074706736147
123,0.2193665411338462
124,0.17725377686348134
125,0.24099598132332073
126,0.2147234279095703
127,0.19171863298267017
128,0.21524911194322918
130,0.1756791010033535
132,0.25183295634878217
133,0.23966211154354644
134,0.21411962974417176
135,0.15676043606020998
136,0.14566953067622207
137,0.17962993904633923
138,0.21998208941153224
139,0.2048727039543546
140,0.16599805021044714
141,0.13603974250443907
142,0.19384197921457857
143,0.2213766460093784
144,0.22987991184232923
145,0.22869467459393347
146,0.13470785564872065
147,0.2221566152986032
148,0.22842336640649025
149,0.17482194014676053
150,0.24856066418869072
151,0.20265551112856262
152,0.1438418573199272
153,0.21529302087110064
154,0.21580146724388805
155,0.19474921361403988
156,0.2541535468085394
157,0.1437749547324835
158,0.1575370381037954
159,0.22981493593563354
160,0.22097068186236898
161,0.26446548861415026
162,0.31145565567482375
163,0.1567309988294771
164,0.19606807299640985
165,0.2378307925239457
166,0.1798528141680698
167,0.2444480471255799
168,0.18337458993333636
169,0.2029817750679304
170,0.15569743036390934
171,0.28504801541490077
172,0.046454764423380666
173,0.3186858650580301
174,0.17880959853700396
175,0.13522751956548412
176,0.1968323267382859
177,0.14123332106498912
178,0.25036857791785305
179,0.2562799284147968
180,0.17966152511488512
181,0.26652508786040235
182,0.2047124706558004
183,0.15654808820570015
184,0.17486655966237874
185,0.20400726329626387
186,0.2820586526969186
187,0.22427505269735715
188,0.16119038214025427
189,0.21872507807362127
190,0.20828502366605212
191,0.24990703340115658
192,0.1633755689312309
193,0.14661758416232704
194,0.1974795815452064
195,0.17898867502524782
196,0.20880265071471096
197,0.19707942502572742
198,0.15760636271989445
199,0.15063309417902232
200,0.28103572836680313
201,0.01917145118220797
202,0.24565649398617984
203,0.2522434681118205
204,0.16272276569229652
205,0.16824873867393167
206,0.26320937062501104
207,0.17925427127975968
208,0.16726198918635563
209,0.14774604773921587
210,0.17632278851098968
211,0.20849278318336964
213,0.2216311894413317
214,0.25540693858579566
215,0.25073969522689293
216,0.13274756536651175
217,0.23015077283207097
218,0.24980912143704084
219,0.2178360751769492
220,0.16897485711748883
221,0.19155724336068358
222,0.23776320313059052
223,0.20190559551667314
224,0.16762429143799285
225,0.13486174620998143
226,0.14700376287744618
227,0.16487514363917946
228,0.18806507360766064
230,0.14720522223447904
231,0.2666095903155906
233,0.13367777413351328
234,0.27678083934769726
235,0.21252359094463505
236,0.2392124935600319
237,0.16490546520774013
238,0.24713524203163312
239,0.16149871799565388
240,0.2259434321789054
241,0.1979726730906397
242,0.20778139766404283
243,0.15695329309743009
244,0.17469577984088705
245,0.24179863911402377
246,0.2545543506989292
247,0.2593031639761404
248,0.18445254877025216
249,0.1735186117975769
250,0.1781717191726961
251,0.19250019777146288
252,0.2001117509132047
253,0.15400668558358194
254,0.13884097714975788
256,0.18645308207642963
257,0.15244913710056024
258,0.12585280632011803
259,0.13656148619625633
260,0.13911553237849397
261,0.18880433329656704
262,0.19033210458305697
263,0.17771212675090342
264,0.2514337984481009
265,0.13476702860617407
266,0.17924111557615763
267,0.2504122139744318
269,0.1480774661819998
270,0.14769328327916842
271,0.14822021830217974
272,0.26031832975541097
273,0.17383837769610871
274,0.1632289181064559
275,0.17503659487870543
276,0.15152717356009546
277,0.23126115964430355
278,0.18431748348982216
279,0.1684471271970631
280,0.2384839040300283
281,0.18736338342137962
282,0.1354032974325567
283,0.2086353603068289
284,0.16649485778094159
285,0.2429151666419592
286,0.17569545029546454
287,0.006973330408961472
288,0.20502659463262018
289,0.18280935699332854
290,0.1958396687172762
291,0.19131823265735462
292,0.16389660402515185
293,0.19316070538771177
294,0.1657182838502443
295,0.14232211956381086
296,0.1521657642099282
297,0.2341382830441991
298,0.13976540844363192
299,0.18473642828132805
301,0.23015197018096076
302,0.2979829919377527
303,0.3373470403948938
304,0.246972988315932
305,0.22177722503466302
306,0.20573480214730658
307,0.31304316215382966
308,0.2636139135029292
309,0.24041970793841838
310,0.23048205786402876
311,0.2703772577990454
312,0.21101297661668791
313,0.19098766136551684
314,0.33020312516036365
315,0.17848254290333496
316,0.2708862346820801
317,0.22097455275447525
318,0.22513135525563613
319,0.15082440263361563
320,0.2387782640013529
322,0.16721401816281573
323,0.26682176447790823
324,0.18105663220209728
325,0.37172699158670003
326,0.35190051762306307
327,0.25309876094201317
328,0.25770939631127027
329,0.029624257241640396
330,0.2884013631124803
331,0.1840485991385532
332,0.24957623488352018
333,0.19270283322158654
334,0.2525447297949629
335,0.25452126948450765
336,0.18487626725100229
337,0.32664576822635655
338,0.18393418551715712
339,0.21332930387189286
340,0.20450516740400904
341,0.19441469232478498
342,0.29266689543185387
343,0.22305908705644084
344,0.2264594520211991
345,0.23207903134104924
346,0.21993948177992423
347,0.21652129689604546
348,0.2837004798077832
349,0.24290820842375183
350,0.21356816735525055
351,0.2485003809845199
352,0.22911275522693914
353,0.2515451867615078
354,0.2673461083884095
355,0.39234469073199113
356,0.28448695624054243
357,0.3271656450347869
358,0.24840043273279933
360,0.2188915775346339
362,0.1930925767907433
363,0.2930657929306362
364,0.2673716734129057
365,0.21716381788720268
366,0.15711634390722148
367,0.27048107242582875
368,0.2252591656652632
369,0.3559782946021511
370,0.3718629329334126
371,0.41499043740391817
372,0.3160840011814763
373,0.27426455604958033
374,0.34382333572372825
375,0.26914289102649674
376,0.18450546476873342
377,0.3409516609560792
378,0.1871869278769394
379,0.21191440691489943
380,0.1863755757052711
381,0.263416245523967
382,0.2289468485264552
383,0.29113293629934045
384,0.3279496238460408
385,0.2844745402400486
386,0.15729742199079735
387,0.3676314694231986
388,0.16575549640650544
389,0.15914044925022736
390,0.14596067758148934
391,0.3257701150674433
392,0.02879295315498869
393,0.17115964683407642
395,0.17668245297650023
397,0.29908975937797483
399,0.20391086607397926
400,0.37952365667612675
401,0.19169660253561382
402,0.16319434888601067
403,0.2798785552019432
404,0.15074248677001512
405,0.20001701062674532
406,0.3258973643685507
407,0.2689121657265541
408,0.3194321845248797
409,0.17104449412078254
410,0.31917639495803174
411,0.20853783248750668
412,0.3798444090611315
413,0.16807623892559695
414,0.17097415359011214
415,0.17119481366484302
416,0.17052090770378478
417,0.2141393337027849
418,0.15668175363680578
419,0.14581897088526335
420,0.17009324766544423
422,0.21527781001753166
423,0.14190046709820076
424,0.1627169113679299
425,0.20451733353716145
426,0.141986461768555
427,0.2005585173267176
428,0.19504638486649536
429,0.1901881887462273
430,0.18828110326621905
431,0.18388017877375684
432,0.2557042642028809
433,0.13980047696822642
434,0.2440238772152533
435,0.195074861197437
436,0.215029282098238
437,0.21746303464804953
438,0.1633947484850719
439,0.16255379473301484
440,0.14995829676823666
441,0.27070984513544294
442,0.265031562671108
444,0.21674592746667207
445,0.15747827266040443
446,0.1889579382178582
447,0.3120997014366857
448,0.29767554962520476
449,0.30523836163395873
450,0.18820784839486485
451,0.17881903532379248
452,0.15544488324414554
454,0.18343197470743258
455,0.2092153948376275
456,0.22586632745587756
457,0.27403471870142787
458,0.08498047871285706
459,0.24499465129563613
460,0.19285408846776073
461,0.04314069013810301
462,0.3099004267747806
464,0.2599274350169788
465,0.33759632812691603
466,0.24860985356648613
467,0.25483043369990244
468,0.15203219708622212
469,0.21172417043877903
470,0.22169572557835343
471,0.25879701183737963
472,0.1683630683337252
473,0.26786264132255994
474,0.23262550488694228
475,0.2728195490040147
476,0.1874478673563584
477,0.17815216856918242
478,0.21239511813497636
479,0.21317559328625135
480,0.20607961782184278
481,0.17773245197302495
482,0.3391986167757825
483,0.23467613514007987
484,0.2834726786212477
485,0.11947045533911516
486,0.23762648112772786
487,0.19776629539712956
488,0.21399445931995403
489,0.22291415395912714
490,0.34409135633802207
491,0.14867376164716042
492,0.29118356579634086
493,0.18359691717917606
494,0.34579998187521294
495,0.2684128250004802
496,0.31862365420239286
497,0.24138914627516628
498,0.21018131462856166
499,0.3299987206853909
500,0.1796935026455695
501,0.17767889914914675
502,0.16762655583088162
503,0.20618384747148644
504,0.2152044918529036
505,0.18573019117797207
506,0.22170433264168773
507,0.2641354679826411
508,0.2990338732464598
509,0.21897113897276935
510,0.17552940657477145
511,0.20306082023284072
512,0.28139197951931544
513,0.15391575562774198
514,0.21157333056186406
515,0.3027188814258732
516,0.2754308855121641
517,0.25450414656246984
518,0.31021197161055714
519,0.2813991781032005
520,0.2705554654930681
521,0.21109751895377685
522,0.250782299026179
523,0.187975040596758
524,0.17781531796293282
525,0.2877065920536109
526,0.22258538706682005
527,0.29700526185724435
528,0.18228535950820454
529,0.2889884866185028
530,0.30312642762824127
531,0.2925917082136694
532,0.2856648529572491
533,0.18698795035373011
534,0.14499265855477209
535,0.14205884668612126
536,0.35788939836856115
537,0.21656053658783478
538,0.16259470977092141
540,0.23535536120292447
541,0.10041034658377732
542,0.04695326754678649
544,0.2809704849943906
545,0.19618317646070238
546,0.20296821677980717
547,0.20706115975181344
548,0.19870449519318206
549,0.1810230745305505
550,0.1467394670418541
551,0.1866828694050498
552,0.3148306772740621
553,0.1751109274595953
555,0.20217934513350408
556,0.26413054353120674
557,0.19667379174585017
558,0.01549491334603769
559,0.1867204767201653
560,0.32057754619520484
561,0.2498525453146024
562,0.1896041842626565
563,0.15954899602843378
564,0.15986249564015664
565,0.24114732486468735
566,0.18133806441294237
567,0.23479094327973338
568,0.1738531978494937
569,0.2155926282788379
570,0.23576921338028067
571,0.19972065562417016
572,0.30484062766684056
574,0.2330624577975725
575,0.3208729973422297
576,0.2836713282962355
577,0.19906641091619348
578,0.31787463349125433
579,0.16837664215054762
580,0.39158524932335487
581,0.3536667558065901
582,0.2487282614795472
583,0.21497880142749887
584,0.35848791707683625
585,0.11487432710291497
586,0.21101948337894338
587,0.20461334260514696
588,0.18688586987470457
589,0.19653321278807293
590,0.35257293702910986
591,0.3382399087280653
593,0.4726181771256095
594,0.1623979522146692
595,0.06937096889527183
596,0.3409038227944109
597,0.14416824980994447
598,0.34460380749583275
599,0.2331235173258966
600,0.2937349184414199
602,0.31125837103740533
603,0.35957488883680755
604,0.22364267813946376
605,0.38863932230657144
606,0.2948797793852853
607,0.2452127707446878
608,0.3415376961207009
609,0.1621464791239504
610,0.3113370225781212
611,0.3969771840566045
612,0.33430419068600614
613,0.2491147371892383
614,0.2822460431125889
615,0.18280456629312913
616,0.3398479431328822
617,0.29172314595447885
618,0.1953020368609533
619,0.3513028680657488
620,0.203220812129395
621,0.18036126317118933
622,0.30518375732522685
623,0.1891184660149506
624,0.19370997293614192
625,0.22142978002940203
626,0.2655846290214897
627,0.3615826083294223
628,0.3064981338452861
629,0.3211794585270695
630,0.21932053703380322
631,0.1794045078749743
632,0.20388348190840375
633,0.24437623299919525
634,0.22894094476831517
635,0.24260235848328507
636,0.2108975258002909
637,0.3108771284383822
638,0.19244722876996903
639,0.2759269410676925
640,0.24109319168645052
641,0.2486196854628756
642,0.2274597081940535
643,0.19541969316693025
644,0.2207443241510959
645,0.2907420106672649
648,0.2091480440403399
649,0.24831137065056486
650,0.156541488218399
651,0.26218147765735555
652,0.17209928024468188
653,0.16137463477588768
654,0.20231681942384516
655,0.3363465273254769
656,0.22524525140782903
657,0.30539421988155563
658,0.15273253590738817
659,0.1690682670470147
660,0.2497623902439664
662,0.26465050327242035
663,0.10806787155130029
664,0.27859896610278784
666,0.23553889008485376
667,0.2147096713647173
668,0.14050687096313824
669,0.288757832064027
670,0.31311466872041516
671,0.2506226783382189
672,0.2332243984686338
673,0.3458328831654482
674,0.3901610740568719
675,0.26462476310328087
676,0.12937589702281987
677,0.29854233004155223
678,0.26622207686760263
679,0.1836677183743516
680,0.294257841142082
682,0.18130081366079323
683,0.3897078142975231
684,0.24959912617527955
685,0.25077795535310504
686,0.3117507321134586
687,0.26615171432750323
688,0.3740551367505499
689,0.3000326086837415
690,0.2759027805354198
691,0.2716615960867194
692,0.2857993571609056
693,0.18874444667155263
694,0.245316670009604
695,0.27762626700906856
696,0.17148652516028723
697,0.32327627946216175
698,0.3302171764768364
699,0.20946279641020138
700,0.27177760675480234
701,0.26906170533271406
702,0.16624607860074558
703,0.31781296987577684
704,0.4283248199540151
705,0.43069808245129115
706,0.3882543098392544
707,0.31026405283971403
708,0.26681344503739296
709,0.43060559019012973
710,0.20143171371465657
711,0.17529199169600088
712,0.26612186098361684
713,0.2863563100555102
714,0.26710719439412095
715,0.4269975782326469
716,0.3510290893956956
717,0.3937583594026411
718,0.2657331097205763
719,0.38394119445181296
720,0.40326824999936595
721,0.38292576982100035
722,0.4055124147877266
723,0.3804367384492967
724,0.4287895202269428
725,0.3798481593645141
726,0.4376753339022158
727,0.42907140522192083
728,0.20248328865520074
729,0.22205956826487286
730,0.2584198718922033
731,0.28529322885504116
732,0.1520817518297805
733,0.21177270569465798
735,0.3422384509145144
736,0.2767793587244173
737,0.23843272239862087
738,0.3295237042416
739,0.3349859997854674
740,0.31110916927348786
741,0.39073923285135204
742,0.24621866125866396
743,0.28816638664151817
744,0.1865860570217384
745,0.25441733661849025
746,0.07055581318072641
748,0.40608403616608013
749,0.40638900572987857
750,0.30335766945140424
751,0.2197868619342994
752,0.2108074436501196
753,0.3631532039505652
754,0.2693670896425678
755,0.2464286407348951
756,0.39936168295866387
757,0.2576131128089566
758,0.3726392691267163
759,0.2384338027145706
760,0.34037236891628725
761,0.2852651080086609
762,0.31024504196076813
763,0.19397341057183526
764,0.19242027969914052
765,0.36823484848941535
767,0.3335755716152118
768,0.2278880198273765
769,0.19003803492119778
770,0.20227198414748646
771,0.11720976875198146
773,0.23456319980689141
774,0.2850240264335013
775,0.10445170609069619
777,0.3405442448749192
778,0.1649573166497333
779,0.30401594560014816
781,0.24144036289200194
782,0.34335169189115194
783,0.41016638987638865
784,0.2436131801951418
785,0.35735228732843344
786,0.336786619644005
787,0.1950205220517201
788,0.36841478210431156
789,0.25206976873716885
790,0.2889389038558371
791,0.22981335931235253
792,0.32799458798256
793,0.2029816055368742
794,0.07171198138742167
795,0.2948916667272335
796,0.3894690539616731
797,0.18343052387358896
798,0.20776452610530396
799,0.19687707383309674
800,0.2566668270784523
801,0.22409663958932785
803,0.39933821570416167
804,0.35708193186777576
805,0.37600152473445203
806,0.32598127442283087
807,0.2856161926529685
808,0.31785864719473467
809,0.41547998068995623
810,0.23616366027163896
811,0.4483467013099186
812,0.3673939473838112
813,0.30717473846163484
814,0.44637116266769583
815,0.4490018816927948
816,0.1656652439898722
817,0.29582180095213545
818,0.2678706010291988
819,0.24342860470088848
820,0.3079999896603014
821,0.19004991827559245
823,0.26870525470401835
824,0.3257716070391882
825,0.3230202712752931
826,0.40058164694962933
827,0.2549836790593161
828,0.2518119457193079
829,0.2038800235019315
830,0.21659236270504698
831,0.25024068680411377
834,0.23380462661332185
836,0.26308173119332534
837,0.3481294431635616
838,0.1853620388789736
839,0.3702671248945471
840,0.3583617743480646
841,0.3317273336624557
842,0.3166159074361883
843,0.38106053742731727
844,0.313473222699066
845,0.33391657808598674
846,0.2049170809644112
847,0.3463030714333408
848,0.39115340196867004
849,0.36291359046998145
850,0.3228729625939642
851,0.29895637026261773
854,0.2866437981915155
855,0.24764057917250645
856,0.34034404393617146
857,0.328495327520153
858,0.3026906710031646
860,0.3277722856808102
861,0.18801394651094577
862,0.3209409385902906
863,0.3199487348811787
864,0.09156492372735119
865,0.2590247751731761
866,0.28868932513272894
867,0.27843582517076704
868,0.3040552413063724
869,0.3956278447995981
870,0.3433691698342101
871,0.22591935341546676
872,0.3854651728698091
873,0.34943057532218763
874,0.02013974222155371
875,0.2814971898095805
876,0.27290680872739115
877,0.44136324336932176
878,0.3892478308423783
879,0.3426595379844311
880,0.31759399793543974
881,0.17801791275981035
882,0.23312457498024305
883,0.28070861093119065
884,0.3526546958240262
885,0.3748654046409602
886,0.2655284110912684
887,0.16537152995355273
888,0.48267506716341146
889,0.4729548504744976
890,0.30998912032724574
891,0.20015957929432984
892,0.1876978421044789
893,0.24908662379035043
894,0.44985761831124366
895,0.37484654298873604
896,0.15378511637227102
897,0.3704945390623188
898,0.5065861594621621
899,0.28808961049825615
900,0.32237188795681704
901,0.28277404207404133
902,0.4462844630964602
903,0.44045544788494045
904,0.19061862778851438
905,0.2260276103845113
906,0.3305134413146134
907,0.07894290183340869
908,0.24630354152987932
909,0.2861861261742289
910,0.33454213718612574
911,0.4299769825091938
912,0.41443015706112707
913,0.2533095358963257
914,0.3228887001908237
915,0.15977169050079512
916,0.24185040723868928
917,0.35212074550897327
918,0.3473614005842238
919,0.30896451225272675
920,0.278827193004809
921,0.3306883930129281
922,0.37468378119189855
923,0.26914291756407577
924,0.20950838901453675
925,0.3801559299523508
926,0.3951670350744787
927,0.2849510650981459
928,0.3209090975481572
929,0.4120605888631312
930,0.28022017823070905
931,0.07876498574233227
932,0.3991301494160585
933,0.371490584626738
934,0.24785795325474927
935,0.22046951144403756
937,0.2423245801663374
938,0.3066359551719859
939,0.3328900722049571
940,0.09507783180322056
941,0.21792621918902796
942,0.20434115697801888
943,0.3344598252586602
944,0.24557135028294644
945,0.19910370465708405
946,0.3218869768650661
948,0.2776354887985239
949,0.40703613983720227
951,0.2267614444682737
952,0.08208780926220646
953,0.1221165213973198
954,0.22345690819719746
955,0.2549484716037931
956,0.347401130090192
958,0.4897471154117718
959,0.2416931747917779
960,0.4427020190957508
961,0.33811159334058427
962,0.39092513067245444
963,0.37399550193400233
964,0.46257964386590855
965,0.42935936631948896
966,0.25036208633635526
967,0.3734693173862473
968,0.37876222616080374
969,0.34644062388296337
970,0.3429752930175865
971,0.29445068776136574
972,0.292882538094749
973,0.435795197000183
974,0.09179979198503849
975,0.13514428512006119
976,0.37400226211344767
977,0.055255324715861066
978,0.256942916215052
979,0.292820039214492
980,0.38506673734779523
981,0.3684886604820414
982,0.258698056099956
983,0.43993436434328853
984,0.320031509568679
985,0.2210531624693047
987,0.15805631011823587
988,0.2319287385740407
989,0.3499849156536147
990,0.46111372306471377
991,0.2495065187772789
992,0.33338684557196396
993,0.21214561860769404
994,0.4544307810371463
995,0.33004065408433814
996,0.33447094193854543
997,0.49665577692606044
998,0.38407307602740764
999,0.37364785780080295
1001,0.42566282177906695
1002,0.38563615718012906
1003,0.48020301775150126
1004,0.29608780256038875
1005,0.23755633344697838
1006,0.4134417807203076
1007,0.3603169421371066
1008,0.3295547800300007
1009,0.04999210600507029
1010,0.3094695751343142
1011,0.3181209727982469
1012,0.37509322080764007
1013,0.24052864940578603
1014,0.20774065492970972
1015,0.16968673803771092
1016,0.25588641607757334
1017,0.017621696046109782
1018,0.30175930846268606
1019,0.4752023726059507
1020,0.3084420400704939
1021,0.42091578062152246
1022,0.4507503735506254
1023,0.33052968500448654
1024,0.24509333248369555
1025,0.36881189526321306
1026,0.39140676634943394
1027,0.3006162684479217
1028,0.43782327981675917
1029,0.4236744621378837
1030,0.2922321509483516
1031,0.3990205709630546
1032,0.3771263159020358
1033,0.46621999154969684
1034,0.3003382436731383
1035,0.3174335001022495
1036,0.1692983527016662
1037,0.41101681753898567
1038,0.30949052445881353
1039,0.47014815071606353
1040,0.045061805874703875
1041,0.27450382549497776
1042,0.16984668264800448
1043,0.07919657877879015
1044,0.3355823129845392
1045,0.2345679377164911
1047,0.43469898122117295
1048,0.16610662385399125
1049,0.3342858329911494
1050,0.19247460110661677
1051,0.31382037957355563
1052,0.338852341680644
1053,0.5000932776471042
1054,0.5132754062610086
1055,0.47165384804824445
1056,0.12607174014579833
1057,0.4157054489323748
1058,0.17545723578283098
1059,0.35901206907735767
1060,0.32807868625679754
1061,0.3981734370030686
1062,0.21862426951109776
1063,0.4435874721135821
1064,0.5046843407400263
1065,0.4434117691058379
1066,0.48691214037577263
1067,0.29466641098373736
1068,0.352479970670422
1069,0.45122568556306664
1070,0.32236122247985305
1071,0.4199367970112602
1072,0.4792407932331038
1073,0.34998425818762924
1074,0.3537712834906096
1075,0.4285412807568961
1076,0.28018378162464497
1077,0.22544985179426222
1078,0.4018161719237915
1079,0.4559891622088387
1080,0.4520503075088457
1081,0.25064089763064773
1082,0.5070454209664952
1083,0.3490442498162753
1084,0.4264623828477635
1085,0.37611494678932783
1087,0.4433925580055627
1088,0.32691724614331646
1089,0.39905106149910674
1090,0.24932296102008444
1091,0.31781419149387535
1092,0.029358435125219663
1093,0.2823188437872934
1094,0.4900199198690384
1095,0.2981241970696598
1096,0.44619374912137455
1097,0.26240268502216396
1098,0.3133161085208924
1099,0.3037012445167047
1100,0.3279593914762399
1101,0.3884715664946394
1103,0.4914582418889099
1104,0.1988355868667296
1105,0.39969272899209896
1106,0.24404073917224087
1107,0.2661465514657771
1108,0.12900484860089817
1109,0.4003568988113319
1110,0.20866191509316334
1111,0.3714364766258224
1112,0.4311121271454123
1113,0.3798121236711834
1114,0.38956223293680464
1115,0.3645170957495481
1116,0.33081723483563336
1117,0.22616047659030936
1118,0.2741828307157461
1119,0.33702456073614523
1120,0.2984687078006515
1121,0.4174029783134747
1122,0.3550210549305959
1123,0.33841299183475454
1124,0.35852173592535996
1125,0.2946939523994725
1126,0.43897760397157926
1127,0.2834237010481026
1128,0.4487646712159861
1129,0.39538354692742667
1130,0.5212923634518077
1131,0.37461845294501245
1132,0.4461682437254037
1133,0.3320233458383974
1134,0.22463740731709347
1135,0.35272804086181575
1137,0.3317140476246444
1138,0.4230432344563419
1139,0.3395599275663955
1140,0.512971690187452
1141,0.30845860719909535
1142,0.32671768856346667
1143,0.31864371495257593
1144,0.42121338803968345
1145,0.39564826130969843
1146,0.5102111041829843
1147,0.521239611493692
1148,0.24778426521008418
1149,0.44919335018886974
1150,0.49734040869514284
1152,0.3557595609473259
1153,0.32083079947227505
1154,0.47812404687751003
1155,0.383102176413454
1156,0.4492534161210841
1157,0.3416720401856714
1158,0.41153676279887874
1159,0.44209474995013354
1160,0.1706488584211147
1161,0.4433797107156048
1162,0.48675558206736547
1163,0.39723083802527276
1164,0.4904265825384857
1165,0.3312219163327564
1166,0.34833297186786577
1167,0.534266693065779
1168,0.34987783781824155
1169,0.41614122361061795
1170,0.3754284617571973
1171,0.3451027008734386
1172,0.2538033406402875
1173,0.47518161878041265
1174,0.4066341534797131
1175,0.3997366303195968
1176,0.517415512560297
1177,0.5078347087055175
1178,0.48182498873448226
1179,0.1815021074416061
1180,0.39227491370566037
1181,0.3306592673968157
1182,0.444467361096064
1183,0.40684514344934797
1184,0.5023284611032169
1185,0.46513808318412203
1186,0.33153017727182205
1187,0.3374476765044375
1188,0.22867116287603778
1189,0.3927922910172382
1190,0.3089847092658919
1191,0.3489685733560788
1192,0.4519055125838852
1193,0.3521237066328522
1194,0.26883879337916483
1195,0.4794895648656348
1196,0.5047734808936677
1197,0.2676382432205119
1198,0.23785045488777912
1199,0.3799900490839838
1200,0.4503857879970643
1202,0.30449271536782524
1203,0.2379940220592572
1204,0.36530479838395463
1205,0.3766039117508875
1206,0.4601370095741096
1207,0.14967686352768617
1208,0.4623549253106454
1209,0.29613582749833917
1210,0.4078009146626854
1211,0.37585388044290874
1212,0.4021408936519149
1213,0.47504045452866867
1214,0.40531820029180593
1215,0.2391550013918242
1216,0.47556771996654273
1217,0.46726998178135576
1218,0.23622490106869137
1219,0.31990203658173183
1220,0.2174375298117796
1221,0.39539677802076956
1222,0.22157257926400523
1223,0.3401396416641045
1224,0.40982576370029666
1225,0.45351084616429316
1226,0.43108692141894206
1227,0.4430526979830747
1228,0.32742166377400045
1229,0.3907018266311008
1230,0.40713568552436535
1231,0.26991741989038937
1232,0.5221765737204391
1233,0.4725075197434297
1234,0.4105629283210729
1235,0.44351244915526905
1236,0.3743204034523875
1237,0.31994627333103554
1238,0.4321358036959228
1239,0.3367024383033493
1240,0.37615441006215844
1241,0.48218151168720336
1242,0.3220915448216208
1243,0.30398887594738205
1244,0.42134610119340943
1245,0.47801783503659684
1246,0.49351642470065404
1247,0.3823863993453999
1248,0.38030556326164905
1249,0.24504463615202757
1250,0.4814194329541573
1252,0.5037967427987619
1253,0.31689569421310515
1254,0.3436249148952184
1255,0.4453092357619238
1256,0.30844185933153356
1257,0.34884985482589054
1258,0.47398545886157323
1259,0.3398648926769298
1260,0.34020477562792817
1261,0.3444666420789681
1262,0.4411329866043308
1263,0.4106963603580879
1264,0.4199188974845921
1265,0.34510975110084513
1266,0.34224740681542987
1267,0.4276351970751238
1268,0.41696174450905793
1269,0.3164806542756446
1270,0.4889375628772433
1271,0.3832400137145567
1272,0.3571784953839283
1273,0.39809213059278625
1274,0.4136311741901749
1275,0.49552123962550393
1277,0.27054315159225034
1278,0.3518950868706641
1279,0.43023456046133
1280,0.48356102901197384
1281,0.3811197818752368
1282,0.3556104572869776
1283,0.4234948950582273
1284,0.20846294311466357
1285,0.3869244458105007
1286,0.2944577845905149
1287,0.42830250115677365
1288,0.42170679764838004
1289,0.4964634506563037
1290,0.5257605074520268
1291,0.34209597270190073
1292,0.48833235011541204
1293,0.46783432002287645
1294,0.357325211251571
1295,0.4657683738024675
1296,0.3659671417939064
1297,0.29908979345244463
1298,0.279326129693254
1299,0.46338796772107893
1300,0.38277677985281033
1301,0.47865650837166634
1302,0.33068152967123776
1303,0.2951300625721142
1304,0.3104166028110965
1305,0.37536012259715223
1306,0.44229537085508264
1307,0.3762989358644506
1308,0.5237414843254719
1309,0.3339378798821017
1310,0.36705202536931253
1311,0.4185756945766685
1312,0.25854422354861223
1314,0.18458060115790076
1315,0.4537776762878561
1317,0.3483421024971808
1318,0.41996914879255876
1319,0.3513796144885089
1320,0.4003004396072481
1321,0.46774196435161547
1322,0.46576049629052235
1323,0.4739788460235893
1324,0.39203400964965457
1325,0.4491169436981998
1326,0.3914061333733156
1327,0.37084425988266695
1328,0.47001236523430184
1329,0.43078973407934107
1331,0.16063372415656904
1332,0.48000302666616357
1333,0.4000333407135864
1334,0.24743234986811316
1335,0.2915829486584106
1336,0.33803547612954404
1337,0.408137711129746
1338,0.2655559840671461
1339,0.5024261455097568
1340,0.368533745578371
1341,0.4529913608350227
1342,0.3522341806305927
1343,0.3355825784846887
1344,0.3491629275974936
1345,0.4890750172910301
1346,0.4491256925850194
1347,0.1997469807569292
1348,0.3609963195329324
1349,0.3942601123146924
1350,0.39280126747018546
1351,0.44920550708844725
1352,0.40639917224437744
1353,0.1514441145190264
1354,0.4665502544482095
1355,0.32745477459336164
1356,0.37413809809576687
1357,0.4257923518242428
1358,0.3566433957835813
1359,0.4184166077195464
1361,0.3835454932121548
1362,0.44309083571120017
1363,0.3651878863333936
1364,0.3702214234120783
1365,0.4596394094813667
1366,0.4660159965471237
1367,0.35186964432487633
1368,0.42588136054522957
1369,0.41172271296642804
1370,0.44960374747223125
1371,0.4153892299045692
1372,0.392621721908814
1373,0.3222419989276942
1374,0.3566064626244196
1375,0.34490935974620957
1376,0.21116219686749144
1377,0.2717326805652866
1378,0.40487197960728055
1379,0.41316645555318354
1380,0.5227643359808477
1381,0.5001710786094529
1382,0.2621167448089214
1384,0.30607093598678964
1385,0.2237706367193329
1386,0.394839080553983
1387,0.3157017950910014
1388,0.16150566155695978
1389,0.2163395747114515
1390,0.49765724250621274
1391,0.27653122373134803
1392,0.44672474533111467
1393,0.47262887069136705
1394,0.47733754313429166
1395,0.33204204385303226
1396,0.36789820640490856
1397,0.3712641919860265
1398,0.22581271263676403
1399,0.472573455414983
1401,0.41460744255607174
1402,0.47562887381095514
1403,0.4028953226183298
1404,0.46916538002449526
1405,0.4052818997149787
1406,0.46873156222149376
1407,0.4378493947305125
1408,0.4005450075944129
1409,0.4644172797627492
1410,0.4375293355630756
1411,0.3497661070761319
1413,0.40150957142839977
1414,0.40972363874003664
1415,0.48870741102833476
1416,0.5204908251759592
1417,0.26640840506011154
1418,0.1795382750126092
1419,0.4240502680985126
1420,0.47520527310731453
1421,0.3760127854332781
1422,0.4440545174863755
1423,0.38603613504956996
1424,0.4543177774674482
1425,0.5244386531676173
1426,0.4762483950324351
1428,0.49545679493225886
1429,0.44562550582793525
1430,0.2702111370815395
1431,0.4179311926562958
1432,0.3366745138655001
1433,0.44431372632820726
1434,0.39566267307308567
1435,0.2899769619838976
1436,0.518607207383653
1437,0.3918358517216276
1439,0.3405524722865566
1440,0.3841619466758793
1441,0.4120232445861972
1442,0.4865467204709176
1443,0.41892704740869147
1444,0.39193895459669287
1445,0.3491948163285088
1446,0.46296447382834854
1448,0.48003370235715875
1449,0.4781124652164843
1450,0.457528579000021
1451,0.3561885675020903
1452,0.4606464293024796
1453,0.5169892595797436
1454,0.49964763761996295
1455,0.40636229386410677
1456,0.3984430894889177
1457,0.5036772030975188
1458,0.4228195281756049
1459,0.3599624317630146
1460,0.3431932208077079
1461,0.16352149972701896
1462,0.30165093990392244
1463,0.39703944374277983
1464,0.34706249151438373
1465,0.4269853982694851
1466,0.35837686160964055
1467,0.3730326010243506
1468,0.4093837990519217
1469,0.3460254489876898
1470,0.4280167293826901
1471,0.4785181449588018
1472,0.4064463939411348
1474,0.45900217470833016
1475,0.4285793644459963
1476,0.3917919784664573
1477,0.47729727783343723
1478,0.3931327375174237
1479,0.4397427416378401
1480,0.50896242372859
1481,0.4491792810745791
1482,0.36504393261436013
1483,0.41854036614052986
1484,0.45312180811909347
1485,0.32004422574748825
1486,0.2478275583437926
1487,0.19389845251655835
1488,0.4905965659368838
1489,0.32224504532824644
1490,0.29271269072901646
1491,0.2535907701255258
1492,0.35737126256785123
1493,0.3120249094680404
1494,0.39389027592300335
1495,0.2684397783545934
1496,0.44077787355846165
1497,0.4419893597984575
1498,0.43150823903775676
1499,0.46511522516929726
1500,0.4921489214515221
1501,0.3299463507252631
1503,0.19695379891635287
1504,0.3862637244476484
1505,0.38600276232256614
1506,0.3151738391702974
1507,0.4803218412779467
1508,0.4691456938752393
1509,0.28812049209085244
1510,0.369449727287316
1511,0.3375803549007131
1512,0.21026108126360632
1513,0.5504727339563832
1514,0.48013878272863625
1515,0.49233770288140805
1516,0.42144534537778267
1517,0.29227607753263724
1518,0.5493778608711426
1519,0.4382549059463538
1520,0.49237318862280244
1521,0.3528340211085497
1522,0.07849866916670264
1523,0.37180852675357084
1524,0.2282037918775999
1526,0.36416492777627046
1527,0.5115664416588253
1528,0.3984711903351956
1529,0.4730237320757841
1530,0.3694954630731159
1531,0.4601799864197631
1532,0.42866929689750355
1533,0.3635791026227449
1534,0.36608137292685644
1536,0.5049638869906762
1537,0.29859639165589685
1538,0.07761632830127278
1539,0.325343175053314
1540,0.42046351491092754
1542,0.2995912647526655
1543,0.3410008858006959
1544,0.48533868947707026
1545,0.41716678532769214
1546,0.48446866721134063
1547,0.6657814635977027
1548,0.4611061369706486
1549,0.41668617665713076
1550,0.3924514916050971
1551,0.37863880139632017
1552,0.5447674436689287
1553,0.42739614663026165
1554,0.4347843634759991
1555,0.5838510873072045
1556,0.38382239633244153
1557,0.5156430737852253
1558,0.4889184271614103
1559,0.468955969781321
1560,0.5203914887965989
1561,0.5168683247129208
1562,0.4164032144451071
1563,0.42110235474091967
1564,0.41166827699898656
1565,0.6030135094423097
1566,0.3518038202324863
1567,0.5307376658237142
1568,0.5797991006574662
1569,0.4673310669091371
1570,0.3599724876570376
1571,0.5370389935282378
1572,0.3991886130052207
1573,0.3816037275944481
1574,0.5246078665046607
1575,0.26851143984828457
1576,0.45745676661866363
1577,0.20576359907252337
1578,0.5120969700276436
1579,0.463004595059656
1580,0.5669271314955574
1581,0.3340882110189993
1582,0.14884406326557237
1583,0.3503915209039786
1584,0.5612515837114886
1585,0.308386678136178
1586,0.3579684906447676
1587,0.3684869362539521
1588,0.3373196654954636
1589,0.31465339775183315
1590,0.43992333322757426
1591,0.42125978367671324
1592,0.5286967628739986
1593,0.30798095495224287
1594,0.27226523491902843
1595,0.3622243342738556
1597,0.4865899741989866
1598,0.3932861165417117
1599,0.454773467188432
1600,0.4877222396499601
1601,0.43691239625396183
1602,0.48672127924399966
1603,0.1896465751999241
1604,0.5271965166969743
1605,0.4358532309131978
1606,0.49484480880112847
1607,0.3521935522987103
1608,0.38002255614924074
1609,0.5110077877406977
1610,0.32974611887732513
1611,0.5444347967548069
1612,0.4412033178149852
1613,0.5070137426915877
1614,0.4658956590505466
1615,0.28701546687974705
1616,0.544664542996511
1617,0.48430618702501005
1618,0.4620592592315333
1619,0.2500807183656115
1620,0.26338230721769906
1621,0.3958160335718954
1622,0.35896891955676863
1623,0.27252918651143215
1624,0.4476992382333679
1625,0.3393515470469253
1626,0.40549915472954323
1628,0.49374981825920866
1629,0.4081726764182258
1630,0.4424807429205666
1633,0.36880544602171517
1634,0.4923099853206716
1635,0.4188402186763623
1636,0.49638384335449154
1637,0.5404936833525067
1638,0.4174804950681549
1639,0.18615777100374645
1640,0.5069441217136554
1641,0.34204510897179063
1642,0.37369729613788216
1643,0.34269602528883036
1645,0.5174013207711078
1646,0.34771381125151357
1647,0.31901147347674297
1649,0.38695767263828446
1650,0.4699854170090634
1652,0.2190868916833381
1653,0.3794316401886911
1654,0.4366681023690166
1655,0.32927374868769593
1656,0.6003409655394072
1657,0.4474277647153412
1658,0.5031847616881318
1659,0.3599258097450312
1660,0.22597636444911284
1661,0.44070487063237984
1662,0.5808317516057341
1663,0.3658414565390343
1664,0.42033086004432124
1665,0.5360936537175642
1666,0.3757200804825368
1667,0.255575024930737
1668,0.4311606450165846
1669,0.42391959357056713
1670,0.5162217518870922
1671,0.4703434373276834
1672,0.326445474123354
1673,0.39220082442349685
1674,0.3752624454466722
1675,0.08586597708419462
1676,0.33382599741590074
1677,0.16840272587603572
1678,0.5125991323729783
1679,0.4635974612644547
1680,0.30947275912311245
1681,0.6044026988137685
1682,0.3329597085738131
1683,0.32495224841387504
1684,0.31844012118976195
1685,0.32765048514748163
1686,0.5011130234376269
1687,0.35147567119402795
1688,0.43719686790074597
1689,0.3814555169255138
1690,0.36091665076062535
1691,0.3825538542053855
1692,0.47487428380675945
1693,0.4949400248436757
1694,0.4833025771851667
1695,0.19874457653010624
1697,0.46981745454335627
1698,0.40794281842891683
1699,0.38962075325096457
1700,0.46535622563098666
1701,0.4676578536960474
1702,0.352519875036837
1703,0.507303703547999
1704,0.34549837318494514
1705,0.46472628706363617
1706,0.4283163179173743
1707,0.478015163395447
1708,0.5059757167111998
1709,0.45056929900331133
1710,0.5739898050250763
1711,0.5315014721104254
1712,0.4424968309754786
1713,0.3735489193491332
1714,0.4378488390606303
1716,0.3625134643717125
1717,0.3254223101311249
1718,0.49111485532599436
1719,0.3763207692178643
1720,0.552964950072457
1721,0.3658184438685065
1722,0.48592822914393957
1723,0.5280049472927326
1724,0.3169095614617655
1725,0.444087901151089
1726,0.4066449184148732
1727,0.43050758386879673
1728,0.41782920974907445
1731,0.3833437398753035
1732,0.2853100512342297
1733,0.44527677615329414
1734,0.4600186781739433
1735,0.30021587808423306
1736,0.4970137136137245
1737,0.4650682767065743
1738,0.2638735251980526
1739,0.5335741865737594
1740,0.37549415313520457
1741,0.39809553340948334
1742,0.39896490536393503
1743,0.4828782192132201
1744,0.6448945741001871
1745,0.48780524650321977
1746,0.2528810209316782
1747,0.3863790723912717
1748,0.5586994245405599
1749,0.4309357247466787
1751,0.476686945287165
1752,0.4048555485501443
1753,0.3120328460469055
1754,0.45963066799111124
1755,0.4249469522585447
1756,0.4513066921887779
1757,0.523132930765537
1758,0.10562574170327504
1759,0.42618332239873724
1760,0.5437617639992612
1761,0.4650071285929183
1762,0.4281706175752013
1763,0.6442692458163913
1764,0.42966406206210417
1765,0.39693054589367904
1766,0.6150048195990929
1767,0.38538349945655476
1768,0.2660975597778817
1769,0.4981423567630454
1770,0.4674213373073447
1771,0.5266419116218533
1772,0.5126682263389186
1774,0.5965357606623629
1775,0.39719401502410845
1776,0.37193639162438846
1777,0.4591664115481442
1778,0.6487065924233779
1779,0.3547578674546158
1780,0.4245040203660573
1781,0.2774500373163226
1782,0.3818260665866321
1783,0.5224838265424483
1784,0.3659326876343574
1786,0.4312780677670484
1787,0.27656071015298916
1788,0.41998355214826927
1789,0.44291429816259853
1790,0.5136051015250361
1791,0.44774412220861853
1792,0.5210968721158555
1793,0.21072382861297487
1794,0.4919829337800414
1795,0.4486129378043677
1796,0.46796309869842706
1797,0.5708046416662652
1798,0.38802827746040636
1799,0.3687016317356448
1800,0.45878626627945024
1801,0.34094677724977884
1802,0.3806660225105019
1803,0.37504743698359416
1804,0.45159249364129067
1805,0.4501507034978039
1806,0.4428362158354377
1807,0.3040783372804991
1809,0.6360135160814538
1810,0.3992157814365696
1811,0.45510392860302523
1812,0.4371354400710045
1813,0.5737067205134846
1814,0.031588963370006475
1815,0.46993887864052636
1816,0.5175445891226299
1818,0.5860525107767285
1819,0.3978033487328473
1820,0.5841700359900184
1821,0.3190213120853089
1822,0.514610719924911
1823,0.41687438698169427
1824,0.4094592602188158
1825,0.4736771507561694
1826,0.5554828493281895
1827,0.5868971494190836
1828,0.5161192832358654
1829,0.49801133772973905
1830,0.46193653879317254
1831,0.5410215799417827
1832,0.5084326401267772
1833,0.2712145746047345
1834,0.2843866310488616
1835,0.38927901669964726
1836,0.10706852327929116
1837,0.35822254145040877
1838,0.47151328282367555
1839,0.45499874269556995
1840,0.4473661746524464
1841,0.3982780371715335
1842,0.35241450567049376
1843,0.38731451104984743
1844,0.3527210919311802
1845,0.5952438112080622
1846,0.3819999496859744
1847,0.3319271163635055
1848,0.3769852769624573
1849,0.4897532097563148
1850,0.03999276939522446
1851,0.45968880373345067
1852,0.42544606981413796
1854,0.5399671751071197
1855,0.44013558828720395
1856,0.41464929092499625
1857,0.5406867354780225
1858,0.5137728622155437
1859,0.49350617265873
1860,0.440439699641821
1861,0.15751604938361813
1862,0.32240989264067077
1863,0.46750244287842563
1864,0.49987727512640545
1865,0.5154453560184946
1866,0.6129937198709587
1867,0.4302717140812661
1868,0.5042936921490887
1869,0.6002916171860644
1870,0.36784722704179146
1871,0.4027834419253986
1872,0.5637833610033901
1873,0.5500584209248505
1874,0.6768313668227456
1875,0.14558840334416726
1876,0.3960944854800513
1877,0.4637957313561756
1878,0.503128474967242
1879,0.6665716548523722
1880,0.5079628745486645
1881,0.4639826854518542
1882,0.4645939535688702
1883,0.3552905178137208
1884,0.24971466157255795
1885,0.34944645001978647
1886,0.41609131805158395
1887,0.45901242348231436
1888,0.49882541194686214
1889,0.4463324555328906
1890,0.3457251436401571
1891,0.342869759153788
1892,0.45234392307962595
1893,0.48324815357214795
1894,0.4025043629770834
1895,0.4221583582626184
1897,0.3785459824995911
1898,0.4081256117272189
1899,0.4928878413162587
1900,0.42377709862427787
1901,0.48185185507297734
1902,0.5484527147313881
1903,0.5566404477876171
1904,0.5258095966178891
1905,0.5849817615305382
1906,0.6846994237274878
1907,0.632694677083565
1908,0.544415126318635
1909,0.294487985722855
1910,0.6224333950389708
1911,0.4579308836418791
1912,0.42336910492107643
1913,0.5719653796215021
1914,0.2853722323902394
1915,0.340543478177674
1916,0.5411030048384196
1917,0.48885975508013413
1919,0.36903405011894863
1920,0.4892029169784258
1921,0.5518568200708657
1922,0.5474314365729049
1923,0.44261469092583805
1924,0.34606280844584214
1925,0.5510820484621571
1926,0.4868658591821271
1928,0.4867752065362186
1929,0.4790829753396787
1930,0.6315365839917892
1931,0.42372436989649764
1932,0.447911098493549
1934,0.34932783451640564
1935,0.5861021240241694
1936,0.6087972390180866
1937,0.5487336893320164
1938,0.5947111097670151
1939,0.3884590636899628
1940,0.4760849799035463
1941,0.3993919450148116
1942,0.5546247925380449
1943,0.3340221544393984
1944,0.4400011621493125
1945,0.4798189363414926
1946,0.5666386499962055
1948,0.5543575322774783
1949,0.38562899062073813
1950,0.7232889708972421
1951,0.5659001705323525
1952,0.5302306875318631
1953,0.41189399168313656
1954,0.4664009026256845
1955,0.4130866994484501
1956,0.5763534728294025
1957,0.45299945640719225
1958,0.6144169206023593
1959,0.48158975205996113
1960,0.5448522991970867
1961,0.43472713261406243
1962,0.3028221770340004
1963,0.5781959677723262
1964,0.3897250168979611
1965,0.5267792392166329
1966,0.37332167559021817
1968,0.5564595258334886
1969,0.6007922877176907
1970,0.22980727046635382
1971,0.45002078304442295
1972,0.3390030213855513
1973,0.31708876299674055
1974,0.054653224357660214
1975,0.3754666871686508
1976,0.5032668114947411
1977,0.13408623203902556
1978,0.3163734314326449
1979,0.4716711755860357
1980,0.4632211406891933
1981,0.5480312551543164
1982,0.41013361708076895
1983,0.373815980429724
1984,0.5829547563479303
1985,0.6109067296699443
1986,0.541728707187366
1987,0.44227703347958497
1988,0.46940427709302984
1989,0.5282407723712946
1990,0.2854462259997559
1991,0.5272206454278645
1992,0.3514427399436327
1993,0.6275721950936338
1994,0.5835298824058506
1995,0.4013719326226709
1997,0.5919674261692339
1998,0.500941199233797
1999,0.6308426320406327
2000,0.6286171548003027
2001,0.41303693926491575
2002,0.41008959766091235
2003,0.16980583891094608
2005,0.6061417334217892
2006,0.42170363444926046
2007,0.5243789692793522
2008,0.5920445983593928
2009,0.5120816372208964
2010,0.5081160959252267
2011,0.4632401093595836
2012,0.5311538652087792
2013,0.4486319795987684
2014,0.5138574943636037
2015,0.3542174505650191
2016,0.6001485173104731
2017,0.4624568569782533
2018,0.4239219212287442
2019,0.5703338549330403
2020,0.5473194015010456
2021,0.3739479975590351
2022,0.6175097474291704
2023,0.4194538285970137
2024,0.49879777387627017
2025,0.5539575791025405
2026,0.46536435079344113
2027,0.5022269294074879
2028,0.35124740763402335
2029,0.41766091608916883
2030,0.4706084255291285
2031,0.4577225105202034
2032,0.4356949578578724
2033,0.5385119444996498
2034,0.6899232801959112
2035,0.5136043919414582
2036,0.3865521720095525
2037,0.41855330995111456
2038,0.42219213846542497
2039,0.35402396806656644
2040,0.2068638373346004
2041,0.5218627260780226
2042,0.48086668931534843
2043,0.5519533470012674
2044,0.5522310250415985
2045,0.6481515319600957
2046,0.6194762196325962
2047,0.5256823697459286
2048,0.4017418304540919
2049,0.6655031509986012
2050,0.4289379089876245
2051,0.3917755478088801
2052,0.5226828965998696
2053,0.5243815880363708
2054,0.4290319172257486
2055,0.1550894568193085
2056,0.5879860279251404
2057,0.3204028444004131
2058,0.4405070188494651
2059,0.07640097684555641
2061,0.6945946126758171
2062,0.4537438006987409
2063,0.5188785658646472
2064,0.6797473381653197
2065,0.17716736997077523
2066,0.03135640892262953
2067,0.4792797484107061
2068,0.34195107366939287
2069,0.2034603012468993
2070,0.49633087793162184
2071,0.4304407526752359
2072,0.5662209714035373
2073,0.43527382835960665
2074,0.6258138685974989
2075,0.5693558437342837
2076,0.4006504345938833
2077,0.30219569136596747
2078,0.5381749714190922
2079,0.644586207789068
2080,0.6115159049849915
2081,0.6336311528855273
2082,0.5881780065136881
2083,0.540441519949565
2084,0.49255603722865565
2085,0.537732578344339
2086,0.5709784658920752
2087,0.5401421964744185
2088,0.6790350924722974
2089,0.4882065716879994
2090,0.5946589925183516
2091,0.36955303116579596
2092,0.562712316340164
2093,0.3437002153372728
2094,0.29231971071378077
2095,0.4541476071940542
2096,0.5781133002846226
2097,0.5689716641849154
2098,0.6666820751546201
2099,0.3904350691999935
2100,0.5133073880009781
2101,0.5162367255388838
2102,0.5267721740343303
2103,0.512629083878356
2104,0.5530034794730949
2105,0.5553509217437366
2106,0.6241561543756203
2107,0.4489219967293263
2108,0.5934356543834566
2110,0.6376337491288665
2111,0.5221705489730242
2112,0.4487852535219711
2113,0.7200052253709223
2114,0.6953072178640657
2115,0.5502367953148569
2116,0.49800423066794747
2117,0.3701725474359497
2118,0.387642999158662
2119,0.5331106133258318
2120,0.46834035596583545
2121,0.30601889532649473
2122,0.5475669550926661
2123,0.40725380202088185
2124,0.4295003203661571
2125,0.739541239205767
2126,0.47586290982884855
2127,0.6182592289014562
2128,0.42974738069309654
2129,0.44676765442439403
2130,0.5325646153780184
2132,0.6572988501479284
2133,0.39218911612751706
2134,0.4333427902328243
2135,0.5493226743078137
2137,0.5326055176697215
2139,0.41613019766485004
2140,0.6754248456594975
2141,0.4492089345145264
2142,0.07300850010242382
2143,0.19297264744613557
2144,0.4043846615774924
2145,0.37784474226038495
2146,0.4177163641276928
2147,0.4755771022340968
2148,0.22620302793079045
2149,0.5196106214462192
2150,0.5829980230710045
2151,0.41259743462280873
2152,0.5341541573859523
2153,0.6317078260987616
2154,0.62462890032897
2155,0.7378963955901017
2156,0.5934159942527634
2157,0.60035218721651
2158,0.5186972149314589
2159,0.2177044343304278
2160,0.5996244814511534
2161,0.4264966806088034
2162,0.6403844131665647
2163,0.6365042342289634
2164,0.5418522623842112
2165,0.5994316365018881
2166,0.3403159016755895
2167,0.36186636392454946
2169,0.4879209791570446
2170,0.3078034829427389
2171,0.3458656716956662
2172,0.22218053433612098
2173,0.5475114681061476
2174,0.5697676927392649
2175,0.6804618908793977
2176,0.2827554595716566
2177,0.39973982933498914
2178,0.667681822528131
2179,0.6812415885143128
2181,0.6602471022980213
2182,0.36403961113329225
2183,0.6040536566671787
2184,0.5991790875786575
2185,0.42824870850124913
2187,0.7416675233499764
2188,0.6573033751019168
2189,0.7303385275504942
2190,0.6164205911950454
2191,0.5961905422104324
2192,0.6079334836664405
2193,0.417090636209883
2194,0.673980747674876
2195,0.3659798038852158
2196,0.5116106367728249
2197,0.7928367823491373
2198,0.5779541641911456
2199,0.3562937439743292
2200,0.6036418445285039
2201,0.6395269807729358
2202,0.6888841603968977
2204,0.7044334793562825
2205,0.5931724535139838
2206,0.6842578305400041
2207,0.6422968524666381
2208,0.5988005329622844
2209,0.7314892523910127
2210,0.6569678985615613
2211,0.4831248947246429
2212,0.25718385962293516
2213,0.45682802719775784
2214,0.5397238783313538
2215,0.599198124770896
2216,0.4299109327728759
2217,0.6432226453344289
2218,0.5007525608958133
2219,0.6649180906183281
2220,0.5473108955181165
2221,0.5390874957527936
2222,0.6107888082515558
2223,0.7026087569180094
2225,0.585667913773082
2226,0.32185237103836234
2227,0.6398842123791277
2228,0.42131237441398256
2229,0.6700722438765567
2230,0.40571903037092155
2231,0.6944614362824093
2232,0.4461367617567727
2233,0.6016720244512289
2234,0.5058691340550491
2235,0.5750029135919843
2236,0.5111109004310881
2237,0.5298190090505226
2238,0.38453575557943753
2239,0.6457309699395667
2240,0.5605081379854355
2241,0.3292919255811962
2243,0.6200491639598497
2244,0.7329282047921188
2245,0.7196057857623425
2246,0.6228434569745366
2247,0.6637190894107893
2248,0.45976058490930594
2249,0.7330704272631996
2250,0.7190122547693684
2251,0.6990701672157436
2252,0.46624169571023455
2253,0.6252689589645437
2254,0.6702815480473301
2255,0.6036888538573152
2256,0.5775034353818065
2257,0.5308029016208031
2258,0.6256590105444921
2259,0.554936846894343
2260,0.700164492293598
2261,0.47010877013630803
2262,0.28870388351588877
2263,0.23890108533757523
2264,0.4610627687356618
2265,0.6497970236817384
2267,0.38513763355830444
2268,0.6239996714430627
2269,0.6061373828402833
2270,0.37341095598217305
2271,0.6313956526253185
2272,0.4299996721047328
2273,0.6987229895216057
2274,0.5624439399899523
2275,0.6961227023872277
2276,0.49729860743163135
2277,0.7215149904889914
2278,0.7450085140179066
2279,0.6904853244138943
2280,0.6035629721663788
2281,0.5987993245214918
2282,0.5887620923055087
2283,0.09987383310724761
2284,0.6584586811846607
2285,0.5379844831542191
2286,0.3515542731019488
2287,0.3690968837509985
2288,0.540368455197491
2289,0.4149231235746957
2290,0.6113868487514789
2291,0.5472777802174843
2292,0.7952021179125149
2295,0.6176625692249185
2296,0.7219766155685763
2297,0.521294075654154
2298,0.5276605483136545
2299,0.603063965156765
2301,0.6866088260234585
2302,0.6531231443233012
2303,0.3570744806607067
2304,0.6706684082447857
2305,0.6607459987666652
2306,0.6713916598966774
2307,0.2981471545934031
2308,0.6272191518348998
2309,0.4600046162296589
2310,0.3909432930226362
2311,0.569943455171504
2312,0.5804541285258611
2313,0.7352770694552825
2314,0.6515440085054628
2315,0.7128674849137289
2316,0.49710812369523993
2318,0.6320217702757537
2319,0.6871554881487258
2320,0.569909180946782
2321,0.23082409137136373
2322,0.47774058708647926
2323,0.5876938602297028
2324,0.18919090041628564
2325,0.6841124698807078
2326,0.6675325573032113
2327,0.5776921237235626
2328,0.5704543397145566
2329,0.3535447343426779
2330,0.3491369038664584
2331,0.720281410873823
2332,0.46381256428577977
2333,0.5200356493408279
2334,0.7473310638262444
2335,0.36914501735006355
2336,0.48050658876446384
2337,0.6782447383425343
2338,0.7259887299775603
2339,0.4588100094159383
2340,0.4196108697079383
2341,0.573205421226169
2342,0.24963231254421445
2343,0.3967603342884402
2344,0.6385020175759604
2345,0.7597916503943044
2346,0.391911194084217
2347,0.31709730970867483
2348,0.44763756926619525
2349,0.584293849972814
2350,0.6414827593045761
2351,0.2598792224039938
2352,0.4751976894170576
2355,0.6879761880203383
2356,0.44425471479218454
2357,0.7906410035192568
2358,0.35161681933006445
2359,0.566660899577373
2362,0.4288267582547116
2363,0.5720633558826659
2364,0.5900747244188176
2365,0.6715173848025247
2366,0.3906025965051435
2367,0.7073446481551494
2368,0.6202219642124038
2369,0.7543334585775601
2370,0.6521746204007078
2371,0.7119001277321976
2372,0.4953539949776438
2373,0.752584886430633
2374,0.6054902937265215
2375,0.6225833983268394
2376,0.48674769930162354
2377,0.7495518341657926
2378,0.764377994878983
2379,0.5823207496058534
2380,0.7831472961908731
2382,0.6823780373371643
2383,0.7990950661190286
2384,0.5136925593966634
2385,0.4035429998933822
2386,0.45712226456056626
2387,0.5491432209646809
2388,0.415553923177164
2389,0.6024672892248631
2390,0.7073919462612199
2391,0.47885961524255866
2392,0.7366884235994106
2393,0.8034011986303462
2394,0.6810132410845353
2396,0.7112313934711624
2398,0.5685872914436101
2400,0.6980726118765044
2402,0.3998587416925915
2404,0.7086552296050578
2405,0.6521028521401206
2406,0.6737090697028036
2407,0.42035775267787734
2408,0.6337121448975487
2409,0.4437225620674755
2410,0.48652988831185834
2411,0.6939061848198097
2412,0.6069964942653393
2413,0.6685757077282394
2414,0.7181843635122463
2415,0.6455898955518188
2416,0.6469998987763612
2417,0.4710502997014999
2418,0.7143145088635254
2419,0.5666481691911343
2420,0.5452337337134219
2422,0.5384901214737576
2423,0.6625934237759058
2424,0.47389997446938265
2425,0.7962047269640534
2426,0.608392435607334
2427,0.6320518540661602
2428,0.6820652679153396
2429,0.7367078977732756
2430,0.7011395114415444
2431,0.4666414327248998
2432,0.6143142648117489
2433,0.6517281858251149
2434,0.6664725710086058
2435,0.6888026420020309
2436,0.6920684152736868
2437,0.4779660618015811
2438,0.42296876185856724
2439,0.6152896723388162
2440,0.6135222055111228
2441,0.6991779024531067
2442,0.4384447500474295
2443,0.6910962868391383
2444,0.3224882765639676
2445,0.5008832183230331
2446,0.6710488266291391
2447,0.662592513388492
2448,0.528498264594256
2449,0.7704888205961901
2450,0.6660529920702384
2451,0.699091774316232
2452,0.4517463553091113
2453,0.689764612445277
2454,0.7162527278061517
2455,0.4986662190479682
2456,0.7585468904868566
2457,0.7200382777206733
2458,0.5791971552410158
2459,0.6904613679043564
2460,0.6797195353129217
2461,0.6275618104144594
2462,0.7642675350209345
2463,0.510078209580488
2464,0.5603840341035249
2465,0.7725410076074305
2466,0.38947991108839974
2467,0.7175587334642363
2468,0.46204371754303986
2469,0.5325616189698797
2470,0.7494746827198683
2471,0.537488964311653
2472,0.3690406619364598
2473,0.45042363604485636
2474,0.6147795834243058
2475,0.698834029384939
2476,0.774862034681446
2477,0.5714088721375773
2478,0.5942367454722073
2479,0.7244457262826516
2480,0.4901274688483449
2482,0.6776328808794048
2483,0.5612158309272735
2484,0.5151217206657923
2485,0.660103232673521
2486,0.5281111807171458
2487,0.40388960139861535
2488,0.6194881093673236
2489,0.5062400661253793
2490,0.7941246229753666
2491,0.5004212571713065
2492,0.7323775722427682
2493,0.3807141901795025
2494,0.7374545806626576
2495,0.6444280631761045
2496,0.7598206530834605
2497,0.5471773997301699
2498,0.4508446070546476
2499,0.7119139512253346
2500,0.1802759635321679
2501,0.5954450217261017
2502,0.6187390782766037
2503,0.6733667092348921
2504,0.4011748190426771
2505,0.7223721521218032
2506,0.6554767216160939
2507,0.7127957116561735
2508,0.4172856903283968
2509,0.2186859521344921
2510,0.756868057431967
2511,0.5333081340258973
2513,0.469490569942957
2514,0.6950580465958188
2515,0.725916073844976
2516,0.380113892858241
2517,0.7070562434362173
2518,0.7299226054446394
2519,0.5547960287147069
2520,0.5834563386160099
2521,0.7514638208287343
2522,0.43936593537555224
2524,0.22487313221591496
2525,0.8312566057517241
2526,0.651674514992669
2527,0.6083333884752998
2528,0.5079307828803241
2529,0.5452808709779072
2530,0.47946982654427533
2531,0.6743236899542245
2532,0.6175048686378537
2533,0.5592786611891634
2534,0.6992988797270409
2535,0.5986718731879198
2536,0.6493652689813967
2537,0.5152045675516485
2538,0.7130352233492577
2539,0.4447834342209022
2540,0.5630511216407538
2541,0.5575415144097312
2542,0.5415842940413957
2543,0.8269862030226669
2544,0.7473844594034452
2545,0.4693522520528208
2546,0.7391682568852309
2547,0.5549572788506888
2548,0.2687529993505659
2549,0.6979654858275574
2550,0.5397548467386993
2551,0.5679516793656693
2552,0.7459785655971973
2553,0.6900150830209704
2554,0.7291577807251464
2555,0.6195902497455353
2556,0.7306614518910487
2557,0.5416410043556609
2558,0.5872343227009098
2559,0.7720829852712678
2560,0.7167541392886186
2561,0.511822183429994
2562,0.5530380721242458
2563,0.7465303540572426
2564,0.6780708232275432
2565,0.8380506954744477
2566,0.5925194160269498
2567,0.7023992007535127
2568,0.6047648718482834
2569,0.644178957209009
2570,0.6576597834022238
2571,0.45883513831542483
2572,0.6455548985627699
2573,0.4740637615652951
2574,0.44670278360699356
2575,0.6737043230253186
2576,0.5710203726246404
2577,0.7048762371626138
2578,0.6769084601524609
2579,0.6600021908764787
2580,0.6438585231849472
2581,0.5267856980654462
2582,0.45030821346731303
2583,0.3881702255203376
2584,0.6923355513425756
2585,0.46055898392919026
2586,0.7660221137130369
2587,0.5376530955771827
2588,0.5352012315496246
2589,0.6779071456470267
2590,0.7457970433083992
2591,0.7667099432616686
2592,0.5263970445016934
2594,0.7858036487566404
2595,0.6870545918480456
2596,0.5009919539237008
2597,0.5932763544702857
2598,0.7623220981642119
2599,0.4205106715131855
2600,0.5868101415443264
2601,0.741465353128093
2602,0.6028988620743777
2603,0.7531108328042045
2604,0.5837120753062834
2605,0.47398788988819857
2606,0.6819735602837631
2607,0.6486718120395853
2608,0.6811255371048227
2609,0.7534470045797289
2610,0.7577085032028762
2611,0.7946442545415735
2612,0.7283878036562311
2613,0.6959850992805153
2614,0.6853508544371375
2615,0.8294681983934884
2616,0.7930963875719808
2617,0.8202566459907392
2618,0.7741695620820574
2619,0.6214167245463896
2620,0.6909485224136797
2621,0.5228339436945473
2622,0.7212123473278363
2623,0.496290713382725
2624,0.5364041538412321
2625,0.7592840124072205
2626,0.7823342147357515
2627,0.767199396527523
2628,0.36855872311413707
2629,0.6819554491945649
2630,0.7680515100509493
2631,0.5646307987518737
2632,0.6664999252893339
2633,0.6667900861801394
2634,0.6501972536732926
2635,0.6388936561296462
2636,0.5703421189610972
2637,0.699851925670397
2638,0.6527207582609803
2639,0.6265700135630025
2640,0.7588571737915656
2641,0.46108667853162627
2642,0.6023217065827674
2643,0.34766217808734384
2644,0.47476541704513736
2645,0.3698732368205401
2646,0.48728172954187965
2647,0.5795468946454687
2648,0.6019268400562021
2649,0.7482447466018133
2650,0.5958886301171189
2651,0.705279272039086
2652,0.6621466447649501
2654,0.7208842575030876
2655,0.5921393186443028
2656,0.6437851794666135
2657,0.5822274242485065
2658,0.7480307164789618
2659,0.8072430314099255
2660,0.6094889710278049
2661,0.7505213095219676
2662,0.7464968996586051
2663,0.41727590266864306
2664,0.5842452324519728
2665,0.6393989129110644
2666,0.5490661470272334
2667,0.44867983286470925
2668,0.8121150632548871
2669,0.7158831146697324
2670,0.38268966436041957
2671,0.6010093924254063
2672,0.8109484316123438
2673,0.661714471970307
2674,0.8248314613411076
2675,0.7737303371700024
2676,0.6342068061496128
2677,0.8357285078511234
2678,0.6536150035295756
2679,0.45654384546607063
2681,0.8006802766989107
2682,0.3896266407441722
2683,0.7007374399032547
2684,0.0764147650554716
2685,0.7411091777696053
2686,0.5071079027050864
2687,0.5262081961374283
2688,0.7800036161374205
2689,0.8114691850727328
2690,0.5740458695778883
2692,0.6331490517544796
2693,0.5891464716221863
2694,0.7572260214299661
2695,0.42374447638829466
2696,0.7795737717650829
2698,0.4860411480808203
2699,0.5230705514711965
2700,0.6673435289807381
2701,0.6867705881835987
2702,0.5481636656241846
2703,0.6443596547459561
2704,0.7440353444447728
2705,0.5707103903091265
2706,0.7452955614027268
2707,0.5380868415111415
2708,0.6457568973537733
2709,0.7422287132700206
2710,0.7776206906855369
2711,0.7096159752842756
2713,0.015169711715732734
2714,0.41579022630606727
2715,0.7230932529733436
2716,0.7068479615492527
2717,0.7901590539234774
2718,0.6718562995390831
2719,0.784106263806769
2720,0.636008851355196
2721,0.7620552769943423
2722,0.6521321321416572
2723,0.845233087101765
2724,0.6941365933005399
2725,0.5026679157801444
2727,0.31866134056159257
2728,0.8310851480751911
2729,0.678209530494281
2730,0.36759058653728244
2731,0.429100543696602
2732,0.602651359074158
2733,0.7679676242213956
2734,0.7485413414901498
2735,0.4916878630154585
2736,0.851570517355417
2737,0.6691326523474296
2738,0.8271463711866592
2739,0.6519512606902137
2740,0.6954958100159979
2741,0.4236559010280722
2742,0.732950889338565
2743,0.6892094319819395
2744,0.8509868397919124
2745,0.6468512580753337
2746,0.6371178452673686
2747,0.6856693534690599
2749,0.6622681605462011
2750,0.31021193519422086
2751,0.5617871982548986
2752,0.4657451175083023
2753,0.7722948900693869
2754,0.6391709654324168
2755,0.2671338405842828
2756,0.46775653080240637
2757,0.5149898361233091
2758,0.5681016318943176
2759,0.5913194920299444
2760,0.8083310453954831
2761,0.7619145504850706
2762,0.6777417164911286
2763,0.6355371416331285
2764,0.7872967546653313
2765,0.8321162024462205
2766,0.5810737012305307
2768,0.813207474507544
2769,0.7592814595503087
2770,0.7085898757478462
2771,0.6272677234282902
2772,0.7419988566563062
2773,0.5088894733381675
2774,0.8295558431863309
2775,0.6244715889963786
2776,0.8182617382676189
2777,0.6975420729430182
2778,0.6894198127995695
2779,0.8489788729221469
2781,0.8731831225659663
2782,0.8578324906684239
2783,0.7689558843343426
2784,0.41710869033334874
2785,0.5734805775592029
2786,0.6775864896279457
2788,0.7690290077096639
2789,0.527794350113801
2790,0.8032665726708649
2791,0.6497501526496644
2792,0.8082110797146034
2793,0.8636749643473418
2794,0.7611737885449317
2795,0.6482058089347391
2796,0.6216063538596889
2797,0.8280999044960029
2798,0.7695387474845325
2799,0.5098450277121662
2800,0.8301127109370907
2801,0.749020549315258
2802,0.754116945780661
2803,0.7498922007846439
2804,0.6487503411444524
2805,0.7955926332698038
2807,0.711900190217163
2808,0.4640114191554469
2809,0.6876554025912297
2810,0.7662338444783867
2811,0.5942566055043814
2812,0.8133865987077903
2813,0.8133307982232164
2814,0.8314147773389806
2815,0.6855549457714889
2817,0.652543600849378
2818,0.7486341055380834
2819,0.7258060354141896
2820,0.8501920765734147
2821,0.23441841130259747
2822,0.8059727926136577
2823,0.5183516766380071
2824,0.6299774090675176
2825,0.5630575772801156
2826,0.6054413111523446
2827,0.7713604636071623
2828,0.5123128206151024
2829,0.7620594888209135
2830,0.6917234769289475
2831,0.44606440980424766
2832,0.6738645472365883
2833,0.7019968674481905
2834,0.8956135851697794
2835,0.7783778984576624
2836,0.5291712441316556
2837,0.45431678216068055
2838,0.8504501608691397
2839,0.6676772799970196
2840,0.6461217266390288
2841,0.6363799552446973
2842,0.5955301096003275
2843,0.718641743530166
2844,0.4905854540597935
2845,0.7555497269229138
2846,0.5960153643196128
2847,0.7888273869911098
2848,0.8464909102905127
2849,0.5389993707935998
2850,0.6960767694638066
2851,0.7339577797744824
2852,0.7042439070618659
2853,0.8525188838330073
2854,0.8644351022939187
2855,0.8888345427735052
2856,0.5151018520183464
2857,0.7312757444375534
2858,0.823283212498301
2859,0.8353171667585846
2860,0.7400843380190537
2861,0.7606208943681523
2862,0.8157914984467536
2863,0.16850644353141517
2864,0.8213238191486365
2865,0.7101720438631449
2866,0.6044163570970952
2867,0.7616232356424957
2868,0.7332438532283538
2869,0.3990982157390369
2870,0.7560132374765506
2871,0.7362576235156497
2872,0.7129672878270631
2873,0.7363067190222184
2874,0.8599468920063987
2875,0.5505792841280922
2876,0.7687700189941515
2877,0.8006650828301374
2879,0.8019260783255514
2880,0.5441082352474672
2881,0.7519818445225361
2882,0.8562856000991675
2883,0.3790926875572102
2884,0.6136014031535064
2885,0.4074418138276262
2886,0.8217277039223324
2887,0.7659258403674587
2888,0.7904630809285913
2889,0.7567958253871316
2890,0.8153823429630145
2891,0.8392281133570337
2892,0.6624047047792857
2893,0.7220732119670146
2894,0.8267165783802652
2895,0.6398917571618451
2896,0.8028786851795885
2897,0.8183079215444483
2898,0.8248805289302562
2899,0.7687710670310155
2900,0.7579506144582567
2901,0.4348429131830546
2902,0.6382251482432584
2903,0.7431632258223333
2904,0.7189053643164971
2905,0.7974989689411297
2906,0.7885616212614267
2907,0.8287450862565634
2908,0.7508740388114116
2909,0.8705186806829073
2910,0.7798400005744921
2911,0.7357584337486633
2912,0.8690177198498755
2913,0.42936265506196764
2914,0.5315963349594122
2915,0.6872994943211126
2916,0.6283810619480404
2917,0.743820458841926
2918,0.5742845524354901
2919,0.83682291763847
2920,0.5745903738196593
2921,0.5543314234054891
2922,0.449321160001111
2923,0.7824868119863911
2924,0.5104562229639077
2925,0.7237888832772519
2926,0.8259204407690381
2927,0.6351912417733028
2928,0.6109476742568078
2929,0.7355500873190709
2930,0.5969013388686403
2931,0.6625365052098635
2932,0.4557467467844907
2933,0.8807672589421845
2934,0.8120351433707093
2935,0.835169084890084
2936,0.450482581734774
2937,0.7793066120674728
2938,0.5764691300455808
2939,0.7027832537323002
2940,0.6355432145195804
2941,0.841519484806576
2942,0.8312637639214414
2943,0.8118304381461261
2944,0.8241905526116661
2945,0.40355422935409235
2946,0.7634043827065132
2947,0.82048576240017
2948,0.8785767582301339
2949,0.8024690449736053
2950,0.6780158485776371
2951,0.646398457513584
2952,0.6808875414680181
2953,0.8485561993352648
2954,0.8591226738107101
2955,0.8003638253629125
2956,0.8368472763936827
2957,0.8466411940967637
2958,0.7792454049868198
2959,0.8030580727481765
2960,0.6752234372508995
2961,0.8340337021016391
2962,0.8215683714988677
2963,0.7380689935887383
2964,0.5642411329743976
2965,0.882498092566908
2966,0.700398785114278
2967,0.8237383379351417
2968,0.8369006574517028
2969,0.5872562635627462
2970,0.8509349820266789
2971,0.746444480788733
2972,0.8496537997393077
2973,0.8131823851133541
2974,0.6266630946305783
2975,0.8592984599436759
2976,0.6612204517293736
2977,0.846652683245549
2979,0.7633451244371741
2980,0.7836762705517508
2981,0.7224456896810554
2982,0.7226326112445497
2983,0.6462576771917286
2984,0.8555812732628076
2985,0.778313817703337
2986,0.7570874842160915
2987,0.5114341982194146
2988,0.8474325890774725
2989,0.7022828545914398
2990,0.7988793580702489
2991,0.6890808895498186
2992,0.8068466780674245
2993,0.7299084358556842
2994,0.8485795635390359
2995,0.7693938575963597
2996,0.888014401164464
2997,0.7080758578612559
2998,0.8780806394001992
3000,0.7308601916794325
3001,0.8606614383319839
3002,0.8868958148945484
3004,0.9037364846699718
3005,0.6599260469311844
3006,0.8855781593642594
3007,0.8715778435569776
3008,0.8934759531514624
3009,0.7961624644431964
3010,0.8563962641305112
3011,0.6620755360081174
3012,0.8124630261074012
3013,0.758530749332162
3014,0.6961520064456741
3015,0.81283258383679
3016,0.8332939401295943
3017,0.8357219662413096
3018,0.8793280519475407
3019,0.7590557294179217
3020,0.8278337142460476
3021,0.856103087101749
3022,0.3810784049956926
3023,0.5350342743378602
3024,0.8538122087172039
3025,0.833188545906001
3026,0.8950880633684021
3027,0.8625929009614816
3028,0.8706407409545834
3029,0.7773530245460467
3030,0.8164986662010103
3031,0.8774720904664218
3032,0.49577285709399177
3033,0.7578572420656513
3034,0.7267222743884134
3035,0.8344315652506243
3036,0.8612465676143504
3037,0.7154843925211533
3038,0.8279013787942455
3039,0.7945571890566213
3040,0.6676125123087207
3041,0.626007935404381
3042,0.8175896817365366
3043,0.7561258529761111
3044,0.7012747010469166
3045,0.6727536454602627
3047,0.7687988863763785
3048,0.7989542002139213
3049,0.8219342286796036
3051,0.8396540972881403
3052,0.5349860702764727
3053,0.7355795562123771
3054,0.8360931296201449
3055,0.780759173778158
3056,0.8081890718297616
3057,0.753497465487374
3058,0.7950611087429095
3059,0.7622015579874551
3060,0.6585721528594135
3061,0.8024357869636204
3063,0.8659547248487455
3064,0.7704760056876517
3065,0.8790927837948925
3066,0.7418466286866191
3067,0.8497533872854595
3068,0.8968933692537653
3069,0.8845902947008586
3070,0.8138310384104498
3071,0.758120703982497
3072,0.8003596158740625
3073,0.8094995964154599
3074,0.8760451696548167
3075,0.7545250017359993
3076,0.7781977381511485
3077,0.4585303107650598
3078,0.8035384743444938
3079,0.8212597121388743
3080,0.38348801758404877
3081,0.7441143194743837
3082,0.8390021908480264
3083,0.8583397471382653
3084,0.8270767311045689
3085,0.8520296376755991
3086,0.4275851783498158
3087,0.5189020955186607
3088,0.7895619997202623
3089,0.41175515094159226
3090,0.4812551747189151
3091,0.7490441264736123
3093,0.7428970294881573
3094,0.6596672354644146
3095,0.6742779581856325
3096,0.8617527642853724
3097,0.6150465329202345
3098,0.7056057732617104
3099,0.7947028900543459
3101,0.8271481881323796
3102,0.8285237181455055
3103,0.8211421017417608
3104,0.7652540025914575
3105,0.8514528099045878
3106,0.5815574740775222
3107,0.8472249076175336
3108,0.8389033684282065
3109,0.8030544071025327
3110,0.7814287743761245
3111,0.39331393227618383
3112,0.841898741229081
3114,0.8230407881990303
3115,0.19252444755673404
3116,0.4484703034150571
3117,0.707810762184796
3118,0.8065705467557214
3119,0.8305881973198567
3120,0.7511169133289856
3121,0.5621605844834723
3122,0.7257614116870874
3123,0.6505327465598273
3124,0.8207722975330499
3125,0.7646007665890985
3126,0.639667178119901
3127,0.6237045828504243
3128,0.8120927658224593
3129,0.6875814509477054
3130,0.8140249978589167
3131,0.47622158549078514
3132,0.6939834680004553
3133,0.8832748979613132
3134,0.8613960835275439
3135,0.7559140221220019
3136,0.7455023548818068
3137,0.809612270059917
3139,0.808088056693588
3140,0.7498520074425438
3141,0.8641336428629939
3142,0.8577012266811336
3143,0.7285135832225715
3144,0.7527259921579291
3145,0.8160403456243007
3146,0.3837686124499193
3147,0.7131691023776638
3148,0.8571430062464424
3149,0.5734342888007089
3150,0.8305579379561561
3151,0.8195137088768681
3152,0.7776402013600044
3153,0.7807104400624211
3155,0.6661678159320904
3156,0.8525087142613497
3157,0.8736040501939082
3158,0.8164110891413339
3159,0.8613373519399737
3160,0.8295256814437065
3161,0.912241886800752
3162,0.7788972408092962
3163,0.7579081867029537
3164,0.5684448538302855
3165,0.5146026988348338
3166,0.49692731640645604
3168,0.705011381283847
3169,0.5616230718192624
3170,0.8193578326477919
3171,0.8365457031708442
3172,0.8086252732298956
3173,0.5580208955669309
3174,0.7859133298048672
3175,0.577027847579453
3176,0.5081309738497138
3177,0.847554655752013
3179,0.8684555886576281
3180,0.7327920905444574
3181,0.8320768829799255
3182,0.9249414555595232
3183,0.21804673446934028
3184,0.5770909948219484
3185,0.2890135945325872
3186,0.4296028446061115
3187,0.6897055407833241
3188,0.5779938256083653
3189,0.8998495017911486
3190,0.7433231291696916
3191,0.6990648393028273
3192,0.6001611667308392
3193,0.839248412271716
3194,0.7818405646227804
3195,0.8321869794430226
3196,0.8693456647015158
3197,0.7437657234532159
3198,0.8287148081372372
3199,0.7859680319929191
3200,0.7119845132162521
3201,0.879022655177628
3202,0.7973755193899242
3203,0.4288838519812042
3205,0.8639384753319291
3206,0.8124745937837194
3207,0.6243765432262556
3208,0.7992720072042407
3209,0.7639827699246048
3210,0.6761580889936207
3211,0.9107181016284652
3212,0.9154085647061173
3213,0.7745655723041254
3214,0.8389471236620004
3215,0.7153782943778281
3216,0.6908298379273435
3217,0.8022102068412733
3218,0.8158860156500846
3219,0.8317791810464794
3220,0.7580355862493738
3221,0.8785144364262297
3222,0.8964471163346777
3223,0.8341249432972583
3224,0.7577953988125286
3225,0.7440401854805827
3226,0.7251300307385057
3227,0.7847067661981643
3228,0.7472712985964868
3229,0.7754342428733874
3230,0.5897823881535449
3231,0.7988841564544631
3232,0.7685400475940161
3233,0.49029955916653023
3234,0.8952883284436319
3235,0.6537845641190048
3236,0.7586068040133962
3237,0.8468282543180635
3238,0.8864131940016147
3239,0.7888579566684186
3240,0.8716285299984712
3242,0.8636074456682555
3243,0.8955472555815377
3244,0.8398782910640591
3245,0.804285422390392
3247,0.8601766777539656
3248,0.8951064596918209
3249,0.7983300644143739
3250,0.7528506281789972
3251,0.8268785071153018
3252,0.7370140068388301
3253,0.7725621673735512
3254,0.7906980229372956
3255,0.715702772894532
3256,0.8234447252542731
3257,0.8421805011079753
3258,0.8083912454594606
3259,0.7767319911232676
3260,0.8251998425764876
3261,0.8410692055105891
3262,0.8197396010354113
3263,0.41643637565703123
3264,0.9259543985433342
3265,0.8134597492764061
3266,0.8615478030205148
3267,0.8812660328579849
3268,0.8835399154070004
3269,0.6494372272831117
3270,0.5113865015685122
3271,0.854977145844366
3272,0.8204550411349661
3273,0.7351317101121682
3274,0.7803002451093385
3275,0.5780153273735922
3276,0.8331463552429335
3277,0.6536969886628149
3278,0.6691106882533854
3279,0.7665747346824531
3280,0.7838752729552122
3281,0.4791112214095734
3282,0.8176834457853335
3283,0.802991956749494
3284,0.7846154848046689
3285,0.8031227789626562
3286,0.8349730884733375
3287,0.7892346799835586
3288,0.6896042964859879
3289,0.8882458480952912
3290,0.8807276004490078
3291,0.8501613259699234
3292,0.897877722639735
3293,0.821236246353553
3294,0.8382356088514522
3295,0.8529290579801209
3296,0.7517787105174258
3297,0.5609529977112964
3298,0.705623522065553
3299,0.8888666010420008
3300,0.899479456632824
3301,0.6760565894423036
3302,0.8839003804607545
3303,0.5605306469449689
3304,0.8500288911949081
3305,0.874031641398013
3306,0.7505801890555683
3307,0.4953111010889468
3308,0.7079882816862892
3309,0.844297170299216
3310,0.8446023235276537
3311,0.8676813023495976
3312,0.7218910927602282
3313,0.8805806255834387
3314,0.648990684170946
3315,0.7289132290567499
3316,0.8736756935965533
3317,0.8612698635215692
3318,0.7031652668732649
3319,0.8607244185577889
3320,0.416975081927817
3321,0.7513767275173732
3322,0.7846734163925263
3323,0.6863396144325244
3324,0.8682709583361606
3325,0.7247247645546646
3326,0.9221279862783852
3327,0.8730932227731805
3328,0.5567237019358169
3329,0.8893799818155786
3330,0.9105402622378623
3331,0.86302532923754
3332,0.8792672695799937
3333,0.7725467993018795
3334,0.8248208994312964
3335,0.8706171778945394
3336,0.7555303919281502
3337,0.9314400592843661
3338,0.9156958310706526
3339,0.9181141745460177
3340,0.9212796014104235
3341,0.8613987571092939
3342,0.4317189082590259
3343,0.9185146377293898
3344,0.8826727213153044
3345,0.8286096759226722
3346,0.7612320561127163
3347,0.8255467525484808
3348,0.5854798912170202
3349,0.8982072150137702
3350,0.8402950922462179
3351,0.8698713520859783
3353,0.8222781141942367
3355,0.8540363941717621
3356,0.7625294080801044
3357,0.8625798925713474
3358,0.8339240050109619
3359,0.7842998385388367
3361,0.8967586241302543
3362,0.914377291969122
3363,0.8746329009439194
3364,0.7340469776911133
3365,0.8753112694617202
3366,0.9339425794277123
3368,0.7317428410544978
3369,0.36518809041124645
3370,0.7269957469027232
3371,0.34535752021445243
3373,0.45526953342233645
3374,0.8532064706762192
3375,0.8676497017415936
3376,0.8419373406368627
3377,0.854085377432828
3378,0.7322558292248895
3379,0.7780861519125101
3380,0.5498978019196465
3381,0.806633478277025
3382,0.7955769917812162
3383,0.5854713421471365
3384,0.8936026719490939
3385,0.8405859264410501
3386,0.8774887530367541
3387,0.779966586710405
3388,0.779069154900477
3389,0.8304524365169026
3390,0.6128415671020355
3391,0.7960897531321437
3392,0.8813178757316851
3393,0.660541353719048
3394,0.8927282195457892
3395,0.15385229248838408
3396,0.769807935086419
3397,0.7431058611469704
3399,0.11737763967702815
3401,0.05798387320383378
3403,0.4276576650590982
3404,0.16842513304520118
3405,0.6461095847508522
3406,0.19904806907218633
3407,0.07237276155963282
3408,0.35976350934970847
