1,0.560250340305912
2,0.32058276624413046
3,0.3377228940147386
4,0.41541806996042974
5,0.4736763016794268
6,0.45045410303379535
7,0.36211612062329723
8,0.18924139003837775
9,0.5087479972299419
10,0.4174034859560468
11,0.44114968618671396
12,0.3367366696516206
13,0.44266565287006704
14,0.3900442352656452
15,0.3491465359615604
16,0.2916445546096867
17,0.38835824141994146
19,0.3108116219108931
20,0.39589199061244773
21,0.4494021911358703
22,0.37652726671312337
23,0.3921691397565429
24,0.39829834817682974
25,0.4281546537535943
26,0.3381403458318009
28,0.39469550829363526
29,0.4320507884580669
30,0.4540240810976994
32,0.35972722106734195
34,0.48696018188670226
35,0.5079856295852081
36,0.43075240277867416
37,0.32823899805130924
38,0.4812611678367505
39,0.26450516885908265
40,0.504559153342578
41,0.4005501091813253
42,0.46467090884849277
43,0.34520041772201515
44,0.45557494459640285
45,0.3627486847648696
46,0.5040380199153504
47,0.4429843737212538
48,0.41462808607889595
49,0.472557267882955
50,0.38607254767003957
51,0.3598090648486254
54,0.5196842521364444
55,0.3585688608191737
56,0.2315354315272704
57,0.3308123986199336
58,0.6064635805760634
59,0.35073544719247596
60,0.42901103235498705
61,0.5365739049369735
62,0.51195874435949
63,0.3183832280302759
64,0.3466049460964998
65,0.3889145301539654
66,0.3592795770960103
67,0.3772506882685668
68,0.44526026574316413
69,0.4555214888102473
70,0.34437559169963883
72,0.5105326633747823
73,0.4762605043678127
74,0.35314439910876466
75,0.35845094384036275
76,0.3142201853739542
77,0.2955527344601488
78,0.4779666339375741
79,0.47984550254236863
80,0.3600111944962023
81,0.49431218257674225
82,0.26800900620527424
83,0.7657218118077361
84,0.35943721723859984
85,0.38293693151927755
86,0.321024857201369
87,0.46695698552414694
88,0.33447972093752426
89,0.48878992808504335
90,0.5065920063420958
91,0.2945093607230113
92,0.3599845461388792
93,0.4258237985976637
94,0.32503740091098765
95,0.3580580920370168
96,0.36501054691209384
97,0.49622005334499175
98,0.2646803949111133
99,0.5991895063229417
100,0.4348608017599916
101,0.3826447816800772
102,0.3421280463656635
103,0.49805880857906804
104,0.5553645363137298
105,0.4250633256521795
106,0.29918631130289314
107,0.35934940390342357
108,0.3125905767323747
109,0.4171465546964792
110,0.3441819191576561
111,0.3786728951055156
112,0.3189481511526908
113,0.3944229060188598
114,0.328438701046944
115,0.3988190120794966
116,0.4914432138797902
117,0.38565348864026894
118,0.34103358563467556
119,0.6082030653421717
120,0.39301714481704364
121,0.3693228539966805
122,0.3659459418123589
123,0.3336731314154361
124,0.3524340590598633
125,0.4911673967483832
126,0.32836194329285795
127,0.38020924732702416
128,0.34038178830863053
129,0.4490894913444955
130,0.41980125680558467
131,0.4966474716346277
132,0.48820028361100953
133,0.48555558807891225
134,0.36773166299471355
136,0.4794188239060452
137,0.48324881384724194
138,0.5770669695887689
139,0.3534150907881896
141,0.48968151493330664
142,0.6116760212268623
143,0.37497322875294753
144,0.41638186986793413
146,0.3395837102948284
147,0.5058652761963813
148,0.29597987707787443
149,0.3775965739355034
150,0.3266128521359565
151,0.4725312908184949
152,0.3883607098836143
153,0.43061281708502674
154,0.4615170421017124
155,0.37722459678508447
156,0.5247544584052621
157,0.33499781844687243
158,0.4502243414534748
159,0.42653625848362475
160,0.3664389297826344
161,0.3476062443586309
162,0.4904483778481475
163,0.3741337978399735
164,0.31855685079003604
165,0.4615988208053461
166,0.4152070157965257
167,0.4962179487783354
168,0.5002558288363983
169,0.29370696738156027
170,0.33656557360112305
172,0.2375683970484078
173,0.35094303321038406
174,0.35911536216592804
175,0.39373463121781144
176,0.25174106966221466
177,0.29672263596435333
178,0.3220903419771248
179,0.35687641821370386
180,0.33951040977471697
181,0.33210310665740644
182,0.4840985988120997
183,0.4420198428207922
186,0.37235932799060534
187,0.44353297371481243
188,0.4636145093181241
189,0.37045064858484417
190,0.3405621758983333
191,0.49206308105914687
192,0.4705298064964374
194,0.4457243155383079
195,0.5185098189710929
196,0.5152473775742046
197,0.35597134756673576
198,0.3861132320133815
199,0.4279785013150956
200,0.5614299801606563
201,0.3904847098480019
202,0.3722030133130879
203,0.41898866952399494
205,0.30803767120355646
206,0.2583519169825219
207,0.5197348515098668
208,0.3443914766241903
209,0.473584022173414
210,0.47574296911310027
211,0.5197946377494014
212,0.5208727294015337
213,0.43874727066328384
214,0.5195432210860979
215,0.34504777558734034
216,0.32707652938478676
217,0.38930056574423294
218,0.4891282968593765
219,0.3678337920445381
220,0.43248542352871777
221,0.47776792038062393
222,0.39005830271661257
223,0.4624234265741463
224,0.4620646656230198
225,0.2783401100306964
226,0.2843255548051463
227,0.4167642343595692
228,0.39227998559008753
229,0.4499683078088739
231,0.31079244606566453
232,0.36985139627342095
233,0.7672785505478737
234,0.39408470567623355
235,0.3322584565760401
236,0.36552116620644387
237,0.44939497983240245
238,0.3433188168771055
239,0.33803152168533757
240,0.455059365986835
241,0.43555676771676644
242,0.39785803258258196
243,0.4498724699098909
244,0.4222672353659064
245,0.49755094361263974
246,0.309685392383431
247,0.42300656340462567
248,0.27895117271723996
249,0.35855153971866704
250,0.4193342061251492
251,0.7588314979803072
252,0.3884235904666737
253,0.5112786526860269
254,0.4478331669641066
255,0.40877174423171986
256,0.33275636284540566
257,0.34362535192488686
258,0.37070950609707615
259,0.4278196066438858
260,0.3645496616016901
261,0.3942270291161796
262,0.43090418707632705
263,0.33067412912334965
264,0.4162269072833427
265,0.2897899103863521
266,0.4986529470475786
267,0.3384331001763676
268,0.34646410193813837
269,0.42807399937610596
270,0.2864760410689576
271,0.39887316751207036
272,0.504005160935162
273,0.5050546337916715
274,0.27657100071695767
275,0.5874124540521255
276,0.46081990158295716
277,0.3491822707688761
278,0.43496609220057453
279,0.334485549484461
280,0.33434088243339
281,0.48771285585042196
282,0.3596906807114492
283,0.38364695857987746
284,0.47594529393057
285,0.38361334205906517
286,0.47261103760287004
287,0.16863921238784887
288,0.3735810509972717
289,0.48154171393969564
290,0.5383898303294146
291,0.3263392170168266
292,0.46926905810594705
293,0.4410271142407818
294,0.25820764509133354
295,0.5082547432922946
296,0.40692260872000563
297,0.3398276562435368
298,0.5137401174377981
301,0.3865885160174463
302,0.4472383095657895
303,0.36334179541646927
304,0.34878164372808657
305,0.4643415522848356
306,0.5033046901850886
307,0.4019777899326992
308,0.5191370337458892
309,0.5168759381339375
311,0.42613886422691144
312,0.39726222928379024
313,0.42303103808556325
314,0.4444276086067693
316,0.3208162080353126
317,0.5603386781698688
318,0.3873301780738834
319,0.5142239882291066
320,0.34043219666136004
321,0.43354348260569636
324,0.2878876063717215
325,0.46265966035067146
326,0.4945804936720856
327,0.3652998435676739
328,0.2595347085247634
329,0.28277565368996604
330,0.3605080829009675
331,0.4043380291950497
332,0.1880174097646433
333,0.37552582023573006
334,0.5040137368610815
335,0.44340084102682875
336,0.466948516508622
337,0.4085538461890549
338,0.40846114672335504
339,0.3842642976851598
340,0.4338984641657369
341,0.40576021284624547
342,0.4180318541513016
343,0.45123858218597745
344,0.4281659110690263
345,0.3331328842923613
346,0.3045199990676614
347,0.38728155528935687
348,0.481551564650686
349,0.46527900487141816
350,0.3747711797146365
351,0.4763536672682773
352,0.4084609045363551
353,0.41231706971511684
354,0.4127757004221879
355,0.5249726921955857
356,0.5233271662298365
357,0.495910496596899
358,0.3127686569665653
359,0.4410082736823887
360,0.3664498776755313
361,0.37208407044783604
362,0.42801997285460963
363,0.45283341382704057
364,0.4274947404072374
365,0.48226165255339115
366,0.35438781003378256
367,0.29573244405264987
368,0.49377287449400953
369,0.3318052830017696
370,0.4399653923675229
371,0.42483000794748516
372,0.35743638485441137
373,0.4820129965287375
374,0.45443633701832015
375,0.49018058851929264
376,0.4716141448319764
377,0.45540537325374597
378,0.37736379385152785
379,0.42100684650070125
380,0.32885357377150265
381,0.5915248155968506
382,0.38150636959909173
383,0.8818290378578214
384,0.4039601869848958
385,0.4565720357832823
386,0.5659202552877992
387,0.37986177369627183
389,0.34855902871682454
390,0.4521193563841427
391,0.40226757515851724
392,0.34206228469937816
393,0.35090923617828096
394,0.3958113761061411
395,0.4969055289301532
396,0.35903762957422514
397,0.35384671511500565
398,0.3353131800306691
399,0.3269512675035203
400,0.35496846123439735
401,0.3618460700161532
402,0.38033166715373684
403,0.5106392912770468
404,0.3846452511463867
405,0.6191584609500912
406,0.4102494842965441
407,0.47530979106548754
408,0.4491482488978165
409,0.3525529436600599
410,0.4142970087973829
412,0.45784513566116547
413,0.5208619489231705
414,0.41387701055555093
415,0.3849896932801515
416,0.4532147184134831
417,0.3462547660066908
418,0.4580796188430608
419,0.42231482246685137
420,0.3879733184649165
421,0.39069639708310616
422,0.47319208473105046
423,0.33228097818492064
424,0.5085628476487284
425,0.29928674054292276
426,0.45250486960704556
427,0.3513142463810897
428,0.5238917735990317
429,0.28926282451749574
430,0.42631958531843434
431,0.5145418307341547
432,0.5028783479290228
433,0.4712161409767948
434,0.33145219304721946
435,0.5214065512205651
436,0.47577960833486327
437,0.3209180331067096
438,0.6386464694202693
439,0.32944046271218014
441,0.4839552902900567
442,0.4811230233578112
444,0.3450424089829431
445,0.34865499976233555
446,0.40433395526785215
447,0.41871663808250703
448,0.48435049328684787
449,0.5243529367945649
450,0.34848034402687916
451,0.3827820926911519
452,0.43197152808592504
453,0.34813907374741926
454,0.39276212843001346
455,0.47398507915227256
456,0.46456962393150714
457,0.3324920981833303
458,0.4668971931673252
459,0.4259685687550818
460,0.3633074286778303
461,0.40617477563765036
463,0.41774394876723164
464,0.34746136942466194
465,0.42139271224495906
466,0.6318300512858857
467,0.40383621293060024
468,0.5249032912236269
469,0.3531962061708155
470,0.3583160054307671
471,0.45441448022895525
472,0.2837905725493303
473,0.3304306310738735
474,0.4873309806550763
475,0.47014115578723137
476,0.4125226928894998
477,0.4113833290377611
478,0.46427620835629746
480,0.4158448199952285
481,0.4632614744934805
482,0.44213151098062276
483,0.4769283846394544
484,0.3462789704328076
485,0.4049739148738372
486,0.4165339119979821
488,0.3378618119701631
489,0.4339890263542196
490,0.4830807323249432
491,0.39096851216480866
492,0.6655509688533877
493,0.4786984012017623
494,0.41042068779812196
495,0.43779016999378356
496,0.35035746526629613
497,0.3905604657285388
498,0.4011822346378193
499,0.26468203812835456
500,0.41484872221015645
501,0.36233155890615043
502,0.31509708999597086
503,0.46013682886025986
504,0.4478490030754068
505,0.525100052078102
506,0.3524818281693723
507,0.34435658802356683
508,0.4078905512282276
509,0.4008331051171725
510,0.37278055433668
511,0.5886019089313543
512,0.3858572357457924
513,0.36952154429884215
514,0.3707854210519644
515,0.4273472375833003
516,0.4490642244883586
517,0.3660172115189084
518,0.44494356972913596
519,0.4162067046251494
520,0.4284501338773414
521,0.5022144931334858
522,0.34125346938001266
523,0.4356937495511776
524,0.2999860849719224
525,0.4466474281282766
526,0.3307439247796225
527,0.45600852433122113
528,0.3035056345337745
529,0.5174049180054726
530,0.448905306309427
531,0.46148250156752985
532,0.4121726432687695
533,0.5596719909542089
534,0.5423392252685487
535,0.41937944334270205
536,0.46503277342146027
537,0.32122691883406346
538,0.40380907285900797
540,0.3902109001960835
541,0.4260551233977874
542,0.33765141520404657
543,0.4651738999785726
544,0.7026166503294653
545,0.3541368676679392
546,0.42401935165094107
547,0.5184790917443344
548,0.4350542470029491
549,0.346194149606941
550,0.5371470588496668
551,0.45759603762795376
553,0.4812159342517226
554,0.376299703491209
555,0.5171668410877741
556,0.33757201628915673
557,0.32967876789094713
558,0.341255563999914
559,0.49008239121213054
560,0.4140270394322684
561,0.392263293305381
562,0.4687164311469382
563,0.6550785293987449
564,0.37141945764917456
565,0.4738588297486887
566,0.4295419912352097
567,0.4200548088158466
568,0.6721691290191996
569,0.44071212934036186
570,0.5053374539649769
571,0.40683832799253683
572,0.40792888283258205
573,0.36042142983503767
574,0.5149903921996013
575,0.5072391140748447
576,0.383588823277165
577,0.37023964590225605
578,0.36470115788089336
579,0.36678199496399627
580,0.4139211542046009
581,0.4528036979065072
582,0.4075236021320151
583,0.5196510791347543
584,0.3863088382746614
585,0.5201004998723111
586,0.34062746446440056
587,0.43837715392156607
588,0.4215717216319778
589,0.6864984997504505
590,0.45440715136893267
591,0.40161148973598404
592,0.3241163924182158
593,0.44905340646882214
594,0.5127107354846511
595,0.11716813472879066
596,0.4418833287657831
597,0.35383358683403543
598,0.4018468169347268
599,0.5903114135944421
600,0.4879892517665924
601,0.49780398985392904
602,0.37147946328665077
603,0.5157831023522031
604,0.4345782179850024
605,0.4668697168995371
607,0.2685846524750713
608,0.5174710925535473
609,0.5658706707928806
610,0.3535941016637495
611,0.5171001145671741
612,0.5144941502619929
614,0.49069232611029034
615,0.480058768038622
616,0.4271364495615719
617,0.41964846749724505
618,0.3280666513743004
619,0.34841609298116827
620,0.472008289595083
621,0.5182993002831571
623,0.36289669334576896
624,0.3653064177914903
625,0.4330113690415103
626,0.34494168826521865
627,0.2496711668404505
628,0.359600133626628
629,0.4087156333498929
630,0.41798162497781505
631,0.4689735006934308
632,0.29507861913273203
633,0.5036542710120927
634,0.4824031077686559
635,0.5077785008042149
636,0.4449438542182133
637,0.44539715951549375
638,0.39728388190000735
639,0.4534867433735353
640,0.5044718028807283
641,0.5703357080532436
642,0.5946254651398168
644,0.7048015019626459
645,0.5201325120948679
646,0.4112911404134901
647,0.5465969545352292
648,0.37260708675766213
649,0.42898716610183896
650,0.48968250348535936
651,0.4023218755061701
652,0.4536780324148146
653,0.2530493767555859
654,0.46025498555568023
655,0.37845769184009315
656,0.3362254848322203
657,0.5210920069852952
658,0.5397468350040002
659,0.3432797327698806
660,0.4459200996464017
661,0.5077788857150365
662,0.4693069269241117
663,0.42629959143746876
664,0.3832977328298769
665,0.33302956650299737
666,0.33658669803138097
667,0.3689265386686478
668,0.3948533122405262
669,0.28839350030361555
670,0.3951315634233313
671,0.4872511557697687
672,0.34315622361457915
673,0.46965763789561127
674,0.5107545209589733
675,0.5617510650440953
676,0.3782490825664977
678,0.723599528636011
679,0.3485476583182581
680,0.37365874908422764
681,0.43329388427501625
682,0.3459952046993572
683,0.3538512847201027
684,0.37666927397562383
685,0.3775358730159093
686,0.3945289707034144
687,0.4514633813986107
688,0.6003356599901714
689,0.3911029815319812
690,0.43794279411726117
691,0.5168936998645804
692,0.4013712964555349
693,0.3632235366593955
694,0.3410018890542522
695,0.5159577469003596
696,0.4149026460693565
697,0.6527401753709747
698,0.36728666914307373
699,0.40513500219885085
700,0.4657374706020845
701,0.45136075124559527
702,0.35525192907816
703,0.3350094412029725
704,0.35042892479191445
705,0.33582181658775845
706,0.46700164793570803
707,0.41528139898798433
708,0.5113187603849646
709,0.41194965820387713
710,0.4578393144918298
711,0.45659373451613533
712,0.46037809745313396
713,0.32578623606064705
714,0.3533724328853217
715,0.36140070168432653
716,0.33566808285968
717,0.4259921266754182
718,0.5225278405849412
719,0.4744966627780037
720,0.328535249226852
721,0.4896426033815502
722,0.3916804710886236
723,0.5154940668836403
724,0.4290638351615208
725,0.4431630419892872
726,0.39068804187090145
727,0.42477612542223386
728,0.19329935577579924
729,0.3599183161669003
730,0.452968537478337
731,0.4874949479129808
732,0.48895059367807364
733,0.46770638412535287
734,0.39591318424826927
735,0.4410819357002385
736,0.4019262588248923
737,0.514839891780729
738,0.4085943308474326
739,0.373490821681857
740,0.4607641272617614
741,0.6131586734425127
742,0.41224802426046064
744,0.3478920580234716
745,0.5029196640522388
746,0.4285728382091519
747,0.4619170116445674
748,0.3308735019990001
749,0.5247423011954585
750,0.4587495925280465
751,0.5200385884245776
752,0.5462951972097038
753,0.2967100013871555
754,0.3799957180077719
755,0.3875835823143996
756,0.30380389604630004
757,0.6913664593902763
758,0.4892005168654266
759,0.38210064223830736
761,0.5026182496560684
762,0.4800002997808106
763,0.3688667368925566
764,0.5031418463682128
767,0.3553830409083957
768,0.5072491892636696
769,0.43706695495069814
770,0.4022891524342653
771,0.27653885319501786
772,0.2929117958532102
773,0.7160175286068677
774,0.34356375829111035
775,0.4866240852935654
776,0.32875070475451074
777,0.6335841247180659
778,0.8177502749296921
779,0.351615034907292
780,0.5129567791289131
781,0.4583918663799315
782,0.44433895589581396
783,0.4218869592771113
784,0.344576902991426
785,0.517452185897157
787,0.3997950949533977
788,0.42930654050195854
789,0.3410496868385701
790,0.4182867593301714
791,0.4009970646470451
792,0.253833952348035
793,0.35985358214934515
794,0.33655610874902536
796,0.3528974750077204
797,0.4736617451591873
798,0.4358737289927495
800,0.3482534944026136
801,0.48044770453114427
802,0.3506159048937266
803,0.45960679816096306
804,0.32457407423827694
805,0.2573181113612458
807,0.47011679582553173
808,0.497520870739791
809,0.5389792128621157
810,0.6479042796234025
811,0.37239715128682765
812,0.3650740848428732
814,0.6771926161474436
815,0.3897662842397534
816,0.4112813139917262
817,0.45481716447731907
818,0.3821648494351077
820,0.43179713798019387
821,0.5042218287626923
822,0.4883492575720167
823,0.4466483143923878
824,0.3789556074278163
825,0.47624319538680676
826,0.34479758063061655
827,0.5033151634250009
828,0.4626991396679986
829,0.3576807879844851
830,0.4115537573467814
831,0.35601597365741366
832,0.3185370324949782
833,0.3506356186772737
834,0.4156069989196951
835,0.3155610172803231
836,0.4940555241344296
837,0.47153033286895185
838,0.4323641955621689
839,0.4444882072683656
842,0.3792842591116836
843,0.41079069729129636
844,0.3378339528997009
845,0.40602536446934107
846,0.390481932997021
847,0.4426769832378047
848,0.3606758166872567
849,0.3636783246555487
850,0.3933445754510209
851,0.503859162300635
852,0.3932307095705989
853,0.3038653797569999
854,0.42934444716028436
855,0.6249404747686657
856,0.5995742683299211
857,0.49276038285184914
858,0.7578537704339868
859,0.3355135992197682
860,0.3765758470562374
861,0.5218003008790715
862,0.5213552402490295
864,0.3269424132312654
865,0.4572067791248629
866,0.49062964658790237
867,0.34145452609099514
868,0.4349384915104705
869,0.5076199939265461
870,0.6331598731517223
871,0.5675105401042791
873,0.35560888535096014
874,0.4770179383111637
875,0.2824185759717115
876,0.47802531780214347
877,0.5816234846751485
878,0.3634153550473721
879,0.44814146797322796
880,0.38658889756421916
881,0.3925491148936563
882,0.8326783946916809
883,0.40611989372617646
884,0.4943142554757394
885,0.3784497580955696
886,0.6647113846527416
887,0.45769761292219635
888,0.7337950378323842
889,0.43197354075638805
890,0.42439282868063
891,0.36721024054767737
892,0.33014740482334454
893,0.351721093361042
894,0.3651359333832811
895,0.5545560057830269
896,0.5169414045759292
897,0.36530886852727157
898,0.4627914234412471
899,0.5218789101748667
900,0.4137696075476198
901,0.5621864766195668
902,0.4106370870357768
903,0.5337706474508715
904,0.5686492924951771
905,0.5673989105526956
906,0.3585027488369471
907,0.37081008865388937
908,0.4200708145715587
909,0.5080689663456301
910,0.35424052760858044
911,0.44811940577947
912,0.40322199937924896
913,0.49946175511896446
914,0.494629094943161
915,0.4619182882307817
916,0.5460909194965433
917,0.5160015562519679
918,0.3345350424996827
919,0.5349321472429553
920,0.3304817535063052
921,0.3318419025181462
922,0.4819384715948964
923,0.4274121297808793
924,0.34454388783475426
925,0.41378501265043954
926,0.6570559829326597
927,0.3719196921967147
928,0.47589476236641715
929,0.5197374455795161
930,0.350922943149545
931,0.45885285376972557
932,0.43368389598333185
933,0.5031697031204752
934,0.5269772991912277
935,0.28764500566652107
936,0.38962317096013144
937,0.6252538178194736
938,0.5140893140964433
939,0.4114318043321357
940,0.12617830416766082
941,0.38069990550577515
942,0.4095019694314652
943,0.47792359307190657
944,0.6239514306988855
945,0.46326591086291175
946,0.5031043440644077
947,0.45596312327560556
948,0.4277381203985984
949,0.5852467392265717
950,0.3920076845694207
951,0.502959293631863
952,0.49624063547915787
953,0.1668222042240595
954,0.42718091687154736
955,0.36956899302172475
956,0.3631118322102861
957,0.41234210720269543
958,0.43171429714003695
959,0.28401794651244355
960,0.540978166911609
961,0.31251554301002166
962,0.4013602645427983
963,0.5022413886515606
964,0.5195978411765023
966,0.4743270352640405
967,0.33237166831210957
968,0.40066547467784436
969,0.3403161134592999
970,0.4288674494455294
971,0.4378064022819406
972,0.3702044799837627
973,0.36241215871275495
974,0.3684379320506296
975,0.46706919352111176
976,0.49984375721904034
978,0.4332878059823174
979,0.5849242997986513
980,0.6967090072135946
981,0.41034436200265745
982,0.5894993380144895
983,0.604839724583434
984,0.582663963995081
985,0.437503992704765
986,0.5073569685872211
987,0.45083489405825716
988,0.3876501785619846
989,0.3129821416998745
990,0.35583296341494836
991,0.4423607449934768
992,0.4476538750399326
993,0.38656830424534416
994,0.3681132342245864
995,0.4635000621463214
996,0.4345036657537978
997,0.4736792714485875
998,0.37100222466170935
999,0.4813921939252252
1000,0.5947226699892102
1001,0.351375990691057
1003,0.4049180655612121
1004,0.4503940290358262
1005,0.4518384305248074
1006,0.5004319224911503
1007,0.4422678560528458
1008,0.46324952807286485
1009,0.42690055160971524
1010,0.5139614806900749
1011,0.591339147994812
1013,0.3628236280992266
1014,0.3772348860028266
1015,0.3677913953693557
1016,0.508381723016493
1017,0.31662979367435884
1018,0.5809695735400052
1019,0.6066593280091048
1020,0.33585134440865627
1021,0.3804229052632904
1022,0.43767032634305936
1023,0.45705948839180877
1024,0.4503427704751545
1025,0.40141220938478894
1026,0.3628473779590592
1027,0.44029938245564804
1028,0.4897131764979252
1029,0.364950773917198
1030,0.43970694620340645
1031,0.6183374909723458
1032,0.4034676263676946
1033,0.5085929031448757
1034,0.5153548956122841
1035,0.2430280633906032
1036,0.35596909896389906
1038,0.4824544789900759
1039,0.39405184108504004
1040,0.4998149880024359
1041,0.4277419136687428
1042,0.49455293672275524
1043,0.36735589046215555
1044,0.3454155744833106
1046,0.360581521590543
1047,0.3891243070723804
1048,0.5263782263865243
1049,0.44019912106113546
1050,0.31713594274498624
1051,0.3175754925806754
1052,0.2845299795714975
1053,0.5168443712950438
1054,0.34061250714579244
1055,0.6979729738206275
1056,0.1857577488345857
1057,0.4025450656495363
1059,0.3624713442746323
1060,0.4178153470410401
1061,0.6188809171102304
1063,0.3900447959851862
1064,0.4001924227216244
1065,0.3762622695523526
1066,0.6301158395664676
1067,0.49378011132663013
1068,0.21273608538951522
1069,0.4505087010367568
1070,0.6407743820815627
1071,0.5228698305469963
1072,0.4206807422552963
1073,0.34123705799306947
1074,0.3344303183072242
1075,0.4491578688751901
1076,0.4563286193658562
1077,0.5299169008723957
1078,0.36401343528710256
1079,0.506017190913609
1080,0.5197023385878786
1081,0.3926004820583134
1082,0.3371455970320363
1083,0.28231195307386164
1084,0.5024179405676616
1085,0.4364732176892653
1086,0.5216413269341436
1087,0.24547219682964805
1088,0.4426615179012066
1089,0.3593266410266374
1090,0.3846307559344545
1091,0.4398659845600521
1092,0.3979188631291383
1093,0.2436635975489113
1094,0.3710897223505597
1095,0.36798634008555187
1096,0.3361294885900498
1097,0.4267811200599263
1098,0.3734150164816216
1099,0.43983347986484733
1100,0.34453914025235644
1101,0.3710882898258611
1102,0.39038864760839653
1104,0.3462354528842094
1105,0.3763913786271778
1108,0.7985115957650251
1109,0.36957080173121987
1110,0.4784675191423474
1111,0.7376550179722585
1112,0.517567661264923
1113,0.5941790795118705
1114,0.3494492147812031
1115,0.5010635589184357
1116,0.5786948006557636
1117,0.4102212268496597
1118,0.6479235275714977
1119,0.6765983578551695
1120,0.3987046867756389
1121,0.3712126728438636
1122,0.3356113390423419
1123,0.40891192329614034
1124,0.43376046147787584
1125,0.54754874234518
1126,0.5614168560508184
1127,0.4953515896964098
1128,0.3945105505415647
1129,0.5147952226239298
1130,0.3325787341432883
1131,0.3750651098542192
1132,0.5234386510734016
1133,0.3763844170458796
1134,0.49949568537412387
1135,0.5355321979127193
1136,0.5751134066211734
1137,0.3601085242456696
1138,0.6290338159190292
1139,0.3484362946865209
1140,0.35722216678043794
1141,0.6006583258638526
1142,0.37947213466543
1143,0.4874749552215659
1144,0.42386871044432683
1145,0.6912921409075963
1146,0.5107891441940174
1147,0.6219810068453833
1148,0.32952434174351575
1149,0.37349222003295673
1150,0.5628923922868965
1151,0.5105050456971546
1152,0.4633311760269228
1153,0.49349851795143124
1154,0.5363761115998508
1155,0.39390186361191737
1156,0.5949572019991246
1157,0.5671782734822617
1158,0.441009917708773
1159,0.3725055153313389
1160,0.4360774667827967
1161,0.6989844904137175
1162,0.46566667043131377
1163,0.4054023286299009
1164,0.3678271750786794
1165,0.5129133491203893
1166,0.6429472752273598
1167,0.6314845852038022
1168,0.4550463958692034
1169,0.44054588553013196
1170,0.4219614320176232
1171,0.47160230288420846
1172,0.515655590654591
1173,0.43856158726339145
1174,0.4316569374230826
1175,0.326563321652267
1176,0.3258103531172693
1177,0.39365554541506786
1178,0.6822489519194911
1179,0.49672440093539594
1180,0.5234969091581452
1181,0.26782680345747595
1183,0.39930128448919905
1184,0.5083894264883957
1185,0.4843432075823887
1186,0.2623926124493718
1187,0.5192837875174311
1188,0.44620304417047385
1189,0.4588676621829892
1190,0.35315170643738014
1191,0.5023504104682488
1192,0.306423128915782
1193,0.5776988327517213
1194,0.35359345626237293
1195,0.34047009967676417
1196,0.5014660535404549
1197,0.4838508318552449
1198,0.5044647130605753
1199,0.38277523805580016
1200,0.41449377946056626
1201,0.38100370335155204
1202,0.43628889988578795
1203,0.8151264164449826
1204,0.5137177444974695
1206,0.3345686702597139
1207,0.4418277771713655
1208,0.4826224387951039
1209,0.3521006396995937
1210,0.3803488757971732
1211,0.4112866889665422
1212,0.5049970276937611
1213,0.5150890507995473
1215,0.30419609834494415
1216,0.41883391627763256
1217,0.334249376551303
1218,0.3765835381920415
1219,0.5158681403729884
1220,0.457751264547707
1221,0.506940537492097
1222,0.41278668989149114
1223,0.3453199326493159
1224,0.5006503665881121
1225,0.42091612530516337
1226,0.3885243046141592
1228,0.5433372041440565
1229,0.4334016564975008
1230,0.34168289381633304
1231,0.6652592584919392
1232,0.35456844496345385
1233,0.392331047139134
1234,0.5237254299376503
1235,0.42827498807126835
1237,0.5444639863370945
1238,0.5530025647105826
1239,0.36602827056515247
1240,0.46470347786704275
1241,0.4088166983256006
1242,0.3600732473721586
1243,0.5005671397684935
1244,0.39504653366851994
1245,0.5280427223488063
1246,0.3426338061780031
1247,0.45195777164767226
1248,0.5659745079730637
1249,0.5249703843802588
1250,0.7933682279253363
1251,0.5456570236951771
1252,0.45644382069860034
1253,0.3969306445134538
1254,0.33429817752065294
1255,0.3938100844070542
1256,0.43415386475754725
1257,0.4963335017017654
1258,0.7287610228625754
1259,0.47957282985391914
1260,0.5633174188595712
1261,0.35971257570159915
1262,0.4593621114205815
1263,0.5146273749991482
1264,0.4124892433615689
1265,0.5081734019168855
1266,0.3520135166276577
1267,0.4125556323630408
1268,0.3792385179405814
1269,0.47570589794037604
1270,0.4710786263009794
1271,0.5997143330168364
1272,0.35130659718684093
1273,0.47216623051697815
1274,0.5324924888196322
1275,0.5064193970988587
1276,0.5568582456058366
1277,0.7163782502650101
1278,0.4113422511418626
1279,0.49096569798028045
1280,0.3892100275826264
1281,0.5073145204654304
1282,0.39702186898765623
1283,0.4954348889731148
1284,0.47100700206503415
1285,0.4680815391514562
1286,0.3275100202895761
1287,0.3373217825688496
1288,0.46100005913942793
1289,0.3753443406930769
1290,0.41904122269024685
1291,0.43391832649707435
1292,0.3698605725849076
1294,0.5205116869435474
1295,0.41175576236862566
1297,0.3794058916201667
1298,0.3583578555063222
1299,0.4408415427823464
1300,0.4644929909752373
1301,0.403949240710329
1302,0.5205058587909784
1303,0.35033861100052494
1304,0.457730152150401
1305,0.450933185648038
1306,0.27499498902189673
1307,0.44876001049785014
1308,0.5323953128275803
1309,0.4699810965195028
1310,0.3886798090746529
1311,0.43085238817684895
1312,0.3509382232897812
1313,0.6049784429714217
1314,0.3700306291894713
1315,0.3949066353151138
1317,0.5147628117145487
1318,0.5776964769693275
1319,0.754180514750992
1320,0.41138846266345797
1322,0.41810033051787027
1323,0.3629423993879005
1324,0.46616754706746805
1325,0.42041801851936095
1326,0.4993525982344503
1327,0.3783975592981571
1328,0.32832464700955577
1329,0.36224342569225604
1330,0.3779791144276887
1332,0.3923416382506336
1333,0.5170023147990277
1334,0.3336767025742928
1335,0.5166304158008183
1336,0.42966373817721515
1338,0.5665985959112073
1339,0.32651298845294563
1340,0.3206870371838473
1341,0.2378767118229974
1342,0.3977302353876213
1343,0.7345391357561709
1344,0.6296526811339151
1345,0.3360750872675936
1346,0.33672806203677547
1347,0.35613946236301974
1348,0.5716528266176636
1349,0.40851657944371317
1350,0.4441426607405869
1351,0.3946840781549941
1352,0.37229351974651126
1353,0.5156324315201339
1354,0.47900570912664014
1355,0.34169221610548783
1356,0.20729445561231427
1357,0.3731101819548679
1358,0.41154700467583805
1359,0.4370411608994439
1360,0.359817815550003
1361,0.4579577313569504
1362,0.7518968902162704
1363,0.3421313666795558
1364,0.32056340438512443
1365,0.5531538775309669
1366,0.3749290586256641
1367,0.516888173275503
1368,0.7906459683031005
1369,0.4394863143151007
1370,0.36412320333389236
1371,0.6627217676635784
1372,0.5342259255926766
1373,0.49478767690528613
1374,0.3321182862149739
1375,0.4498223089918942
1376,0.4678875854415974
1377,0.4075711754800305
1378,0.4326876711477915
1379,0.2973314837091049
1380,0.5472944353724234
1381,0.41263778230094655
1382,0.4293627291666682
1383,0.4558218868597164
1384,0.4068229621788232
1385,0.4137010753671085
1386,0.36540962789130077
1387,0.6511382677250049
1388,0.4233715394288049
1389,0.4169743620428786
1390,0.3922256842570568
1391,0.35028878967475735
1393,0.47432291179152614
1394,0.5548300415314623
1395,0.5212224002911898
1397,0.47930240597772145
1398,0.3151429612765718
1399,0.4642515691892725
1400,0.55897255757019
1401,0.3287343738397972
1402,0.41594565694043506
1403,0.4007304225704683
1404,0.5036945512560372
1405,0.5659835970158615
1406,0.33681983739549687
1407,0.4183962730143396
1408,0.335006323573456
1409,0.46439211296949434
1410,0.411896195829464
1411,0.3606468176112233
1412,0.4676849486172064
1413,0.630248121231593
1414,0.4446334882095283
1416,0.4956880326327314
1417,0.43529481737608505
1418,0.6733184516848122
1419,0.3833669641428485
1420,0.43013113145073717
1421,0.7709085954314434
1422,0.3788180312950566
1423,0.4889193528071275
1424,0.3483578212830283
1425,0.4471212785958524
1426,0.5482007487291339
1428,0.4946701928773741
1429,0.25782067377113377
1430,0.3571241128714937
1431,0.4242332965341551
1432,0.4572543287730094
1433,0.3192000005080522
1434,0.5897090408975889
1435,0.29604033385566336
1436,0.487251270077964
1437,0.6835106578827369
1438,0.4857930640767895
1439,0.5264288519992693
1440,0.38266006848791423
1441,0.3654529544301418
1442,0.45905003619393947
1444,0.5207197399545441
1445,0.5956811569825764
1446,0.48252120183203484
1447,0.6565237183853943
1448,0.33456757172677615
1449,0.5238052059365924
1450,0.3916348899625441
1451,0.4288089749981332
1452,0.6293855118743695
1453,0.405748277606063
1454,0.5662652675324596
1455,0.3962816061875009
1456,0.7231855181978442
1457,0.4428975478640258
1458,0.39336065635999
1459,0.4308135646318137
1460,0.7130752084241004
1461,0.37543621091412344
1462,0.4210295414139164
1463,0.6847550095090018
1464,0.527333666673252
1465,0.6203249228995735
1466,0.45541031648598235
1467,0.5230403743544332
1468,0.4807075277298647
1469,0.5189638656502243
1470,0.6773966131144038
1471,0.41110530564480624
1472,0.5718094119075594
1473,0.695450195826005
1474,0.3585683499522614
1475,0.43648294293998835
1476,0.43525512711482844
1477,0.6765355540595835
1478,0.3767034057299109
1479,0.335354415714349
1480,0.44529281474903537
1481,0.43549915467464567
1482,0.3616378123774528
1483,0.46666538049109
1484,0.47048744923372693
1485,0.586148289924852
1486,0.3931023442506245
1487,0.5406970694383626
1488,0.3888659224605173
1490,0.36990220644098326
1491,0.5087112630987434
1492,0.46642166519040124
1493,0.3666268170431626
1494,0.40872657645728566
1496,0.6327902911087675
1497,0.8094290721195536
1498,0.37473510151984646
1499,0.37175533839818176
1500,0.5536022620253609
1501,0.6994008234110061
1504,0.4604978979565269
1505,0.34721291790166
1506,0.4516235370291905
1507,0.36604534987297266
1508,0.35187505892898474
1509,0.38271452835419023
1510,0.4973626630781058
1511,0.42811941528746467
1512,0.5237295996761357
1513,0.515938067620356
1514,0.35332379642134676
1515,0.5036459598176416
1516,0.37267976855754814
1517,0.3782982861531797
1518,0.42569516598681495
1519,0.309035953616396
1520,0.39473844233574784
1521,0.3705877673860349
1522,0.5282080878827174
1523,0.5617361530438324
1524,0.2974360176173564
1525,0.39639712760088613
1526,0.49035917814167557
1527,0.23449467899631127
1528,0.5835900275884017
1529,0.6015510517727346
1530,0.603845586879972
1531,0.469066248183076
1532,0.47886386813800674
1533,0.5883568802025332
1534,0.48448862873280835
1535,0.39854890791826425
1536,0.5291793949079746
1537,0.5407703968541938
1538,0.3126984499924063
1539,0.41313007500266136
1540,0.34477297214742053
1541,0.3968889490386972
1542,0.5375611866443307
1543,0.49297776664722703
1544,0.36890932733765297
1545,0.47212415762889115
1546,0.42877301123056205
1547,0.3236112241822118
1548,0.3987994109055198
1549,0.5035726780233739
1550,0.3768508661379562
1551,0.5180226291151547
1552,0.3622481381897555
1553,0.3980370013462192
1554,0.5792194349474822
1555,0.5767332307192562
1556,0.6647366083874712
1557,0.43766860778242866
1558,0.5118924928035047
1559,0.42107961591179177
1560,0.5381111239198704
1561,0.502765108594977
1562,0.4703897794188287
1563,0.36469423672973894
1564,0.5471386504902374
1565,0.4422118178573133
1566,0.24863416719409373
1568,0.4503633649303385
1569,0.5253767085191721
1570,0.4402031657170978
1571,0.46215423382159465
1572,0.7676697563717602
1573,0.6090503487747463
1574,0.4466560909341429
1575,0.4082699825523209
1576,0.4435312930138845
1577,0.6960029015713303
1578,0.5250865838874704
1579,0.4414423377810728
1580,0.638393922326709
1582,0.7167413412698027
1583,0.4189880283336917
1584,0.7095377206048868
1585,0.4758420127377801
1586,0.6241332110850172
1587,0.3958265677170002
1588,0.6208184826372002
1589,0.5508250094071895
1590,0.3699658661858023
1591,0.6170583424672212
1592,0.35621357732007086
1593,0.3601828373860533
1594,0.7858546018406173
1595,0.6192079434274392
1596,0.5492785530947794
1597,0.38035481408026384
1598,0.33632925224047955
1599,0.4764349747974085
1600,0.3822533496026798
1602,0.5020070410506581
1603,0.36753125706508444
1604,0.5026093076009176
1605,0.7782180803498586
1606,0.4339270818188416
1607,0.3038626133201728
1608,0.681808607171843
1609,0.4312160268134968
1610,0.6750369889046443
1611,0.6055819793710704
1613,0.5628005045051802
1616,0.7074869498027533
1618,0.7621686531301308
1619,0.6483956164124964
1620,0.7445516609698667
1621,0.3355372372022116
1622,0.4222589075651681
1623,0.49546672119363355
1624,0.4820842697749379
1625,0.4199298770125008
1626,0.45320862250559113
1627,0.3424235915567994
1628,0.33447531226790833
1629,0.4753782903531294
1630,0.5229317933006407
1631,0.5046403485985329
1632,0.5534694967324446
1633,0.7023301628017106
1634,0.5378109447983512
1635,0.3894859043311126
1636,0.6757181313515662
1637,0.4210899230974087
1638,0.4965215984630237
1639,0.453528029670573
1640,0.39535366953775536
1641,0.5502797962040669
1642,0.5921253897782828
1643,0.5546960113791759
1644,0.444378577617278
1645,0.38586901117232403
1646,0.48120797493904427
1647,0.48529104508751886
1648,0.24478171175089464
1649,0.4636712528283901
1650,0.4888690599276473
1651,0.42652803370519826
1653,0.569582907609506
1655,0.2681322370588525
1656,0.5008969041151062
1657,0.5024281024756001
1658,0.39493912456079205
1659,0.4845384428376308
1660,0.35798444425377185
1661,0.3389924911890172
1662,0.3745803425210195
1663,0.5963198408354502
1664,0.49908745026067036
1665,0.4852849417086657
1666,0.45167899451884697
1667,0.3747396740937323
1668,0.3504119602436357
1669,0.34027047025795276
1670,0.548685968698826
1672,0.4135522658458067
1673,0.49732787319162275
1674,0.430088936211539
1675,0.6486600385694238
1676,0.39378626028250063
1677,0.35802499259411713
1678,0.536144467353969
1679,0.38303126792337605
1680,0.47040447018213705
1681,0.39130783563158766
1682,0.34815575445161856
1683,0.4871646100983902
1684,0.2674684411596092
1685,0.5300584819889774
1686,0.3904647369949192
1687,0.6679813710996428
1688,0.4626063155045024
1689,0.45410880148878296
1691,0.5080328851519419
1692,0.4909312868406874
1693,0.3304386095981429
1694,0.6493623727265373
1695,0.4610175151907815
1696,0.5175814460861284
1697,0.41479954565375826
1698,0.5083821927116016
1699,0.5264867729023768
1700,0.3712041061526775
1701,0.5253657929424177
1702,0.48219312549706994
1703,0.5957399055730391
1704,0.6200455147652163
1705,0.30834161248145037
1706,0.427297733543515
1707,0.32592151264398006
1708,0.35044661261134435
1709,0.3460337109532374
1710,0.4292807190155133
1711,0.35044476363455884
1712,0.4805062782111036
1713,0.49303431061464764
1714,0.5679698455670114
1715,0.39864722802656416
1716,0.346400573406949
1717,0.34842905908308053
1718,0.48629239152248177
1719,0.4721018754781664
1720,0.3512178342995266
1721,0.41994177317463377
1722,0.636312939606981
1723,0.5956338561540528
1724,0.3976753736798971
1725,0.5268302927711331
1727,0.5165612224188769
1728,0.4809099892794635
1729,0.43870277216435133
1730,0.5362331996609203
1731,0.3501508306397122
1732,0.5236512941298596
1733,0.5224092925345696
1734,0.5502736422193293
1735,0.41380297393005544
1736,0.4425548753434142
1737,0.7103634492845363
1738,0.40196126927183673
1740,0.688430763342086
1741,0.3638643486957576
1742,0.3381419558163449
1743,0.5844404203534918
1744,0.4062486669015733
1745,0.5582556699267347
1746,0.5099731950857207
1747,0.49757548370488097
1749,0.6159361610811177
1750,0.5391693689695912
1751,0.45113883919911274
1752,0.43905893205631347
1753,0.5199517532441448
1754,0.4640105944087085
1755,0.4617259935944323
1756,0.36874947357172005
1757,0.4567387442517309
1758,0.6081343359950007
1759,0.40995755866778255
1760,0.574697073452791
1761,0.7244988043505154
1762,0.3538208819603064
1763,0.882546707446803
1764,0.32374281360029566
1765,0.24551442808099525
1766,0.43267240774327403
1767,0.6819413734792666
1768,0.5034756662504497
1769,0.4503984020681917
1770,0.5402849689338133
1771,0.6554119189021799
1772,0.47334104608595823
1773,0.3847166172353157
1774,0.4698476802777573
1775,0.4568663815386406
1776,0.49011735515686733
1777,0.439537213691231
1778,0.6415576132946951
1779,0.4660203793057725
1780,0.49146823498324244
1782,0.4295010610338977
1783,0.3381975318599959
1784,0.4576503581439898
1785,0.42382304682834926
1786,0.7135858002937423
1788,0.4849643607579721
1789,0.39754404375265345
1790,0.379545853174502
1791,0.508654412375598
1792,0.5457927406304437
1793,0.3890903382035798
1794,0.42995364991025165
1795,0.4818768516904448
1796,0.3929748278651381
1797,0.5528715621395748
1798,0.6958842794455881
1799,0.44126205880850655
1800,0.4792259069243286
1801,0.4711945063791434
1802,0.7220763190359318
1803,0.5667601062134479
1804,0.37877270683861
1805,0.32720941712121054
1806,0.3841212078867027
1807,0.35568774197292957
1808,0.5452227546128496
1809,0.6284212037794418
1810,0.339954313196589
1811,0.3839834447203889
1812,0.4082218675608817
1814,0.3708564949080949
1815,0.34015342421455597
1816,0.518085674580823
1817,0.555549231843267
1818,0.41396629754813474
1819,0.4391810509600366
1820,0.34075933888360543
1821,0.4787536126800285
1822,0.34394990480159027
1823,0.36068702583596146
1824,0.5558504165634094
1825,0.5207039541695629
1826,0.8384796599592441
1827,0.4465246058071798
1828,0.4254571327589711
1829,0.4488903605882277
1830,0.4655195168180745
1831,0.8003339712007438
1832,0.35465547174469275
1833,0.5520051080650342
1834,0.3282461624821453
1835,0.4268569465299018
1836,0.33291386724060157
1837,0.5407856348613282
1838,0.38514917704195906
1839,0.3315800615343706
1840,0.4406284644656541
1841,0.43250722228625516
1842,0.5059889396340598
1843,0.30404318838375016
1844,0.48225290102795826
1845,0.734487055038913
1846,0.5029188394067147
1847,0.5590677935953096
1848,0.3416587271032199
1849,0.325268926444667
1850,0.39340378460581416
1851,0.3475273641415304
1852,0.5694771201634017
1853,0.25261284395309686
1854,0.7727320431988118
1855,0.33694483393454483
1856,0.6507788297993208
1857,0.4652864068569812
1858,0.3744164834309735
1859,0.281703042205927
1860,0.3385394417794538
1861,0.3598467027519542
1862,0.3549959706387127
1863,0.4774035238364091
1864,0.3469475608055945
1865,0.6720284932411973
1866,0.47007425587081525
1868,0.31773042236509325
1869,0.5672347168478832
1870,0.7120324972594948
1871,0.3589612563805468
1872,0.48325824579308835
1873,0.4719132890476489
1874,0.5619353768765013
1875,0.8448759233535096
1876,0.7326152985111626
1877,0.5543720580831606
1878,0.3495064900385531
1879,0.4371966759357044
1880,0.6346173282655828
1881,0.49717523665791924
1882,0.4122905390730525
1883,0.549836362831275
1884,0.33222727526924445
1885,0.5230570546082495
1886,0.5735931219927237
1887,0.45681092017222996
1888,0.5331750913794704
1889,0.4346059925250249
1890,0.523417336060394
1891,0.5902257336836021
1892,0.46506256324540474
1893,0.6518383522503035
1894,0.4849763083327221
1895,0.40612150270824326
1896,0.3615549503087067
1897,0.5445060722852388
1898,0.31899130643154894
1899,0.4147472684781321
1900,0.36133362284687753
1901,0.572767573357051
1902,0.43058894260150765
1903,0.35021426080975426
1904,0.5489127992214689
1905,0.33650331870251965
1906,0.23062267256067814
1907,0.34233764942490763
1908,0.5019440495086372
1909,0.5991510200590646
1910,0.4322448318826932
1911,0.3440889644507673
1912,0.6048804611251705
1913,0.3448870288157288
1914,0.598373185615235
1915,0.5658456744185059
1916,0.4838388237844146
1918,0.5853239594731047
1919,0.38279939078343844
1920,0.4400327241591528
1921,0.3374359263681869
1922,0.45962182446264593
1924,0.3834717511323138
1925,0.36683646302855427
1926,0.46312606954930324
1927,0.33552847406382846
1928,0.4678013052789604
1929,0.39686627827259974
1930,0.36603663643985745
1931,0.57135773794802
1932,0.3990531239904793
1933,0.524907475846856
1934,0.41315877288364644
1935,0.4752502670916605
1936,0.4874484525512861
1937,0.49806622397002714
1938,0.41492413665685873
1939,0.43091533912896457
1940,0.3833485612332862
1941,0.4417342349512734
1942,0.4098258667639848
1943,0.5095175452772257
1944,0.5236977515330902
1945,0.672259821701115
1946,0.8382390329987236
1947,0.33695593210900104
1948,0.6398078673340533
1950,0.7399133576683804
1951,0.44760632982294646
1952,0.5598852017497724
1953,0.5058905791429283
1954,0.31486319103926474
1955,0.5945334697607448
1956,0.48045539408231175
1957,0.38468101683806905
1959,0.44588149459378307
1960,0.4921953698810076
1961,0.5281979788643871
1962,0.6312363752484292
1963,0.34569732996111163
1964,0.48451976680570585
1965,0.33966032784027983
1966,0.6085168072988189
1967,0.4557937959000544
1968,0.3414664579404755
1969,0.3706214728745811
1970,0.4661925873304116
1971,0.427156079767603
1972,0.7271835144691152
1973,0.492481963041404
1974,0.6700441815579992
1975,0.3489412386720705
1976,0.36661679246836926
1977,0.47852676990929516
1978,0.6725529603850376
1979,0.44854787773204713
1980,0.43543207033186576
1981,0.3698076666806666
1982,0.46642315982390004
1983,0.7630450089029576
1984,0.7398711588254784
1985,0.47680442815231266
1986,0.5569409255738613
1987,0.6676480887820733
1988,0.6842615018629271
1989,0.531002666429979
1990,0.4028982845115675
1991,0.3820190670151641
1992,0.4830160799767606
1993,0.5111264197243007
1994,0.6080029451554544
1995,0.6702123369977301
1997,0.5754162821506728
1998,0.5272291174579704
1999,0.4563402415182935
2001,0.4800978149182549
2002,0.4533771449092647
2003,0.3421998653563532
2004,0.5137920119703618
2005,0.49364046061459077
2006,0.4854467505455152
2007,0.49658426677717854
2008,0.7587415749921637
2009,0.35882182372510557
2010,0.5174954662771487
2011,0.43776403657586666
2013,0.4638632535231993
2014,0.49845152703738427
2015,0.48861331058052027
2016,0.5595784616744884
2017,0.5401651114873872
2018,0.4291500809794097
2019,0.4766323777076374
2020,0.3798972537628707
2021,0.4035227193776903
2022,0.49996403289185043
2024,0.40610935846207624
2025,0.5192331412201198
2027,0.5363081802660175
2028,0.4350528403141006
2030,0.3424933143706572
2031,0.5673305501080571
2032,0.5216853020835784
2033,0.4445307328334966
2034,0.451279543342244
2035,0.4309113941078644
2036,0.5072311674259348
2037,0.7495632574332451
2038,0.4475244785438282
2039,0.42009432812104686
2040,0.5844855757105963
2041,0.3940128738719529
2042,0.35469229888261145
2043,0.4734895343689505
2044,0.3778413935406707
2045,0.7401800926026734
2046,0.3801116189390487
2047,0.743705120858973
2048,0.3955890765760111
2049,0.4514795337443131
2050,0.3757756235878517
2051,0.5062154642660516
2052,0.6137566135286875
2053,0.3470165820703066
2054,0.7126947404281206
2055,0.38971568068060297
2056,0.49925039691107875
2057,0.4574724880644529
2058,0.49461942608755866
2059,0.44940168104229455
2060,0.41583410185103253
2061,0.48820966624937673
2062,0.281128809382182
2063,0.5968636208711215
2064,0.36704217417149504
2065,0.36437030131197895
2066,0.456549061931665
2067,0.5039388169797653
2068,0.529827525955149
2069,0.46552963591375857
2070,0.6550464491088087
2071,0.5789639317647683
2072,0.5203874606715826
2073,0.5420273435954285
2075,0.6077569719173973
2076,0.3826167112887197
2077,0.40175712899651383
2078,0.4395554465608733
2079,0.3605917778557803
2080,0.3624855389193671
2081,0.4488778194805425
2082,0.839007194158902
2083,0.4962538019924167
2084,0.48083243585661783
2085,0.3773905305316184
2086,0.6027228794769398
2087,0.5851334906310252
2089,0.5399369865879932
2090,0.3406331014260629
2091,0.6413266136833797
2092,0.33206201804136526
2093,0.4027647635968117
2094,0.3502540882751162
2095,0.4768991815103859
2096,0.6563041781424125
2097,0.4364426808293995
2098,0.5901284689774042
2100,0.5504069563999292
2101,0.46343138468766193
2102,0.41059981371654036
2103,0.4276254295433426
2104,0.7605370225894386
2106,0.5494364504250542
2107,0.3379272548637118
2108,0.6212002642906107
2109,0.8831067866418052
2110,0.3003012594421433
2111,0.610556394217094
2112,0.45711623827053666
2113,0.6933815241386683
2114,0.35349700637082293
2115,0.452844067857852
2116,0.6696229162161743
2117,0.5830702946013642
2118,0.5062327850939016
2119,0.7048442907619462
2120,0.5023223506476678
2121,0.7457115973046207
2122,0.46483458768783686
2123,0.48674215568036566
2124,0.5027013099002071
2125,0.5363923020672479
2126,0.4508714271767442
2127,0.5930071791795933
2128,0.43058889015506574
2129,0.6545200292737419
2130,0.33694460584741054
2131,0.49619652083172855
2132,0.35506259637896836
2133,0.610978760547578
2134,0.4853307982550442
2135,0.41743748516514945
2136,0.6479005786106017
2137,0.4264192338513135
2138,0.47804414105029547
2139,0.58260286903416
2140,0.43359926483777933
2141,0.4751382978014665
2142,0.3675552753219306
2143,0.37282623494438666
2144,0.6467279586828951
2145,0.5027408321768823
2146,0.5671858401190663
2147,0.2792791770318977
2148,0.4275176861693041
2149,0.39851963350959074
2150,0.5342468342932901
2151,0.7458345725212534
2152,0.6309815344175478
2153,0.44761587409491693
2154,0.4885644371832339
2155,0.3470383292994379
2156,0.6231988601603583
2157,0.3874183848687833
2158,0.49278862086746256
2159,0.7259390597396784
2160,0.358798619116794
2161,0.8258415160630069
2162,0.5273090983429074
2163,0.5038996511934501
2164,0.4072287689705359
2165,0.35321024581538935
2166,0.7121167750810625
2167,0.579965605081717
2168,0.6502947950823036
2169,0.5476057022696404
2170,0.432421886518421
2171,0.37508337715461265
2172,0.5133311392654217
2173,0.5710536841902597
2174,0.597682409780033
2175,0.5694623454905907
2176,0.4168615206371619
2177,0.512145462073035
2178,0.5581099903467008
2179,0.5189921854067352
2180,0.44088347281030676
2181,0.3357278310061786
2182,0.39854115711171456
2183,0.3413004839505817
2184,0.4203797889831103
2185,0.3480988836279172
2186,0.42674197025970617
2187,0.3217434073278769
2188,0.3384162085872056
2189,0.6472839104193422
2190,0.26006150111695014
2191,0.6007458408287054
2192,0.717545083284615
2193,0.44889610627131454
2194,0.26598288054651836
2195,0.34467741028825993
2196,0.4610049452944194
2197,0.44963161758785997
2198,0.5461093415398471
2199,0.5206820414805446
2200,0.6714315936822456
2201,0.1295427981469391
2202,0.4346462099933436
2203,0.4072993271401552
2204,0.792932057445944
2205,0.3413579098747238
2206,0.3524937209519931
2207,0.6321443164762127
2208,0.37792998710608444
2209,0.4308978336001165
2210,0.39272368939977914
2211,0.4995161219578574
2212,0.6176981547332503
2213,0.41305978174509295
2214,0.5310382469897426
2215,0.5677743222050955
2216,0.4653958647355393
2217,0.42476036250070637
2218,0.6451884995187022
2219,0.5363297765282773
2220,0.6417326160477538
2221,0.39134186871756593
2223,0.5191671774440211
2224,0.39618977258825816
2225,0.7724953960171214
2226,0.4628707889061798
2227,0.3154956742845485
2228,0.40521810291845417
2229,0.47527981505885125
2230,0.35621113869402754
2231,0.4849764720820163
2232,0.3427074054288995
2233,0.5899020977200427
2234,0.6418051874558462
2235,0.37757418989611935
2236,0.3992118374069764
2238,0.5575607163125272
2239,0.6893605932219301
2240,0.5395723392605969
2241,0.3864840160729765
2242,0.5743427249194907
2243,0.3875406420433152
2244,0.4200296168241489
2245,0.49684289652583175
2246,0.5324417062755282
2247,0.567024793925361
2248,0.5468648450538023
2249,0.3704094366876156
2250,0.42054453305381156
2251,0.491941097700738
2252,0.32659423930133646
2253,0.6980947397369356
2254,0.49496438314141
2255,0.6580478696836717
2256,0.37031859632880243
2257,0.7632071954886703
2258,0.5726004299917005
2259,0.7611794883117226
2260,0.6456118849563016
2261,0.6565605650959834
2262,0.39741527760955914
2263,0.5106789292590311
2264,0.6913334833959718
2265,0.4214302703362787
2266,0.4014656268090229
2267,0.36236398376758705
2268,0.45393044409537125
2269,0.5154096493116684
2270,0.4959549507812774
2271,0.3737701770395834
2272,0.5154645698938842
2273,0.3867589236815189
2274,0.512167393026479
2275,0.5006652711481477
2276,0.48905360910992174
2277,0.5784341578242711
2278,0.6753354575470337
2279,0.522603268062656
2280,0.5213713950425455
2281,0.48076766583198655
2282,0.449922618654787
2284,0.7372166592419199
2285,0.7254523902332741
2286,0.6818165480391816
2287,0.4631515760887461
2288,0.4901909233175146
2289,0.4057284919645795
2290,0.8034855294459284
2291,0.4591037146773857
2292,0.41366252410842935
2293,0.5033816208756882
2295,0.579811902228872
2296,0.38973358816788567
2297,0.40326193119367887
2298,0.335360478102227
2299,0.742545457922013
2300,0.5360893687967636
2301,0.6606283333544867
2302,0.49225919172665833
2303,0.5521206522565094
2304,0.6868530102745186
2305,0.34829630856909366
2306,0.630127959234647
2307,0.6401974260592669
2308,0.540523257229479
2309,0.5361274755159562
2310,0.42350213512237955
2311,0.48799374966668047
2312,0.5526923435177619
2313,0.40948976128716474
2314,0.41206097080012183
2315,0.45218995104431964
2316,0.3342236045415527
2317,0.6637284607407034
2318,0.38606900435895003
2319,0.4591400351533002
2320,0.6131615102857002
2321,0.6784953915980402
2322,0.5581992992983871
2323,0.42311335828376473
2324,0.34043217664613784
2325,0.47043240447979784
2326,0.46676332481125427
2327,0.6221439551907519
2328,0.4026133315144317
2330,0.5378517708990824
2331,0.6051066500673413
2332,0.38038044842724333
2333,0.4082505050358292
2334,0.6792358957571032
2335,0.553395970997237
2336,0.5248339396819919
2337,0.34493203415185497
2338,0.41803101941200277
2339,0.7367245485908944
2340,0.3629904058012396
2341,0.3299573753673109
2342,0.49337292708698777
2343,0.44404577749012014
2344,0.5831576558996727
2345,0.5670587965262954
2346,0.47051281981213267
2347,0.46910057933251437
2348,0.3131267263480245
2349,0.47066758651835716
2351,0.5651547440720044
2352,0.5199242327850847
2353,0.5165002490040794
2354,0.47723014631145444
2355,0.48530608275743703
2356,0.4068183521619469
2358,0.5015562166390904
2359,0.629932722453103
2360,0.3458012296176313
2361,0.4375116471151002
2362,0.364728829282906
2363,0.5135585803194956
2364,0.3705938207557155
2365,0.5219583642109668
2366,0.35752500380263974
2367,0.4104038513811205
2368,0.7665645999113919
2369,0.24074140180766246
2370,0.3421937790318495
2371,0.36811769871133476
2372,0.4897577166393812
2373,0.3913977270565734
2374,0.46298336056795125
2376,0.4240943633222163
2377,0.44244675219899327
2378,0.8194973489961027
2379,0.5736256993860662
2380,0.47186944134366793
2382,0.5768489104588402
2383,0.5095834725409928
2384,0.42013359744898954
2385,0.3777688571719355
2386,0.48397811125063733
2387,0.535500516419958
2388,0.6905458670156628
2389,0.5481845804801088
2390,0.6471646611547998
2391,0.7011248744717965
2392,0.5555749116793653
2393,0.35057810560601765
2394,0.532783721143713
2395,0.34691955248569306
2396,0.43902901232337005
2397,0.5338451229474163
2398,0.5119401138486978
2399,0.5192775509530221
2400,0.44870853526268106
2401,0.26294210473315477
2402,0.4319024932380107
2403,0.5767923426334676
2404,0.6312407089205357
2405,0.3424429604896005
2406,0.43013407011601534
2407,0.415589096252505
2408,0.653681894357411
2409,0.5245921975513888
2410,0.3572525794113451
2411,0.3905268854099427
2412,0.5180268350201981
2413,0.539939569271989
2414,0.45177427136455756
2415,0.48037689917238896
2416,0.5321881026726387
2417,0.5750206665492903
2418,0.5142665263784161
2419,0.3334206982455123
2420,0.3551151818629881
2421,0.4051310546940473
2422,0.5095948624907203
2423,0.5024420898336351
2424,0.5441639136559482
2425,0.578223396287394
2426,0.43985422602188046
2427,0.698106472938284
2428,0.7710967123376519
2429,0.509629063701959
2430,0.49757015803188376
2431,0.7289445585861128
2432,0.5256014291032348
2433,0.5567551655815935
2434,0.4597352017186709
2435,0.412398771782258
2436,0.5096699413667783
2437,0.4910709527578556
2438,0.5961845582195576
2439,0.5620932498492861
2440,0.6888679105992219
2441,0.4160961939216926
2442,0.411625059794994
2443,0.47938321907038073
2444,0.612821987489904
2445,0.4764783488896904
2446,0.6791367918680896
2447,0.399713937481267
2448,0.45747603624810623
2449,0.5763521910859605
2450,0.6412865707567045
2451,0.4861291236993882
2453,0.34421501952763595
2454,0.4682786380680964
2455,0.6038430225891255
2456,0.49148394161499254
2457,0.42111161018910176
2458,0.5665200137753913
2459,0.42538460722968513
2460,0.45543158181431453
2461,0.5859379292484043
2462,0.47448819905644285
2463,0.4130401337287784
2464,0.46384879079327107
2465,0.4018712315243763
2466,0.6878676228579204
2467,0.46072710296502445
2469,0.4035059471936046
2470,0.4139319658210231
2471,0.5482724072093152
2472,0.4056104345391419
2473,0.5914651670286402
2474,0.5372856465724265
2475,0.47547552772581075
2476,0.6120770313638069
2477,0.34023495715652824
2478,0.6946938783976672
2479,0.4062305140296231
2480,0.3499933100043047
2482,0.5342696871635861
2483,0.7151661261522705
2484,0.44027889302292905
2485,0.49700149314160563
2486,0.3536194319956332
2487,0.514102213524685
2489,0.5203668598014081
2490,0.3362400924273415
2491,0.3801414528848719
2492,0.7110733329550808
2493,0.4888149175770899
2494,0.5442555390782996
2495,0.5222243064094164
2496,0.4428020424247544
2497,0.3984856985168736
2498,0.33560730105270536
2499,0.5449420988548523
2500,0.4246957610751006
2501,0.4138483485786733
2502,0.4271104983208546
2503,0.5936030267342034
2504,0.40511008662975767
2505,0.48249169801828606
2506,0.6857567272783811
2507,0.3650840947095613
2508,0.5745389068560837
2509,0.5442501004123521
2510,0.48946095588593186
2511,0.5129647083813951
2512,0.422587138951608
2513,0.5651195773538239
2514,0.26241741400979673
2515,0.7065956296075486
2516,0.4774954786006979
2517,0.5664141763375918
2518,0.2756348127933524
2519,0.46809153960348077
2520,0.44688249489647597
2521,0.3529657035014491
2522,0.3624035061965451
2523,0.6227770844019623
2524,0.33598397578903566
2525,0.6477839986260815
2526,0.3477839100383453
2527,0.5420518829997961
2528,0.7904751579845657
2529,0.6668358360447993
2530,0.3877383079532244
2531,0.5797827868942972
2532,0.48188163619329005
2533,0.33027843447948646
2535,0.5891388434322923
2536,0.40311923328498744
2537,0.4083318680986572
2538,0.41766529408325376
2539,0.3632387595034209
2540,0.417359866820855
2541,0.2812153475217865
2542,0.7096903482335085
2543,0.32185332228641234
2544,0.4963526684261793
2545,0.5383502131245397
2547,0.5114699714500687
2548,0.34334250583720993
2549,0.5392384584715553
2550,0.42108053369594584
2551,0.6475228100538745
2552,0.3408334164496757
2553,0.4543150799427642
2554,0.5682224155662325
2555,0.5112341660663191
2557,0.6970912894069483
2558,0.18904943520369819
2559,0.7106887249096553
2560,0.4511630636154553
2561,0.6567614512966526
2562,0.5689052004072064
2563,0.6634594289362896
2564,0.4344699656780226
2566,0.6685285468132554
2567,0.5321891446194085
2568,0.39866580614777386
2569,0.6356427855204322
2570,0.4721186567281422
2571,0.5399570577355055
2572,0.40462830680570555
2573,0.44924245087708303
2574,0.4658101183529248
2575,0.5706073964586654
2576,0.6678826102087718
2577,0.3657841908227698
2578,0.3318642317835491
2579,0.46505708703019777
2580,0.8392907532192907
2581,0.3839825791263999
2582,0.42060582086830917
2583,0.4804553448490816
2584,0.5778106458986533
2585,0.8451196335303891
2586,0.5439432383439177
2588,0.34528569366523726
2589,0.6778578701928827
2590,0.2837007378483851
2591,0.49974017901020024
2592,0.5048088272721392
2593,0.5641423084085903
2594,0.4983338296802469
2595,0.4089732059544509
2596,0.36917456510411606
2597,0.40730280615498216
2598,0.6791891308542806
2599,0.5316287536043789
2600,0.4528428857989153
2601,0.6354248646503158
2602,0.5380628199334031
2603,0.3630819849021153
2604,0.33768101968196595
2605,0.3316801287176229
2606,0.7305388632636737
2607,0.42039047656769246
2608,0.6798447165191032
2609,0.38714118960074595
2610,0.35447342015231204
2611,0.553617205356132
2612,0.41762295760608653
2613,0.5467443658467827
2614,0.47706727186216613
2615,0.6549232725996939
2616,0.48290301640446365
2617,0.8046265185527559
2618,0.6226732137014592
2619,0.6412080798691038
2620,0.33935222544778465
2621,0.680216586678551
2622,0.2609446503062473
2623,0.5455302245759788
2624,0.5279881479560381
2626,0.36745011543352046
2627,0.28877931670874646
2628,0.5153896908405802
2629,0.6413869439482615
2630,0.5038877417288803
2631,0.5156820692432905
2632,0.46741254347792494
2633,0.7474049901620481
2634,0.5750682885134949
2635,0.50047188126928
2636,0.3743398157597474
2637,0.32729608856969783
2638,0.3751759975367761
2639,0.44126823720784236
2640,0.5455561523549786
2641,0.5510424063052433
2642,0.5729080588898608
2643,0.3521761948032589
2644,0.6088342160025014
2645,0.5225163247571121
2646,0.6281585497144184
2648,0.34508140442578644
2649,0.3931161884455063
2650,0.4396756588339641
2651,0.6390430910911804
2652,0.3934153867843036
2653,0.5263240468148799
2654,0.3657649399921274
2655,0.40058403123170244
2656,0.5489405502148906
2657,0.3480183297074103
2658,0.45791581764243194
2659,0.44372971592548766
2660,0.31316978674947327
2661,0.7297203394429844
2662,0.38802900564501136
2663,0.6677791531659597
2664,0.6306492376438987
2665,0.669523595078196
2666,0.538207525642674
2667,0.6323378034920237
2668,0.5242048056450525
2669,0.6953177617457074
2670,0.6565861045908693
2671,0.4947179724421001
2673,0.46371296012364016
2674,0.34909827901866886
2675,0.4936888456156365
2676,0.584399284204702
2677,0.6235675110962052
2678,0.4947644926005863
2680,0.6900730266157686
2681,0.47256054571449363
2682,0.5570111985645324
2683,0.6875783289938858
2684,0.16928230652042134
2685,0.4236484685116471
2686,0.5679938444558397
2687,0.33880089042611217
2689,0.48022208898880175
2690,0.5178339993219431
2691,0.449643517458903
2692,0.34212534541217643
2693,0.4661397746236413
2694,0.2938398317776151
2696,0.34424784865533314
2697,0.7822881320525591
2698,0.5344764459215244
2699,0.3350078370975377
2700,0.43628844946404327
2701,0.4527044507533037
2702,0.41194031616622157
2703,0.6050587360638948
2704,0.5421743627628858
2705,0.34323135130325905
2706,0.4524311044305784
2707,0.4096000389454246
2708,0.42788527284764377
2709,0.5797381586872598
2710,0.7519982280522163
2711,0.45782873905332894
2712,0.3526649636622722
2713,0.39385001453782564
2714,0.3660656535607289
2716,0.33575642580703347
2717,0.35232371372430904
2718,0.5802219290757732
2719,0.3666473636948143
2720,0.6576734182034932
2721,0.4651177964220464
2722,0.40089504004524296
2723,0.6008458223447465
2724,0.7530272742194878
2725,0.5608250579930888
2726,0.440682699690035
2727,0.34021563470433563
2728,0.7412082451902595
2729,0.7067587164740619
2730,0.5558336944005341
2731,0.4434628184556123
2732,0.5733221563161257
2733,0.6839873263543471
2734,0.6114304209109225
2735,0.5191835630822118
2736,0.4180850644901118
2737,0.5004227925020792
2738,0.3978008880418959
2739,0.41464151882388106
2740,0.6118983607917724
2741,0.4556333318069331
2742,0.4870621029820457
2743,0.5052660407362864
2744,0.7647881203080926
2745,0.5131013744598822
2746,0.500277549417192
2747,0.44882342159317945
2748,0.5850168753671222
2749,0.6750290347822255
2750,0.7474815775067851
2751,0.5906482300361665
2752,0.4523686709102384
2753,0.580336546397436
2754,0.42957569141786095
2755,0.7094289378246255
2756,0.5647126375869699
2757,0.3442199697942426
2758,0.44462682365271594
2759,0.4573879418717254
2760,0.7601001475367738
2761,0.5106799435792454
2762,0.35567744021614967
2763,0.4863055705057894
2764,0.3524036781044521
2765,0.4735691767888893
2766,0.6652136435027903
2767,0.519310976857582
2768,0.47033733642646036
2769,0.5860730658016516
2770,0.4090939509378698
2771,0.524535947375471
2772,0.6018994255908424
2773,0.538239080395193
2774,0.4244168850220113
2775,0.4184419296191145
2776,0.4712398072321058
2777,0.4700420756788282
2778,0.4396616316685842
2779,0.6159075978652928
2781,0.5314651679126934
2782,0.5277344197474935
2783,0.9029127313866436
2784,0.5750848728428892
2785,0.4978077003216499
2786,0.5389905131679801
2787,0.6060974583189065
2788,0.6023282594754966
2790,0.5481987849156261
2791,0.34498119358184554
2792,0.6716618266290679
2793,0.48198997020683687
2794,0.5018745253429543
2795,0.40749639185636494
2796,0.5839587353038161
2797,0.76815956457277
2798,0.3846151673459675
2799,0.3440582648592152
2800,0.4933775084663628
2801,0.3601719075528406
2804,0.3976311820528908
2805,0.46860389614035736
2806,0.7194803991926987
2807,0.7035664814495206
2808,0.6283584245378956
2809,0.4827825484123437
2810,0.4257583219727433
2812,0.5127359430274868
2813,0.807303066969904
2814,0.7512656361793488
2815,0.4986591886291277
2816,0.6996138431630324
2817,0.6185547490951607
2818,0.47947940844506226
2819,0.803678053553892
2820,0.5905222126398538
2821,0.35431261015912235
2822,0.46329128811395226
2823,0.5702667241949724
2824,0.5200758900425514
2825,0.5803733740068382
2826,0.6285161498300554
2827,0.7446136004813664
2828,0.5377876882698608
2829,0.4806457450273062
2830,0.5871841125591961
2831,0.5767743730616385
2833,0.5117447068406191
2834,0.59970801423815
2835,0.4355246510337949
2836,0.6290540041851377
2837,0.3945079726451094
2838,0.3406739770748711
2839,0.38929569592742935
2840,0.8019361211295553
2841,0.3706695131946622
2842,0.7461238684511314
2843,0.49488580488499156
2844,0.2773766913609848
2845,0.34556537989538116
2846,0.3570045827432317
2847,0.5219425886960684
2848,0.7442234595170207
2849,0.5081867266868406
2850,0.4544386766739191
2851,0.38273728436137777
2852,0.3865014920326791
2853,0.5715832862502864
2854,0.42082675254853097
2855,0.5109819930143308
2856,0.515867999751378
2857,0.44916991134283
2858,0.4688686336112887
2859,0.4034773788230578
2860,0.5115816186907816
2861,0.8206823581384655
2862,0.6623193351658178
2863,0.42871155168678354
2864,0.4770086930383852
2865,0.4478545645784944
2866,0.812871372858263
2867,0.229317470844219
2869,0.4660806897975019
2870,0.38534226327138893
2871,0.6846213108828059
2873,0.3833494465481393
2874,0.4120201454071605
2875,0.548294587623444
2876,0.5406508133398923
2877,0.5607293518738512
2878,0.4892703564889932
2879,0.45442359265731314
2880,0.5308009070563658
2881,0.39535581451957397
2882,0.5065402507584463
2883,0.3445750852279016
2884,0.5094389252914702
2885,0.6944429920331768
2886,0.44598826473582703
2887,0.33354414176778957
2888,0.4465707757203117
2889,0.3769564138913202
2891,0.5849696462843803
2892,0.5256719428545852
2893,0.7656055544588214
2895,0.4882062615751053
2896,0.445540564592249
2897,0.37939668300757773
2898,0.3462545995023422
2899,0.3636146740413896
2900,0.6114265534196297
2901,0.34663825666686354
2902,0.6839633862672007
2903,0.5954638517088936
2904,0.48771369714268564
2905,0.5917220807916215
2906,0.44983324023181553
2907,0.4217179951113461
2908,0.38934947293081973
2909,0.34750021641045586
2910,0.45367706705296496
2911,0.49764128884730263
2912,0.5271045824166348
2913,0.5961432452077382
2914,0.5529127044070893
2915,0.5353174889857367
2916,0.5037828668722989
2917,0.44751402224493375
2918,0.6585672224534068
2919,0.5072567081926351
2920,0.543945594160682
2921,0.3360817009591793
2922,0.37790503098901473
2923,0.6673813935613429
2924,0.7206855921943591
2925,0.42021267293779274
2926,0.44224221443728096
2927,0.694081305793516
2928,0.4753722231517203
2929,0.5742644410145264
2930,0.5177966864388077
2931,0.5104365630483206
2932,0.39961643015833437
2933,0.414565246547708
2934,0.49922575782654355
2935,0.4858997968481764
2936,0.3852979546030481
2937,0.2817158120634441
2938,0.39056109118168697
2939,0.6875886522508683
2940,0.3797769089266389
2941,0.41123473737579463
2942,0.7811783205084881
2943,0.7033489832560926
2944,0.5315774544595911
2945,0.30693714836470126
2946,0.48568152754491
2947,0.5958979547446148
2948,0.3516927867391191
2949,0.20686728421415854
2950,0.4106912512498391
2951,0.49056214358464434
2952,0.4584623402931693
2953,0.6020076204934288
2954,0.4649076226850967
2955,0.3558407033345175
2956,0.3923005963774611
2957,0.6025358664607259
2959,0.5875292578009921
2960,0.3921910196666351
2962,0.46796350038810763
2963,0.4164624074759274
2964,0.5847523268807407
2965,0.6350825788185865
2966,0.578180594775624
2967,0.5307144885190991
2968,0.5811661647901774
2969,0.46143138481986323
2970,0.4316835072011558
2971,0.5212228068345524
2972,0.5290050495787
2973,0.5155576789720117
2974,0.7752042520479967
2975,0.5411804921438296
2976,0.3654074055780271
2977,0.5425902336942168
2978,0.46817800040767427
2979,0.23360345140080732
2980,0.6288824268994029
2981,0.5634512848954802
2982,0.4073808731963409
2983,0.569449996485698
2984,0.3738002525915913
2985,0.4352698755919855
2986,0.7312591708955908
2987,0.39171039751685055
2988,0.7716982114266567
2989,0.8023601392713137
2990,0.6534058064800692
2991,0.5456785841596872
2992,0.7300046784900187
2993,0.615866914028729
2994,0.7909102227637331
2995,0.4538510741706461
2996,0.5921020291450859
2997,0.5805554022385626
2998,0.8795611299328385
2999,0.5540997571072996
3000,0.7751298786898537
3001,0.49263660692783007
3002,0.6201549809849135
3003,0.4315842864220766
3004,0.6992363225893176
3005,0.5625384005661175
3006,0.5864957548534768
3007,0.8664573069170043
3008,0.7818371753030263
3009,0.4742636155653178
3010,0.5597045434308078
3011,0.35822950287579375
3012,0.6190685626537039
3013,0.42912312691856747
3014,0.7853174153523442
3015,0.5577381082714691
3016,0.5338878679029856
3017,0.46768789731853877
3018,0.6463748233654982
3019,0.5536127307767433
3020,0.5401455914486152
3021,0.49932835884492055
3022,0.46742301544825404
3023,0.5247693265457577
3024,0.5873383021383249
3025,0.661126915863611
3027,0.5294108402514665
3028,0.37273952565293406
3029,0.8181741742159725
3030,0.5007677253755509
3031,0.5072128199707343
3034,0.457237659012839
3035,0.8187502426441446
3036,0.4147810038016062
3037,0.6683628978066496
3038,0.593958698879428
3039,0.6904929039942161
3040,0.48245687177996965
3041,0.7033937238484872
3042,0.6216650851549894
3043,0.3518420129821699
3044,0.5697415191996203
3045,0.4719965722881553
3046,0.5078034328186939
3047,0.4766652699227359
3048,0.4868030828224334
3049,0.6496899831911673
3050,0.8655667794700143
3051,0.5452882586368049
3052,0.5688911795392785
3053,0.41452410719710464
3054,0.602656100708661
3055,0.3940383315145275
3056,0.582236117544213
3057,0.37646257025856233
3058,0.33168943316473026
3059,0.4430129157261436
3060,0.6880686239635349
3061,0.639843197514762
3062,0.8889442774713644
3063,0.4494477845077661
3064,0.8304045759861949
3065,0.5261828027752765
3066,0.5441589263384535
3067,0.5123808656223091
3068,0.37298930213255993
3069,0.37756490224477723
3071,0.5261858481514625
3072,0.5948366181349227
3073,0.5214395906259742
3074,0.6105596350783793
3075,0.6358416505226819
3077,0.706855060670656
3078,0.6079203939304137
3079,0.562441075406469
3080,0.565762595482543
3081,0.44722227737011494
3082,0.3756213212458574
3083,0.5364327624309777
3084,0.5567042986411292
3085,0.35638919045564654
3086,0.8430886856018843
3087,0.7924760608843741
3088,0.4972569447701128
3090,0.5782318858061258
3091,0.42304013657304157
3092,0.6544025693391115
3093,0.5852318335606093
3094,0.5002806329686151
3095,0.6178580617688378
3096,0.615110015338935
3097,0.49781678497381704
3098,0.5741290902301637
3099,0.4603724939931426
3100,0.3895179334789054
3101,0.7062492329278555
3102,0.45521464859366995
3103,0.35319180596188837
3104,0.6800628391496008
3105,0.39429298907058796
3106,0.6284186349122124
3107,0.4279342010607263
3108,0.5075622333549955
3109,0.5557242070232534
3110,0.4298813403627288
3111,0.5636277323882979
3112,0.436158343011395
3113,0.4895501907903714
3114,0.4062357090771165
3115,0.5742263031481722
3116,0.3908431783952013
3117,0.5634093729142357
3118,0.7352851679905643
3119,0.3471450646634171
3120,0.3082329296862291
3122,0.6834052278836942
3123,0.2628836261359652
3124,0.4377104981192586
3125,0.5470684603061134
3126,0.7198483199024004
3127,0.2873203017230979
3128,0.5600819617069038
3129,0.47403312231544376
3130,0.5646360363916598
3131,0.5161213137002855
3132,0.41155423653793
3133,0.3598645268990885
3134,0.6788601699497325
3135,0.9269637192316914
3136,0.5281833110837775
3138,0.3601899865327424
3139,0.7334632912880469
3140,0.9108147008673979
3141,0.75253335257841
3143,0.48446376289613385
3144,0.5850394551973497
3145,0.5903822606997876
3146,0.3649143222390549
3147,0.5110838398013333
3148,0.441160117628715
3149,0.34197733662798
3150,0.6973494827474634
3151,0.6801341146504346
3152,0.5749384694515314
3153,0.48183700731276347
3154,0.3635686948434057
3155,0.48782172947000074
3156,0.510029543668956
3158,0.3548690591246836
3159,0.5394642957486786
3160,0.4824529928489055
3161,0.5282878840972303
3162,0.17905988215964505
3163,0.4559573218170671
3165,0.818804020818602
3166,0.5218819873807224
3167,0.36035201242574494
3168,0.5435869146578268
3169,0.4706656461970438
3170,0.35934472045991583
3171,0.6127062508372353
3172,0.3574378305934254
3173,0.4663883804763825
3174,0.4966751680467899
3175,0.5886944220260011
3176,0.5202977901296336
3177,0.4848740791235617
3178,0.47426969543528835
3179,0.46716471597833215
3180,0.39859252743905255
3181,0.5150733672270098
3182,0.35254745982742114
3183,0.3634434194270195
3184,0.7388343469442007
3185,0.6440286765456805
3186,0.6435329816207837
3187,0.44973769950139275
3188,0.5452966100426972
3189,0.5133056862870229
3190,0.5600319599136848
3191,0.6222339173146862
3192,0.5229565960859202
3193,0.5618785609078807
3194,0.3428839874356819
3195,0.23089717163294918
3196,0.4434051731308865
3197,0.5355905779515898
3198,0.3593583567416292
3199,0.45531544370910526
3200,0.8667488842604699
3201,0.6630243793718531
3202,0.335859248722748
3203,0.2993854970107813
3204,0.42934402131266997
3205,0.6416460707032913
3206,0.39001263361328964
3207,0.6669401068130449
3208,0.6444161292715489
3209,0.740768684279881
3210,0.6982100223368889
3211,0.6360155678670799
3212,0.5800912316373353
3214,0.602847284704672
3215,0.5714956118883641
3216,0.5030031912349024
3217,0.27710495532064777
3218,0.8332108966680094
3219,0.5792420332375775
3220,0.8453024655607411
3221,0.49532081301806746
3222,0.27125905608651074
3223,0.826872612742971
3224,0.38288455707173763
3225,0.5909505102006397
3226,0.7174633312870324
3227,0.7136484672451425
3228,0.4993929243833958
3229,0.47304481308987795
3230,0.7220746404592244
3231,0.38383072708189214
3232,0.47230085526341303
3233,0.4185589105669277
3234,0.747748076048523
3235,0.4653769470182775
3236,0.5072983907832438
3237,0.6072481109305055
3238,0.3357955759023466
3239,0.4845888511325786
3240,0.6004303688888499
3241,0.47059365754320176
3242,0.33888486749340474
3243,0.5037529205400937
3245,0.7107820590926591
3246,0.2964287957215611
3247,0.30235967642621475
3248,0.41970628296907764
3249,0.40671417353519795
3250,0.44353992085943617
3251,0.6851436109148227
3252,0.5930008369259441
3253,0.48084797892672076
3254,0.41712147846471254
3255,0.6841394439579963
3256,0.5847376896137596
3257,0.4814823265456562
3258,0.4299695520919004
3259,0.5149297346101935
3260,0.521274550516956
3261,0.6271149089430492
3262,0.4963321860557813
3263,0.5018668706286893
3264,0.8206542442182038
3265,0.4605868355497513
3266,0.4922154700474264
3267,0.5003017708800361
3269,0.8619438993501103
3270,0.4810278458667876
3271,0.5904322297167525
3272,0.48770855979986766
3273,0.7038649436612664
3274,0.35869812295775605
3275,0.6983204579156974
3276,0.514897741045947
3277,0.3425217925715695
3278,0.5591467746554587
3279,0.3947506646237396
3280,0.6876335299955966
3281,0.7638339791676985
3282,0.3900828364090199
3283,0.3829501191844709
3284,0.4646051519605831
3285,0.39734492345111205
3286,0.6305617941439771
3287,0.37523861546745324
3288,0.7181879919867837
3289,0.6751797667544801
3291,0.44411197701540583
3292,0.5806906430245748
3294,0.44827825583072023
3295,0.2802217673196331
3296,0.3952636406922741
3297,0.43525020468168335
3298,0.5357184453771908
3299,0.422162560507306
3300,0.6149035474692905
3301,0.7133790556623607
3302,0.6007304062502489
3304,0.3493454065814439
3305,0.5695746013617521
3306,0.851485157647158
3307,0.8028667083590909
3308,0.6305333331601873
3309,0.3947765763931506
3310,0.5315909101086861
3311,0.4373356847267394
3312,0.4931696962158326
3313,0.5189624838690778
3314,0.3772640042954097
3315,0.34674407230734994
3316,0.515737269608332
3317,0.2946953274207678
3318,0.3300144396352828
3319,0.849050622814482
3320,0.42660080764490954
3321,0.5872395804102493
3322,0.3534976777850029
3323,0.5893742780385203
3324,0.422090795823178
3325,0.4112791364054096
3326,0.34058803638343804
3327,0.7797481696270213
3328,0.39875254925503856
3329,0.7092159226050222
3330,0.18362497942152786
3331,0.44236946778151315
3332,0.695006108289154
3333,0.4274614612607039
3334,0.5081262973421868
3335,0.5972467183318774
3336,0.5998941777066047
3337,0.6153452747606583
3338,0.5564717614684451
3339,0.6138275247920779
3340,0.32992912099265786
3341,0.8586920716382621
3342,0.6089655198029248
3343,0.6331938179445222
3344,0.5900964186428779
3345,0.5099224365666423
3346,0.5758383808434664
3347,0.6945498949719979
3348,0.31385781885044317
3349,0.817792366047086
3350,0.4618016988757047
3351,0.56549547343591
3352,0.5979812408051041
3353,0.37641800736882924
3354,0.3534518266062145
3355,0.4314801995334817
3356,0.7289391372901152
3357,0.8011160326120744
3358,0.5459051469560441
3359,0.27451029249460435
3360,0.6481518978044095
3361,0.6040751856360764
3362,0.8186897473720058
3363,0.21632653145139497
3364,0.48690467284290956
3365,0.524207052811443
3366,0.6557139379635067
3367,0.5158824353107381
3368,0.6520669805097746
3369,0.5570422646315204
3370,0.8090449763442036
3372,0.3830935986010599
3373,0.5108283282599797
3374,0.4522713456919136
3375,0.47104690168228325
3376,0.621130769770164
3377,0.7722222647136275
3378,0.47498260794772745
3379,0.621116922680423
3380,0.3595259941730209
3381,0.5177723402002811
3382,0.6496331689691153
3383,0.7806140137328533
3384,0.564588451501454
3385,0.561829611150004
3386,0.6939608910382006
3387,0.4800488372115764
3388,0.6633464854585249
3389,0.4263690958665076
3390,0.7170787163488047
3391,0.45578893779354973
3392,0.475870661542287
3393,0.4033277776917711
3394,0.8495864782218092
3395,0.46896120315945383
3396,0.6678657618093962
3397,0.7332686423916067
3399,0.6426960330943859
3400,0.3991695674673667
3401,0.6957827595047416
3402,0.507369095425156
3403,0.6256236963516817
3404,0.506603822289618
3405,0.37916012808633964
3406,0.868733909670563
3408,0.34759659685009847
