1,0.21643274340891552
2,0.13489031235735036
3,0.2470576073826696
4,0.2623909026358965
5,0.2419174028512776
6,0.3136440968466753
7,0.2778627760035047
8,0.15088875914796043
9,0.24101001400891398
10,0.2975743981100042
11,0.19342158277635102
14,0.2569871670285078
15,0.31474194561447105
17,0.15771228877544743
18,0.31101612759009656
19,0.36019262675819474
20,0.30749413635416767
21,0.1616926197905687
22,0.18130501031725302
23,0.15169875608810382
24,0.20837305635941966
25,0.17650063422034062
26,0.1836987419337369
27,0.18695255939854447
28,0.2093566303545291
29,0.30760071361827573
30,0.2664484941026807
31,0.29029828462329793
32,0.17090648245383827
33,0.16656078629834448
34,0.19174044582958086
35,0.2606056162764017
36,0.1893880960036407
38,0.19397855248632911
39,0.2697051359475435
40,0.15827812165509475
41,0.334271048239955
42,0.3109623781895505
43,0.23180392359242655
44,0.22819550963402985
45,0.2045235299890228
46,0.2885895883822089
47,0.32939220702043454
48,0.16747149304678874
49,0.2901497188963385
50,0.17802243834407788
51,0.20346345711765274
52,0.26560768953808306
53,0.1699631162939184
54,0.28272694484972627
55,0.2351014310575501
56,0.1533063042256544
57,0.2819950785442793
58,0.23286195569820903
59,0.3018345971929021
60,0.24670235007976488
61,0.23695728786697992
62,0.20047295061727208
63,0.1643316606381296
64,0.18193580658955527
65,0.1724600278524183
66,0.2170816836534245
67,0.1789640425180498
68,0.19729890511368545
69,0.161375700310101
70,0.1673146748967116
71,0.18600544777769765
72,0.21902761752253436
73,0.15099139214504484
74,0.19260632672428396
75,0.18235578824809898
76,0.21481573929495115
77,0.21261856536480395
78,0.21531381158756122
79,0.23913321029069703
80,0.13734439667418438
81,0.19438789936460493
82,0.18781366374452232
83,0.23024869732633288
84,0.21314727785402543
85,0.2061201720671591
86,0.1473677505482299
87,0.17402010698941212
88,0.2593917694289561
89,0.178676809390018
90,0.16565166992937747
91,0.21226738744991103
92,0.21605357339307305
93,0.19413988419042527
94,0.21688129556584823
95,0.19053955645941434
96,0.23435901385731422
97,0.1883837705081091
98,0.1924521736927098
99,0.2144879555237054
100,0.18563508076875238
101,0.2462214390535128
102,0.1574712804012168
103,0.2561627478186189
104,0.17753886019240323
105,0.2271343371405527
106,0.171001031111733
107,0.16526110458575802
109,0.19051894139205924
110,0.21722652609454618
111,0.2395592674185972
112,0.16050362897195766
113,0.16576673612458215
114,0.1844799894044443
115,0.1640402277080334
116,0.26163019639418517
117,0.16735425734752077
118,0.16674044406326924
119,0.19343229816788549
120,0.22648146670892366
121,0.24067960161014945
122,0.2128599048332817
123,0.2190297909149578
124,0.18168370174003695
125,0.24033433072398783
126,0.21740802269721007
127,0.19453707848971546
128,0.21726901074251798
130,0.17898526513738838
132,0.2580035498184157
133,0.231267229270922
134,0.21656951363977806
135,0.1586593548703286
136,0.14637965487188453
137,0.1832472391708134
138,0.22102772510218321
139,0.20493572526567105
140,0.167886590879013
141,0.1328540158597808
142,0.1893382980754353
143,0.22489486487110366
144,0.23047548332453205
145,0.23430567022972754
146,0.13269206804229353
147,0.22751578961726757
148,0.22893818741948208
149,0.17670819363020554
150,0.2537304328955586
151,0.2063022229261077
152,0.14243618422213566
153,0.21448666037841943
154,0.21777642605115258
155,0.19732758921881027
156,0.25192396474787
157,0.1429315445137827
158,0.15866408743281826
159,0.23995582805311366
160,0.21872752904220388
161,0.2709044763707683
162,0.3117416479706993
163,0.15812410061690188
164,0.20698026611901305
165,0.2422431583873695
166,0.18376368297902856
167,0.24464640564975326
168,0.18511521685775706
169,0.207231317887495
170,0.1567354703527528
171,0.28335569773681757
172,0.05273392608217597
173,0.32318990298776157
174,0.17906468467813003
175,0.13024770151298062
176,0.20408137706271262
177,0.13880658752187544
178,0.25610642607650125
179,0.25961163903641526
180,0.1821021012446744
181,0.2730429811754572
182,0.2053213286852694
183,0.15811419953601613
184,0.17719695335659927
185,0.2075862423788367
186,0.27563765414408614
187,0.22679404545955711
188,0.16169230461034842
189,0.22300458093838127
190,0.20936884867132
191,0.2551351387401729
192,0.16394253226446787
193,0.1468056129293385
194,0.20028607978632904
195,0.18318468913079444
196,0.21202016970146526
197,0.19305525331061546
198,0.15462783671446712
199,0.1484295803501322
200,0.27974657804484143
201,0.022570049730765263
202,0.25013252907022815
203,0.25736686465660435
204,0.16355224963871162
205,0.17077763316191066
206,0.26748470179180894
207,0.18127518593034087
208,0.16640389847637202
209,0.1475611444937527
210,0.17566169051839503
211,0.21456456263801293
213,0.2274349559528455
214,0.2592167549664665
215,0.2507462622999683
216,0.1306208094439776
217,0.2320008792076548
218,0.2560070977710893
219,0.22143858207228315
220,0.17410163788526348
221,0.19492633167660636
222,0.24166189341178018
223,0.20235928213966073
224,0.17829153347466659
225,0.13752088927434045
226,0.14245274745077105
227,0.16819137041712184
228,0.1890228119256494
230,0.14901980088478559
231,0.26996482932491483
233,0.13057407835064483
234,0.28325509825587714
235,0.21238305689790307
236,0.2400089257648138
237,0.16679459733363736
238,0.2474676875397828
239,0.16681937189194923
240,0.22862706256151907
241,0.2020819695450918
242,0.21181222446756903
243,0.1576575072210141
244,0.1786372667678597
245,0.24562929991570753
246,0.255779670001968
247,0.2620626291054652
248,0.1880782066264793
249,0.1773843203734466
250,0.18041898263688563
251,0.19920062172591232
252,0.20126425316594074
253,0.15458058504235017
254,0.1356331010887585
256,0.18705546340549112
257,0.15107442566131632
258,0.12067316034142533
259,0.13419606492342329
260,0.13684101180591707
261,0.1933419587317585
262,0.19195604440639052
263,0.18131517192127972
264,0.25169362886019464
265,0.13323083167633654
266,0.18000313060203624
267,0.25197392838694377
269,0.14747044034185544
270,0.14872404872836908
271,0.15108027292572107
272,0.26082947996122996
273,0.17575581791204523
274,0.16401947236854167
275,0.17805567206125636
276,0.15213318768993844
277,0.22888508258529527
278,0.18524415407677716
279,0.16928276600743317
280,0.2421023935894985
281,0.18779800538937996
282,0.13237551587782392
283,0.21518857362779711
284,0.1695296366499018
285,0.24689621196958983
286,0.1784590969509259
287,0.010027964181835262
288,0.2083649164814584
289,0.19042005772651727
290,0.19786992194715355
291,0.19448357275322017
292,0.16604806110217812
293,0.19207625948871473
294,0.1686787522153563
295,0.14216683263780244
296,0.15377386449706087
297,0.2375307379393881
298,0.13989844938537196
299,0.18649755570641202
301,0.2340428113470506
302,0.30429374541995485
303,0.3377905894592098
304,0.2517676442234152
305,0.22631240694074567
306,0.21173907382713597
307,0.30905079986211625
308,0.27122703895742434
309,0.24725881488348633
310,0.23224219161177406
311,0.2778269648292548
312,0.2150706814122687
313,0.19812191018987793
314,0.33394662281527776
315,0.1869917880376256
316,0.2739692908845335
317,0.21511580492228533
318,0.22988361973664748
319,0.1531008614834433
320,0.24117747670180031
322,0.17489377031038023
323,0.2691249254757445
324,0.18782919628859363
325,0.3764729260184586
326,0.3545031824164193
327,0.2545814259302198
328,0.2657703572855858
329,0.031230970171046382
330,0.3026181918229971
331,0.19163428761794166
332,0.2689830062977857
333,0.19525011778497967
334,0.26314195478912417
335,0.25988131058128494
336,0.18370294139279883
337,0.32956608524256675
338,0.18568320124488114
339,0.22339115515596464
340,0.2052413479153874
341,0.19383415776744703
342,0.30032784591743444
343,0.23002665156297492
344,0.23401845482770514
345,0.2353245016171536
346,0.22555696411136866
347,0.22184810086934437
348,0.2890402948204287
349,0.24768335095868937
350,0.22128453953048377
351,0.2517668506076583
352,0.23481983924303473
353,0.2574950884963618
354,0.27481038757179554
355,0.39694988982707097
356,0.28218848516970013
357,0.33602511692047743
358,0.2553594722654775
360,0.22089775140011567
362,0.19721678000386045
363,0.294172407328964
364,0.2601542027746143
365,0.22266597149429143
366,0.15734978475430506
367,0.2726152371687318
368,0.23071517605313344
369,0.3548849737980988
370,0.38017920408431316
371,0.41955391319544716
372,0.32531923630984977
373,0.28396400267513544
374,0.3377227204762318
375,0.2641502657708487
376,0.1855702648456061
377,0.34732491861632775
378,0.19411631292905637
379,0.21617376776000144
380,0.19122156934972562
381,0.27235133209607704
382,0.22791768792734682
383,0.27694848937624117
384,0.3373980327506539
385,0.2876167221694616
386,0.1659103590603996
387,0.3800652723368396
388,0.17193132704706066
389,0.1600089307942615
390,0.14639391318528847
391,0.32695004797859295
392,0.035956286671516284
393,0.17768507340540546
395,0.17901320135428472
397,0.3058010234318769
399,0.20775285110467565
400,0.37350814615773453
401,0.19723826637044312
402,0.1669883057902139
403,0.2798697719492127
404,0.15113347308839503
405,0.20681101958666778
406,0.3312738142766957
407,0.2706469948152689
408,0.3165874402573178
409,0.17419031891893091
410,0.3156364905597184
411,0.20910710016595568
412,0.38749081397243934
413,0.17282059351460938
414,0.17219865309347465
415,0.17367911581941317
416,0.1733045547218878
417,0.21507930565759725
418,0.1581824745297745
419,0.14446356780630254
420,0.16962799785367821
422,0.2177580997451932
423,0.14863681627306588
424,0.1663068718267437
425,0.20517962106839965
426,0.14280071549397022
427,0.2098299368097349
428,0.19836280969521802
429,0.19181343339267673
430,0.1942710547608407
431,0.190012617961408
432,0.2596944777685081
433,0.1377839130893288
434,0.2500799526211909
435,0.19912841903211076
436,0.21851221442100568
437,0.22072868927154815
438,0.1682774668182809
439,0.1626920833828858
440,0.15040934120129135
441,0.2794309455608457
442,0.2688149355831905
444,0.2326340800482852
445,0.1595946452133116
446,0.19615814016174582
447,0.31402464514902334
448,0.2961473211361845
449,0.30376507681636544
450,0.18984230835982724
451,0.18379688056226776
452,0.1556682353302266
454,0.18913892394945594
455,0.21866658503650852
456,0.2341542022474437
457,0.27994122210359507
458,0.09403573703183836
459,0.2556200722743109
460,0.19842994230910316
461,0.04572146163491905
462,0.3160534211565302
464,0.2668786056043861
465,0.3441512273768625
466,0.25170764096189296
467,0.268555651104788
468,0.1536030444060663
469,0.21820054568090885
470,0.22721320775508463
471,0.2623800815115584
472,0.1729931171333477
473,0.27931193021461476
474,0.23936644651811848
475,0.2720554938930748
476,0.18280165423050349
477,0.181341822081043
478,0.2171828576398763
479,0.21775466395670326
480,0.21206680981181625
481,0.1828666441838883
482,0.3390174741584477
483,0.23885300567785855
484,0.29237768685448473
485,0.13228067711198038
486,0.24296618703367573
487,0.20433031185695164
488,0.2264203525218115
489,0.22693924741869004
490,0.33740063234985007
491,0.15071595127754925
492,0.2957489252475037
493,0.18701927004298183
494,0.34820631910575495
495,0.272748972239671
496,0.3234159912538796
497,0.24618848463280502
498,0.21354295983208083
499,0.3359570023723587
500,0.184289431012341
501,0.18109924608316552
502,0.1721555119809369
503,0.20888274394947143
504,0.22159841812632763
505,0.18943851033132464
506,0.23872208911100634
507,0.2710164129955143
508,0.30346278679950506
509,0.22899996011297064
510,0.17836735935556383
511,0.20841074010390254
512,0.2856681908064195
513,0.1546050742682904
514,0.214370997101296
515,0.3016259068056784
516,0.26874492317222304
517,0.2621343521290261
518,0.3065470224724215
519,0.28625239284448223
520,0.27956216261091454
521,0.22365141223242135
522,0.2578772594250383
523,0.19533572528370455
524,0.18426959533434367
525,0.29160240475827387
526,0.2299634712738298
527,0.3046184455859901
528,0.1911166754671262
529,0.29159399087337795
530,0.3099509012867377
531,0.2971059319679417
532,0.29000052969085677
533,0.19349569102190062
534,0.14536505671452732
535,0.15810054481646585
536,0.35801373431873895
537,0.22412687711669382
538,0.16489295987024769
540,0.2331255611087578
541,0.11084460201897116
542,0.05106953162134827
544,0.2879951638069117
545,0.20126961435770796
546,0.21078211772315042
547,0.2124038734664869
548,0.20597596291632922
549,0.18437236985111194
550,0.145947799039505
551,0.19066350238872068
552,0.32559991475579675
553,0.17705898142626753
555,0.21200257896181507
556,0.275375322985842
557,0.20277996642966978
558,0.019500212700418545
559,0.1947029991230979
560,0.3287567797010421
561,0.26143207314576405
562,0.1948524049339835
563,0.17365523297388757
564,0.16172768283068092
565,0.2572227841564849
566,0.1880988792066309
567,0.23904186815665032
568,0.18059179050163582
569,0.21722214013027694
570,0.24416911878053071
571,0.20445513331325715
572,0.31194758172636994
574,0.238328489953345
575,0.32494463791125244
576,0.29436636472080446
577,0.20370140116555943
578,0.32345711016421796
579,0.17150836772086409
580,0.39618282259220206
581,0.35419268975596613
582,0.2615272389062165
583,0.2270327607692359
584,0.3449177920681302
585,0.11583052509796486
586,0.214917472343902
587,0.21255800789195986
588,0.19320094497299714
589,0.20062576459231982
590,0.359264629269476
591,0.3441168676014717
593,0.4812111275272542
594,0.16730846728763
595,0.07410007064783083
596,0.348531956473354
597,0.14415209641803164
598,0.35749866710832673
599,0.22312994797625432
600,0.3026732384282332
602,0.3245202384374267
603,0.36708461797436914
604,0.23127205911273638
605,0.3922057099796587
606,0.3025736650529991
607,0.25345248900769995
608,0.34946542423029753
609,0.16174517375147496
610,0.3152111466710302
611,0.39260625580472486
612,0.3375793519800681
613,0.2596997837906494
614,0.2874208320403284
615,0.189858111758129
616,0.3438703148005591
617,0.2996091551240631
618,0.20345140828918148
619,0.3573885825128797
620,0.20857443102934237
621,0.1874424077288871
622,0.31292562889304754
623,0.19634691035950805
624,0.19289390588885866
625,0.23551286746232356
626,0.2766723886988759
627,0.3647052127098581
628,0.3176034393079325
629,0.32262050334790543
630,0.21628819230003984
631,0.18724755635220314
632,0.21564264851125745
633,0.25623095402293133
634,0.24110689771503832
635,0.24960697631608958
636,0.21999069687409414
637,0.31894608719078643
638,0.19682172870287748
639,0.2851009973086581
640,0.2562485337305257
641,0.26710509420382356
642,0.2334285970896417
643,0.17641012724674493
644,0.22051359974147108
645,0.3055571500485794
648,0.22058658019304572
649,0.2677353014788713
650,0.15831371620250104
651,0.2697957132529992
652,0.1717126758675132
653,0.16237275934951223
654,0.20541524207093462
655,0.33908964680425197
656,0.2437203518894073
657,0.3184930545990598
658,0.1600636335341874
659,0.17446508096691166
660,0.2545322266233043
662,0.2653555197374075
663,0.11974840823109194
664,0.2924593062166629
666,0.2474971182931388
667,0.22423550456769462
668,0.14832975912316515
669,0.2899654123443829
670,0.32314091917571164
671,0.2603124943980728
672,0.2387303824115209
673,0.35183281556334495
674,0.3991835900355434
675,0.2718860792780468
676,0.1399726838759354
677,0.3117668418772036
678,0.2791174674022152
679,0.20462247360549543
680,0.29979508681597433
682,0.20129750278533046
683,0.3993870093512315
684,0.2528698417966342
685,0.26538165378725953
686,0.31475959540146176
687,0.27376014002714033
688,0.38712309363823
689,0.3124873643960403
690,0.28810715944468185
691,0.28042380753375734
692,0.28972289691518044
693,0.19436843613152063
694,0.25469331661435995
695,0.28033313075453387
696,0.17581050834449571
697,0.3242186105502578
698,0.33637415587366604
699,0.21628712562180993
700,0.2771725020992355
701,0.271571928838482
702,0.17313509033204202
703,0.31673031037204097
704,0.43483107707393315
705,0.43135737084750286
706,0.39291231706810853
707,0.3161486865750337
708,0.2716873556230461
709,0.4370674613445955
710,0.2095607373624445
711,0.17711882162604975
712,0.27595654568247857
713,0.29956773287246374
714,0.27378316599031527
715,0.40415971279814256
716,0.3627129330987346
717,0.39675135837531395
718,0.28063964262683083
719,0.3747227160244471
720,0.3990261278630251
721,0.39083193970201524
722,0.4155736094829317
723,0.38617080841369905
724,0.43734154730091485
725,0.38917369907841093
726,0.43939254023208724
727,0.44159111667909423
728,0.20570678367816156
729,0.23444632347193256
730,0.25997378687763684
731,0.2981633258189802
732,0.153387011465532
733,0.2060055442919575
735,0.34987575802035925
736,0.29124506809072453
737,0.2437517342984707
738,0.3395774561475949
739,0.34397623223394164
740,0.31384225392576187
741,0.3899954164551071
742,0.252824472990068
743,0.29875165553386873
744,0.1959069473625496
745,0.25890210226567206
746,0.08459209699768601
748,0.42032695907275236
749,0.40638531204083395
750,0.307353871370894
751,0.22756209360501448
752,0.2189361082634597
753,0.3590635912632204
754,0.2748369862074393
755,0.2602707011696537
756,0.41867914234897013
757,0.2739186199777122
758,0.3975750408137417
759,0.2511065549521067
760,0.3702225094016996
761,0.3091785047907935
762,0.30925369806564473
763,0.19900493537365793
764,0.19973025644020312
765,0.3799565024376369
767,0.34337045035658914
768,0.2408059440300871
769,0.19502111616824322
770,0.21171092821652363
771,0.1276337956162363
773,0.23911940543243085
774,0.28910049079434663
775,0.11190489726813915
777,0.3496034159733134
778,0.16960489981278443
779,0.2978757841498464
781,0.2531112857550451
782,0.34815524433333866
783,0.4206325385956735
784,0.2623348647240447
785,0.37331537909262613
786,0.3485546659017409
787,0.20172633844075583
788,0.37346211832955567
789,0.2623979355622752
790,0.29517963483456666
791,0.2358837034257121
792,0.33757605366417487
793,0.21135228491649555
794,0.08514998424185816
795,0.3023678602788472
796,0.3887253990051494
797,0.19095245290399193
798,0.21374978767611846
799,0.20364691990886466
800,0.2629480416822411
801,0.23621751679846556
803,0.39272025832548857
804,0.3657354676468092
805,0.3817008119019788
806,0.33733069321602893
807,0.2864811992910724
808,0.32934508179948324
809,0.42074113674443936
810,0.24629649876046936
811,0.45023066066269507
812,0.38185333473038857
813,0.3168579376463152
814,0.4490211017891436
815,0.45147689000838637
816,0.1711899392419063
817,0.30321553358644693
818,0.2835470866003835
819,0.2517335846886672
820,0.3254425025771282
821,0.1919857153084789
823,0.27560230354492715
824,0.3319982958383258
825,0.3325323059388798
826,0.410810860555861
827,0.2664230184733413
828,0.2574823520640376
829,0.21285209030291175
830,0.22630693012681158
831,0.24751961018888688
834,0.24476396479566728
836,0.27395165189622456
837,0.3574783818552735
838,0.1952346218274471
839,0.3782051178766457
840,0.3666067185959708
841,0.3429955265071511
842,0.3216117705967356
843,0.39144095812104124
844,0.32145554745901395
845,0.3392224645400996
846,0.22089645544591166
847,0.3602255666066083
848,0.40014080266318647
849,0.3681254616367349
850,0.32941867972094296
851,0.311927807636338
854,0.2981747517868921
855,0.2584132095364484
856,0.35182160869510615
857,0.334398211840052
858,0.31421678140098436
860,0.3358278742251681
861,0.1959500609064745
862,0.3312457042639256
863,0.33078479581054077
864,0.09816246796290713
865,0.2666086095786124
866,0.30618892477371723
867,0.28815715798376706
868,0.3160165012774326
869,0.40135887319749625
870,0.35784943523782886
871,0.2382793131849071
872,0.3946208353835042
873,0.3562357848033008
874,0.026269305635362544
875,0.2893348607275981
876,0.2849948878973683
877,0.4580993244539004
878,0.3896014191515945
879,0.35093373863253935
880,0.3260658358751688
881,0.19031732537429674
882,0.24600332145165713
883,0.2962903177103967
884,0.37414912611098905
885,0.3784336853504827
886,0.2790779726697153
887,0.1735053274174914
888,0.4844812573173784
889,0.47251492026007863
890,0.31771017903310467
891,0.20853982785720182
892,0.19576646893456087
893,0.25974709049489764
894,0.45037618841056476
895,0.38073365073625987
896,0.15444557427888833
897,0.3705062939062412
898,0.5117645162938352
899,0.3036901664578168
900,0.3165882231718856
901,0.2950314158436261
902,0.44753571085325766
903,0.4454276398723287
904,0.19969163512929533
905,0.23355307554140312
906,0.3372445472687269
907,0.09067857818910426
908,0.2604620589549543
909,0.29201865232030955
910,0.3510472357449731
911,0.4367705960514032
912,0.42018971621323087
913,0.26167474866440865
914,0.3300890167067729
915,0.16177977411546873
916,0.2550395834895512
917,0.34842084942396057
918,0.34902232274954187
919,0.3206439878940445
920,0.29117768999716903
921,0.3355629652111652
922,0.3845520253361055
923,0.281326276077192
924,0.21758899136810606
925,0.38592427435259974
926,0.40171563247601355
927,0.29724492534986546
928,0.3280472297580241
929,0.41801691049504336
930,0.29316697013868837
931,0.0879198331388165
932,0.3860603196898418
933,0.37575438968962505
934,0.25911238884261095
935,0.22559086498568717
937,0.24993774720420645
938,0.3160719567892015
939,0.3459826244871879
940,0.10685213737166863
941,0.23052104031138507
942,0.21779524876935039
943,0.3366942538410313
944,0.25428468701982404
945,0.21207885507562135
946,0.33151621776078066
948,0.2812536370906582
949,0.4196090602073384
951,0.23977104847199346
952,0.08959184041683113
953,0.13588695335763018
954,0.21425191578517871
955,0.26866425589427234
956,0.36065980155793226
958,0.48937020625470123
959,0.25285269177410297
960,0.4460856580811678
961,0.3415885354954876
962,0.39338148550423924
963,0.3882013808795578
964,0.4731326665976043
965,0.4330575526968938
966,0.2626553522170776
967,0.3872983034627476
968,0.38494036401375514
969,0.3608416573041157
970,0.358086188791691
971,0.30302033542703355
972,0.30204545959650275
973,0.4437268678265553
974,0.0885037455794955
975,0.1468456995190041
976,0.38300647695329404
977,0.06547004882602701
978,0.26624004169890325
979,0.3012229191501927
980,0.39318424753014564
981,0.38304532430876614
982,0.26173379202605285
983,0.4482756876104268
984,0.3282052978609995
985,0.2277782661724407
987,0.17523233731533644
988,0.24262775295561437
989,0.3663529252346931
990,0.46823844041240764
991,0.2546212288252374
992,0.34600543874753115
993,0.2242391870092703
994,0.45263881471762724
995,0.33010051182439243
996,0.34844751079090713
997,0.5006752943187068
998,0.3894234774588108
999,0.376568560261613
1001,0.4328494290649594
1002,0.3953244782660334
1003,0.48358682235104644
1004,0.3060553772144491
1005,0.25196366368563083
1006,0.4085055667419952
1007,0.36355266969170763
1008,0.3392416872594368
1009,0.07614562628901067
1010,0.30707183892899337
1011,0.33750821051904784
1012,0.38575795507030597
1013,0.2574500050295853
1014,0.21262531605182253
1015,0.18652968818960508
1016,0.26501236035840153
1017,0.03235215101793594
1018,0.3157250579361265
1019,0.4900575338041296
1020,0.32206812128324336
1021,0.4155430316784435
1022,0.4419671779908299
1023,0.3435253837747349
1024,0.23958258995706166
1025,0.38168405643191194
1026,0.39305027518468766
1027,0.3148132755723032
1028,0.44286744512811604
1029,0.43509670579809834
1030,0.29164755845620655
1031,0.3948105563286596
1032,0.38742689142994857
1033,0.4666105712586608
1034,0.2977680633114503
1035,0.31659870412227364
1036,0.17845498512514513
1037,0.4069776480762103
1038,0.3132256348371593
1039,0.4748410350685929
1040,0.062237235218608446
1041,0.29069059774617884
1042,0.18126010437093243
1043,0.08120371936637441
1044,0.3456888472142351
1045,0.24994267568171114
1047,0.43717834661569244
1048,0.17866541280049322
1049,0.33305097393730776
1050,0.205562270724461
1051,0.31314852808606597
1052,0.34284906738279036
1053,0.5046688768657028
1054,0.33091762540643077
1055,0.47350579684130323
1056,0.13913328956429916
1057,0.41677978907749547
1058,0.18010702296559405
1059,0.3630222141396362
1060,0.3336832952364684
1061,0.39108265363435424
1062,0.21924442366095678
1063,0.4452352329565881
1064,0.511404774567935
1065,0.4468026053787322
1066,0.4925634881541764
1067,0.3069817046069244
1068,0.36169516140085045
1069,0.45485874129222914
1070,0.3213049571842837
1071,0.4206486114814647
1072,0.4703568926455407
1073,0.34827709252201633
1074,0.36651171426432566
1075,0.4365588854658273
1076,0.2890910017937189
1077,0.24304496128730257
1078,0.39449338210842
1079,0.44991898545597414
1080,0.45933172572267966
1081,0.2648925006527817
1082,0.515135974560505
1083,0.35112312553601066
1084,0.43425400531699115
1085,0.3877603439114991
1087,0.44343009727777516
1088,0.33319074340989374
1089,0.3917504968900895
1090,0.26526251853802757
1091,0.3349200500162675
1092,0.04076300069367126
1093,0.3019254747819099
1094,0.49516969882855333
1095,0.315429514630928
1096,0.4517130931972306
1097,0.29177999450699404
1098,0.3216914496465441
1099,0.31935115184947127
1100,0.3440266825164848
1101,0.3884931208861651
1103,0.4913724959657048
1104,0.21267289463985314
1105,0.41318287914122825
1106,0.24137588530610657
1107,0.279660131622685
1108,0.14231633056484838
1109,0.4056601775644106
1110,0.22146332496276647
1111,0.37411881890903775
1112,0.44423815133459044
1113,0.3886834012718851
1114,0.39244189129281837
1115,0.38079141161615404
1116,0.3439902429422034
1117,0.2383310969241977
1118,0.28480717284615176
1119,0.3342697349569698
1120,0.31621489511671996
1121,0.44900989398790747
1122,0.36527531972164695
1123,0.34260931742538847
1124,0.3695622312591056
1125,0.29340554245910927
1126,0.4508225364857937
1127,0.3079110226365642
1128,0.4573636736738446
1129,0.39614772093364997
1130,0.5311783859482081
1131,0.37259477509094086
1132,0.4634669310603048
1133,0.3336966059910116
1134,0.2598440610460283
1135,0.3496689462555571
1137,0.33907719885437726
1138,0.415629501684226
1139,0.37440469098662715
1140,0.5103738779235841
1141,0.31091803468018525
1142,0.36803541096939946
1143,0.3312528993252902
1144,0.46827491759932544
1145,0.4094145207719064
1146,0.5165222537387171
1147,0.5378835512828761
1148,0.25373620982028633
1149,0.4703907914285632
1150,0.5184865454269539
1152,0.3543538345653981
1153,0.3132786252729627
1154,0.48561311552793035
1155,0.3958758064347852
1156,0.44599402416904393
1157,0.3354780618605868
1158,0.41105838249068866
1159,0.4529590612246672
1160,0.18876172488497114
1161,0.45502999283921103
1162,0.48918353483841576
1163,0.4058571085055497
1164,0.48500130182042234
1165,0.32261347428313
1166,0.34676047575059155
1167,0.5436971217977905
1168,0.3518460949057617
1169,0.41489718939998965
1170,0.3711627953201101
1171,0.34517755326876576
1172,0.2641056794210185
1173,0.4712607302730702
1174,0.41147335211343056
1175,0.401386525928129
1176,0.5232217559002282
1177,0.5096621410615897
1178,0.4793336289805669
1179,0.20793727907705165
1180,0.389359503932331
1181,0.3349075334185668
1182,0.4530476529944661
1183,0.4083272804836698
1184,0.5024073767506925
1185,0.4709923152473247
1186,0.34627967970955675
1187,0.3520475516455689
1188,0.24193966272285103
1189,0.3949573972823536
1190,0.3231505994136488
1191,0.34473998367257275
1192,0.46352714975304055
1193,0.3743360339857187
1194,0.2879188795050355
1195,0.4848120109295281
1196,0.3251648899123781
1197,0.27743350354416174
1198,0.2580013979093032
1199,0.3754118783753722
1200,0.4661509653776136
1202,0.3236362431696197
1203,0.23586386095120151
1204,0.3568958796881818
1205,0.3861538829590069
1206,0.4672948945999855
1207,0.16463972107439653
1208,0.4635037457569211
1209,0.3195837089431604
1210,0.4236136988911592
1211,0.3864897527500634
1212,0.3953446560740917
1213,0.4841880753340426
1214,0.4125022402595989
1215,0.23518550155412252
1216,0.4838188314916294
1217,0.474068414083655
1218,0.22753950528901074
1219,0.33253777134957174
1220,0.23116953832316073
1221,0.4302881790469832
1222,0.23247629328109468
1223,0.33278305518512324
1224,0.4222622351100779
1225,0.45610709352298007
1226,0.4324791520591277
1227,0.44957595076947854
1228,0.34382535068912345
1229,0.3993964282518114
1230,0.4181477291703939
1231,0.2897708243401799
1232,0.5271765850056914
1233,0.47773470950496444
1234,0.41994320333672686
1235,0.4532905342814803
1236,0.3883706342160707
1237,0.3293903579962406
1238,0.4557940781657703
1239,0.35318384100439365
1240,0.393720938139645
1241,0.4951504499596509
1242,0.3207811338155718
1243,0.3162899962535297
1244,0.4327928488020105
1245,0.4874604118444771
1246,0.4983407205552748
1247,0.413740504160111
1248,0.398315080669023
1249,0.2697475300819322
1250,0.48547459786670294
1252,0.5081277255923244
1253,0.3109948765108612
1254,0.3420771246595687
1255,0.45772371090641534
1256,0.3204389746092696
1257,0.36254316919159857
1258,0.4809471193935319
1259,0.3557020804032987
1260,0.363498065602754
1261,0.3499891661511892
1262,0.4574268336738636
1263,0.41838309926593886
1264,0.42021359724559093
1265,0.35001054076782223
1266,0.33764411226553454
1267,0.41514025329145715
1268,0.42923539221978674
1269,0.31452182071817825
1270,0.4999380170010129
1271,0.37259116014515475
1272,0.35455025178153
1273,0.40848989477023023
1274,0.4112327719013411
1275,0.5069652445230767
1277,0.287222941430869
1278,0.36234436353602134
1279,0.42738741400288915
1280,0.4777877217636902
1281,0.38113684808446224
1282,0.3226696523562119
1283,0.4339716950563502
1284,0.24322503043892085
1285,0.3981583907764687
1286,0.3048219194069083
1287,0.42679904105137817
1288,0.41582831838029055
1289,0.4997740018748498
1290,0.3390770108521646
1291,0.34000230811798915
1292,0.47520595487131684
1293,0.48133511701828535
1294,0.3589112747160368
1295,0.4838243645148222
1296,0.38141522898235464
1297,0.325623750489514
1298,0.3011572344169685
1299,0.4738091634576226
1300,0.3806970574812156
1301,0.47487594181510423
1302,0.3374637242905005
1303,0.2988355318666236
1304,0.32202490115511684
1305,0.3851076667750889
1306,0.45809763184858837
1307,0.3730454429008947
1308,0.3296702314875255
1309,0.35282485418765236
1310,0.3729283707329798
1311,0.4386738124021202
1312,0.27269161715293355
1314,0.19069409893908723
1315,0.4623953599351328
1317,0.3621711257169398
1318,0.41532453484155407
1319,0.34830109356107164
1320,0.40729398854056464
1321,0.4763176426239706
1322,0.456542102403737
1323,0.4906455463124814
1324,0.40264871500787575
1325,0.4494625669281087
1326,0.41069168521837845
1327,0.38107646735052386
1328,0.48040151750674703
1329,0.43701262859501544
1331,0.17696426950508443
1332,0.4840486768899091
1333,0.4159866271426937
1334,0.2538457104855343
1335,0.31047090729670546
1336,0.3349355037888074
1337,0.40894253494605864
1338,0.3131475582463435
1339,0.5163620752719943
1340,0.37259065398878516
1341,0.4630815779321069
1342,0.36665706753841515
1343,0.5270120265100697
1344,0.34722835054507495
1345,0.4862230613328659
1346,0.4692240948944696
1347,0.20778642525180357
1348,0.3697769881999143
1349,0.3964470086217506
1350,0.4121774300450781
1351,0.4569118125822504
1352,0.4081614336119351
1353,0.16012612135063412
1354,0.4756693620013511
1355,0.34383761395553725
1356,0.3784322071728121
1357,0.4303383171581805
1358,0.37048788372524055
1359,0.4193942610981326
1361,0.3980410470371029
1362,0.46117506356632143
1363,0.3692780528734603
1364,0.3780827902797577
1365,0.4626138851047181
1366,0.4394406793247851
1367,0.35085949462022825
1368,0.42918622158223835
1369,0.40722103460089604
1370,0.4470768038251782
1371,0.42730020113107225
1372,0.39344193459550714
1373,0.3148295624744366
1374,0.35394055059110907
1375,0.3699129678689813
1376,0.22443372769149447
1377,0.2895701024369703
1378,0.40471794135827094
1379,0.3999216509453024
1380,0.5320571578985147
1381,0.5102658622516503
1382,0.2742091001686801
1384,0.32496953297924563
1385,0.2540486108663136
1386,0.4008557420315336
1387,0.317300874984767
1388,0.17344795822977985
1389,0.21516778154873117
1390,0.5053602269407006
1391,0.2919963513044747
1392,0.4478221646092381
1393,0.48166903459413535
1394,0.49459203875577074
1395,0.34720759912227284
1396,0.3767788528468708
1397,0.3715072668527162
1398,0.2430483351417567
1399,0.46966735818219457
1401,0.4185468669780462
1402,0.469729465308712
1403,0.39601853768049644
1404,0.46560459890967665
1405,0.4218093474506742
1406,0.46248431096619247
1407,0.44259431735212595
1408,0.41096968075747525
1409,0.4611569391219683
1410,0.42436386358785716
1411,0.35520359254711165
1413,0.41793636934526146
1414,0.39052302523296606
1415,0.4835274918339384
1416,0.5325873879781653
1417,0.2720426118009287
1418,0.20103469107044866
1419,0.42085472904934906
1420,0.47195945021770835
1421,0.3819823685133795
1422,0.435180213445133
1423,0.3848613360534128
1424,0.4687500218835836
1425,0.5144589591960737
1426,0.4768546346569734
1428,0.481196925858148
1429,0.44897933187543454
1430,0.2910241198482299
1431,0.4150206559711865
1432,0.3490563376488672
1433,0.4449828626066282
1434,0.41050493240696584
1435,0.32563300631967734
1436,0.3345167199074451
1437,0.38803849401658724
1439,0.353800046046295
1440,0.3879610686113112
1441,0.4117048333697681
1442,0.49226049781875103
1443,0.42022119211400716
1444,0.39986262420350177
1445,0.35304875868892976
1446,0.4746703794218746
1448,0.5033491033737088
1449,0.5309383296922472
1450,0.4710340042813392
1451,0.36350298883860527
1452,0.4593513427329381
1453,0.5209791360238556
1454,0.5109920389696374
1455,0.39316090506374474
1456,0.3966988009761596
1457,0.5001273071092733
1458,0.4057560381035154
1459,0.3683107252964644
1460,0.39829781760775645
1461,0.17944602467870777
1462,0.32567596276429966
1463,0.4143784935471553
1464,0.35679911503966333
1465,0.43638966411448527
1466,0.3594261910575524
1467,0.3977080858051172
1468,0.4105406088519705
1469,0.365125477278434
1470,0.429473439916458
1471,0.4763558518705482
1472,0.4124586401162062
1474,0.47218705787170917
1475,0.4228991757899518
1476,0.3924111154293965
1477,0.5045946675946945
1478,0.40318690728012035
1479,0.44212969408008934
1480,0.5048653286061897
1481,0.45801514127873877
1482,0.3692747072783215
1483,0.4315419781915753
1484,0.4578849356780519
1485,0.3369327767028891
1486,0.2510561744642532
1487,0.1980258768765817
1488,0.5051936112764474
1489,0.3389173696881855
1490,0.2908132140484905
1491,0.26370641008624385
1492,0.3571906877906577
1493,0.31039570721760507
1494,0.3869707380839774
1495,0.2935361573083068
1496,0.45129311046008824
1497,0.453026747041958
1498,0.42667472307259185
1499,0.46511611839411054
1500,0.48835986525029595
1501,0.3451746343743734
1503,0.20325126833263077
1504,0.3748973779803825
1505,0.3949737864819585
1506,0.3275665042387494
1507,0.4813612442585782
1508,0.47624053095651225
1509,0.30938874220020934
1510,0.3708527202404519
1511,0.3410112692845323
1512,0.22801143246789374
1513,0.5697640927393652
1514,0.48117953525731866
1515,0.5070319434008619
1516,0.4379436707616228
1517,0.31348739083487265
1518,0.5422939081778735
1519,0.433477534054031
1520,0.498025703734827
1521,0.32104229887817975
1522,0.09632837197975
1523,0.3660246975710302
1524,0.24267303752230804
1526,0.37417536639384225
1527,0.512259420108721
1528,0.4072174540406811
1529,0.4842473427121274
1530,0.37946986601480986
1531,0.4575231486537036
1532,0.4324821668566992
1533,0.38073777278453236
1534,0.3671181744239763
1536,0.5174484470078501
1537,0.304261881595776
1538,0.08790872833905983
1539,0.33808026908815964
1540,0.42019407870905323
1542,0.30508495671877073
1543,0.35995636864668773
1544,0.48575476042254356
1545,0.4168267662319874
1546,0.4736507560779036
1547,0.6756328201971054
1548,0.478498929459638
1549,0.4284704335488097
1550,0.41058810520027783
1551,0.38645798224345307
1552,0.5348892549406354
1553,0.435977817236166
1554,0.43424023237866316
1555,0.5695833471227107
1556,0.3906104700733243
1557,0.5274904858417223
1558,0.49000328649955627
1559,0.4859349302924723
1560,0.5329405794461362
1561,0.3356668083867852
1562,0.4186659317476706
1563,0.41624361407365085
1564,0.41511203225221827
1565,0.6261705013239157
1566,0.3467650753618107
1567,0.5148475947912191
1568,0.5753522040196588
1569,0.4697424919066904
1570,0.37212661051926965
1571,0.35029725552771407
1572,0.3838352397700572
1573,0.38484563832548296
1574,0.5211267838195205
1575,0.2859888550373294
1576,0.4608819605321489
1577,0.21995834813338602
1578,0.3309626831444605
1579,0.46084609663608966
1580,0.5505180764769958
1581,0.35297450252468177
1582,0.16093533168962504
1583,0.39868212707845374
1584,0.5645305454297238
1585,0.3269230487168972
1586,0.37164796480645956
1587,0.39847366563264786
1588,0.35220174060795284
1589,0.3353902984503106
1590,0.4726975901542799
1591,0.42805183992682216
1592,0.5265901557749614
1593,0.31320855239880463
1594,0.2785350665795338
1595,0.3602426588610626
1597,0.502804543688352
1598,0.41666403209342406
1599,0.4699208007305107
1600,0.49723402673627415
1601,0.4503742333467061
1602,0.4936556091487514
1603,0.20751487367360508
1604,0.5196165741855796
1605,0.43042170715210526
1606,0.5055792582104004
1607,0.3603210007453036
1608,0.3876085064069086
1609,0.5199875867371291
1610,0.3359587638259299
1611,0.5401452234669092
1612,0.436835651589522
1613,0.5043594245491904
1614,0.46161923873264876
1615,0.30434236763314043
1616,0.5377327523835189
1617,0.4929463215660148
1618,0.47075778055361317
1619,0.26675378467853184
1620,0.27645025033305043
1621,0.4221650074638125
1622,0.36021544375724807
1623,0.289279993227101
1624,0.46569226036610617
1625,0.3409669459499582
1626,0.42008894415123554
1628,0.47773161473806247
1629,0.4036820270315809
1630,0.45918303501887164
1633,0.3770111816226047
1634,0.4832096121456811
1635,0.42910471190669486
1636,0.4930999717279662
1637,0.5421516213351898
1638,0.4213497570052001
1639,0.202133170996211
1640,0.5260224348603164
1641,0.33406137077673376
1642,0.3906972104805628
1643,0.3643870434042817
1645,0.5325615276144492
1646,0.37368045739851985
1647,0.3088648399060234
1649,0.39901285432692873
1650,0.4835832943229214
1652,0.2519119930833916
1653,0.3996432481490825
1654,0.43930282017216443
1655,0.340905326570115
1656,0.5937980244954492
1657,0.44851342752725226
1658,0.5013876122606827
1659,0.37251222875478623
1660,0.2590669073547576
1661,0.44615658513702044
1662,0.5831293753924588
1663,0.3658233256443177
1664,0.4371390779329104
1665,0.5182028801250753
1666,0.3812164478026674
1667,0.28233505799930514
1668,0.43349344912114995
1669,0.4197979529802441
1670,0.5352450063470281
1671,0.48817406891113896
1672,0.34144029398406744
1673,0.40821723397089027
1674,0.3973556359611041
1675,0.11341896938947564
1676,0.35705043140224113
1677,0.18032201950251472
1678,0.5349662615309835
1679,0.4666662118228157
1680,0.32193956707726434
1681,0.6020197332151946
1682,0.34249682080465127
1683,0.35487404714841253
1684,0.3370965642577776
1685,0.3363330457596689
1686,0.5119656953570888
1687,0.363238346463834
1688,0.4351362973466472
1689,0.37086120912179893
1690,0.37744369768407426
1691,0.3953088118359064
1692,0.4847080438708566
1693,0.4948570967139068
1694,0.4772133812841837
1695,0.211336510506737
1697,0.4889580374666168
1698,0.41983443586995184
1699,0.40191334754326635
1700,0.4656151087557145
1701,0.4621344127845906
1702,0.35769027491287836
1703,0.4978840028368685
1704,0.3522742814197439
1705,0.48500492892110886
1706,0.441307445934447
1707,0.4852198322784945
1708,0.5050435055231655
1709,0.46541420561695046
1710,0.5798291298652404
1711,0.5270624271324086
1712,0.4365555543855222
1713,0.36773999725271506
1714,0.4655567318747316
1716,0.3738832809613917
1717,0.34314049240529804
1718,0.4810351426105645
1719,0.3915805617344726
1720,0.5535492018138812
1721,0.3850670333099766
1722,0.4936072737871364
1723,0.5480285789332314
1724,0.3123090599198769
1725,0.44658660406090195
1726,0.422855287507242
1727,0.46034843867705577
1728,0.4420628831657494
1731,0.3843808758510741
1732,0.29067887724308633
1733,0.46132016136462156
1734,0.45758296041872365
1735,0.3198426547263005
1736,0.49096289042359265
1737,0.462195266064777
1738,0.26896297241057987
1739,0.5396959337737605
1740,0.3828142958631784
1741,0.4019705553937987
1742,0.40605224873368717
1743,0.4765878201236641
1744,0.6403960666597913
1745,0.506971100307556
1746,0.2820697541015127
1747,0.3974770189788729
1748,0.5622027977032518
1749,0.4366810955570583
1751,0.47570000436076754
1752,0.41966211698734734
1753,0.34502374514269185
1754,0.4600483467069097
1755,0.4273767641638832
1756,0.4511581440055597
1757,0.387838979254097
1758,0.12124946642731278
1759,0.4289835640293631
1760,0.5411497234754448
1761,0.48153569352043235
1762,0.41064965476190485
1763,0.6383678933246718
1764,0.42631895467618036
1765,0.40942447312394253
1766,0.6073079924272657
1767,0.4005123278253243
1768,0.2824897270732978
1769,0.3558005366829585
1770,0.46633738624652743
1771,0.5243495950318892
1772,0.5082294615246865
1774,0.5925321619600427
1775,0.39597116071502636
1776,0.3820843779181454
1777,0.4443699233694072
1778,0.642201010022528
1779,0.3552293533548245
1780,0.43595564957279437
1781,0.29991751830868085
1782,0.41579059404067154
1783,0.5235352617396121
1784,0.38090265197686546
1786,0.4570427872770573
1787,0.297537420541686
1788,0.4442091585539252
1789,0.4536197856423337
1790,0.5155512873454855
1791,0.4521585800910317
1792,0.5271024524155611
1793,0.23527015147945504
1794,0.5128513136769519
1795,0.46825843621833
1796,0.4752153670542724
1797,0.5642283526336156
1798,0.3905063131039251
1799,0.372469191254498
1800,0.4842319083145539
1801,0.3563742216974899
1802,0.3862454885633711
1803,0.4020111915743113
1804,0.4539057450909285
1805,0.5117071060593907
1806,0.4613387222344386
1807,0.3118864507254914
1809,0.6300468737432809
1810,0.40224872177483906
1811,0.4568720238613531
1812,0.458590234003359
1813,0.5572806327533276
1814,0.036159107230673185
1815,0.48086458599562615
1816,0.5275229855792974
1818,0.57769007272806
1819,0.39214256514113816
1820,0.577585879171062
1821,0.3362251204023386
1822,0.5160238353238014
1823,0.4078204369499214
1824,0.4279707909451694
1825,0.4805743864533809
1826,0.5595205316326793
1827,0.5888073522170644
1828,0.5278738259413845
1829,0.4866938604839203
1830,0.4599381770296911
1831,0.5500864870289202
1832,0.5025866008683311
1833,0.2789587885123546
1834,0.31128694301562665
1835,0.37985454534569335
1836,0.12486852329506555
1837,0.386481413712191
1838,0.4718930675735998
1839,0.4600677926776552
1840,0.45980898315366875
1841,0.4405382980651859
1842,0.36448941197406964
1843,0.3963559791710727
1844,0.3675042463640395
1845,0.594230975078004
1846,0.4110910294733643
1847,0.3645463064095972
1848,0.3944472109314613
1849,0.496638388100547
1850,0.05679461814746844
1851,0.45746938454227914
1852,0.44354409342665385
1854,0.5356405481838363
1855,0.44121096537835863
1856,0.41719282734095275
1857,0.5461042722046701
1858,0.5282651281598546
1859,0.5042942040247023
1860,0.43979501906201357
1861,0.1684641973259054
1862,0.3368833562069367
1863,0.47940339600523185
1864,0.5100551487363363
1865,0.5163381063610374
1866,0.6152119551963937
1867,0.4391258199710475
1868,0.5076020944206197
1869,0.6085145458138922
1870,0.38481521046184514
1871,0.42394058887183583
1872,0.5565776344423624
1873,0.5407993803365971
1874,0.6644834542005091
1875,0.14096076826441767
1876,0.41578832129596915
1877,0.4577812091046288
1878,0.5209114409806066
1879,0.6762574027569073
1880,0.5166094691189368
1881,0.4716558644712631
1882,0.4785137964186428
1883,0.3624425001662158
1884,0.273930871857089
1885,0.36625253741120567
1886,0.43013632789052014
1887,0.4716681958405574
1888,0.48916725518296134
1889,0.44398742838641037
1890,0.3754809611760994
1891,0.34891253306051295
1892,0.44727421640567433
1893,0.4896195218743331
1894,0.41256357841077324
1895,0.42598037089103663
1897,0.3944468722328835
1898,0.41192118048677934
1899,0.5057404542648557
1900,0.44832319666933323
1901,0.48325668460095256
1902,0.5518923115869674
1903,0.5590888500868084
1904,0.33977187696691513
1905,0.5850130590190413
1906,0.6765696924770459
1907,0.6287667706882932
1908,0.5589714872958167
1909,0.32521545692322956
1910,0.625263147975453
1911,0.3983203741198988
1912,0.42874496861200745
1913,0.5667373128273117
1914,0.34019990144633716
1915,0.35804501786181925
1916,0.5352354254841599
1917,0.4866700542144161
1919,0.43749430092786984
1920,0.48868159273973927
1921,0.4192330475179259
1922,0.5324045031097441
1923,0.43391084245268785
1924,0.35893619696184315
1925,0.5429610352713184
1926,0.482367722612668
1928,0.48651189104598797
1929,0.5025122076590453
1930,0.6272579088967132
1931,0.4344975751059773
1932,0.4613365276498219
1934,0.35481809279825843
1935,0.577389790463722
1936,0.6036986662978667
1937,0.5499762476288625
1938,0.595446444727354
1939,0.40263451811549733
1940,0.48624230436995464
1941,0.4201643375219506
1942,0.5504711722821725
1943,0.3502462622476695
1944,0.44817934758675687
1945,0.4779302439186389
1946,0.5593056145869447
1948,0.5432085797932742
1949,0.38641514711833747
1950,0.7188134984613203
1951,0.5576272385019791
1952,0.5062269805676886
1953,0.4235560232222915
1954,0.4680764291058599
1955,0.41930041477330166
1956,0.5814690202198086
1957,0.4663420622206619
1958,0.6134230046948512
1959,0.48701018767148374
1960,0.5384430607128224
1961,0.46558799600263234
1962,0.3217460551074074
1963,0.5808641218272894
1964,0.40401156758935647
1965,0.5341577485353446
1966,0.3881851626261439
1968,0.5525337928984655
1969,0.5983969926364235
1970,0.27881722610429993
1971,0.45502411264166265
1972,0.3548252132610358
1973,0.3348983395332543
1974,0.09295907935389963
1975,0.38206633682589103
1976,0.5037210251102825
1977,0.1619450781089041
1978,0.3279464818014788
1979,0.47288231542673387
1980,0.466411594773749
1981,0.5493586540021649
1982,0.4066035351219781
1983,0.3801400931713462
1984,0.5867348279159041
1985,0.6030932620780796
1986,0.5381064979127202
1987,0.43366193317027046
1988,0.49151001653073684
1989,0.5273565550437914
1990,0.3019978467749245
1991,0.5270909085463186
1992,0.3764631866816904
1993,0.6253251534686791
1994,0.5805957371511409
1995,0.39648175219865306
1997,0.5888554532531003
1998,0.49839515869977175
1999,0.6089332292316888
2000,0.6200994638463163
2001,0.44098239118625115
2002,0.41796490330161157
2003,0.1982544394409868
2005,0.606682677915552
2006,0.423442845369136
2007,0.5237306627439398
2008,0.5901769647623919
2009,0.5155331234027809
2010,0.4989714780068676
2011,0.4600671626070003
2012,0.5371950581892962
2013,0.4449155854994344
2014,0.5167711520080521
2015,0.35074612367087227
2016,0.5921214610860659
2017,0.47890139352901195
2018,0.46022117373785604
2019,0.5755976680432171
2020,0.5442268323114606
2021,0.3876472756335133
2022,0.6187467263666179
2023,0.42326296252553375
2024,0.4994866830564207
2025,0.5549634027057652
2026,0.47724548790549964
2027,0.5105631054397787
2028,0.3609013439713276
2029,0.42849437736443063
2030,0.49456260806457963
2031,0.46309187449936456
2032,0.4353031066885816
2033,0.5461632285645704
2034,0.6835134418196265
2035,0.5342740589318723
2036,0.39262082484727945
2037,0.447176242476618
2038,0.43922160735491167
2039,0.36695828984976564
2040,0.2452601763309074
2041,0.526447446247902
2042,0.48663331904096624
2043,0.37999088166047623
2044,0.5479335280458553
2045,0.6539528726582167
2046,0.6285970177370521
2047,0.5542358146199223
2048,0.4120596216673563
2049,0.6697020171250618
2050,0.429879063594803
2051,0.4206600672709946
2052,0.3378659273191822
2053,0.5418303584456595
2054,0.43159027487900137
2055,0.18104500884795058
2056,0.5847300297506819
2057,0.34032279598358217
2058,0.46783044755827136
2059,0.10005879970570694
2061,0.6863405414948025
2062,0.46689067663453865
2063,0.5223062665853507
2064,0.6588793609061707
2065,0.18072747448924398
2066,0.06376861909697115
2067,0.4777934258964682
2068,0.3511966024896381
2069,0.23215769456203506
2070,0.5122230737956822
2071,0.44605219444121125
2072,0.5695790621471765
2073,0.43533377127435846
2074,0.6230273601113557
2075,0.5683081285178396
2076,0.41617774358181314
2077,0.3082882205835276
2078,0.5397252040034666
2079,0.639619952975383
2080,0.596566902731281
2081,0.6201188998180656
2082,0.5957971004492687
2083,0.5495884244414284
2084,0.5064167460239393
2085,0.5350857926057232
2086,0.5752090119496901
2087,0.5472327233747856
2088,0.667504322697169
2089,0.5130051850653498
2090,0.5882076287044199
2091,0.3923375266482104
2092,0.5570078323259593
2093,0.3544964507405535
2094,0.3230638181342012
2095,0.4698611073338461
2096,0.5705804756068875
2097,0.5690185932929858
2098,0.6530601637362133
2099,0.39244269305375995
2100,0.522928354147651
2101,0.5198846330523218
2102,0.54418853879036
2103,0.5199620167781357
2104,0.5620380114413088
2105,0.5629181598194603
2106,0.6286768040432794
2107,0.4695776066472974
2108,0.5881859634802263
2110,0.6411641116660096
2111,0.528312128634507
2112,0.45734767779105406
2113,0.7101170833105315
2114,0.6974213638834799
2115,0.5587750376859387
2116,0.5218308475346953
2117,0.3797797988285663
2118,0.38996718681428977
2119,0.5361251120738297
2120,0.47635104438166975
2121,0.33274711732218815
2122,0.5444362017621142
2123,0.41155874262846553
2124,0.43699006273706203
2125,0.7278677375574211
2126,0.4964884482108599
2127,0.6140611335405455
2128,0.449484816701008
2129,0.45168145123717013
2130,0.5777135314578425
2132,0.6522132219962513
2133,0.410337553817537
2134,0.4626914998199854
2135,0.547501905347727
2137,0.5250522044528309
2139,0.4197334744737982
2140,0.6632608623881024
2141,0.45521901128275605
2142,0.1142249527820661
2143,0.2133274261790197
2144,0.4127357934999598
2145,0.390293242727597
2146,0.4238540693983821
2147,0.4926463090573569
2148,0.2571179071970722
2149,0.5308620904469494
2150,0.5848984289811906
2151,0.4179440819595629
2152,0.5370027211457267
2153,0.6256647839741704
2154,0.6127987876096139
2155,0.7280276785857176
2156,0.5934961572096847
2157,0.6003552196425697
2158,0.5277523124627582
2159,0.2509645367860535
2160,0.5980018964778201
2161,0.4385475899810807
2162,0.6423487076504999
2163,0.6261049342089695
2164,0.5520534221599062
2165,0.6051598921469957
2166,0.3516933877969932
2167,0.36369571575024334
2169,0.515732667583312
2170,0.32320231457564885
2171,0.3687558147642775
2172,0.3081043937015569
2173,0.5426636752532491
2174,0.5759332261963153
2175,0.6806718526776273
2176,0.30443045640407884
2177,0.4354779815590797
2178,0.6556846928045081
2179,0.6711963772850833
2181,0.6560093762560862
2182,0.3794690510511481
2183,0.6095720632803443
2184,0.601873848862926
2185,0.4362920323662247
2187,0.7380514301400155
2188,0.661732706076793
2189,0.7248363556275882
2190,0.6062226190115115
2191,0.597320380664689
2192,0.6068450774367087
2193,0.4324173460065161
2194,0.6687523935961742
2195,0.3801214977023705
2196,0.5182342228332538
2197,0.7883108873095056
2198,0.5810772448592406
2199,0.3610284432534136
2200,0.5981267226333423
2201,0.619135793655013
2202,0.678052331032076
2204,0.7110081217200898
2205,0.59325386786576
2206,0.6859555211056397
2207,0.6373269477421494
2208,0.5974716036324798
2209,0.725618202491302
2210,0.6500988740672392
2211,0.4816526606887896
2212,0.2755529623906742
2213,0.46855261861056696
2214,0.5407329535820239
2215,0.5924570890668648
2216,0.43172891196167146
2217,0.649770226556844
2218,0.4867882951797141
2219,0.6707854909001255
2220,0.5446487528939759
2221,0.540230090091968
2222,0.6069600409863282
2223,0.6986023792588857
2225,0.5830672207422435
2226,0.3491086703166199
2227,0.6339803060180038
2228,0.4362483661978486
2229,0.6603399981482824
2230,0.43119685713310524
2231,0.6836309388282983
2232,0.46488020248666045
2233,0.6132810213574187
2234,0.5340980324409157
2235,0.5592492265618588
2236,0.5117030642694411
2237,0.543323161703517
2238,0.4010638866133522
2239,0.6553311813443865
2240,0.5616527231938068
2241,0.3464364295185056
2243,0.6091958615606304
2244,0.7280768322782345
2245,0.7177299441906144
2246,0.6234428571826767
2247,0.6659798441962624
2248,0.4822099107732061
2249,0.7291149723658624
2250,0.7102014458800071
2251,0.6968631363108184
2252,0.4753808825539124
2253,0.6304472924733914
2254,0.6535125236284681
2255,0.6116761486212984
2256,0.5741656381182164
2257,0.5281502365212468
2258,0.6268218145685057
2259,0.5631126239731957
2260,0.7004236244459139
2261,0.4896004884965467
2262,0.310113715135707
2263,0.25746619259288495
2264,0.4800782107217397
2265,0.6371616932915521
2267,0.3981929682868633
2268,0.6264979181881237
2269,0.6012723161371355
2270,0.3788052355594882
2271,0.6306949705743727
2272,0.4431008599882537
2273,0.7017292827611287
2274,0.5647122056278758
2275,0.6889640907170087
2276,0.476871825107785
2277,0.7212650609243707
2278,0.7402444594811173
2279,0.6784799917626034
2280,0.6101275769452661
2281,0.6014325804993305
2282,0.6012328339091939
2283,0.13289163362968243
2284,0.6556479147487762
2285,0.5451353552282409
2286,0.36923050074823704
2287,0.4086747627614755
2288,0.5504900108947176
2289,0.422071910083643
2290,0.6109780631898851
2291,0.5448491782206422
2292,0.790233608337884
2295,0.6090296323085529
2296,0.7215037795218497
2297,0.5470883222003041
2298,0.36298593993319117
2299,0.6007841926906073
2301,0.6773218832126686
2302,0.6549317003638573
2303,0.3811306609190344
2304,0.6574136027760806
2305,0.6567412097515043
2306,0.6803880940499858
2307,0.31031080948195633
2308,0.6186010196036195
2309,0.4803912379303147
2310,0.39912275003057435
2311,0.575405779058047
2312,0.5824565128127497
2313,0.7294892612263821
2314,0.6477574760637385
2315,0.7029024044327493
2316,0.5181311998533342
2318,0.64804781499317
2319,0.693269251341511
2320,0.562381253352104
2321,0.2466840172302965
2322,0.49270964297098546
2323,0.5971452832236661
2324,0.21798745361650673
2325,0.6744249575192666
2326,0.6625757247438365
2327,0.5824069622501535
2328,0.5670125408561907
2329,0.3792281621275346
2330,0.3762090003591087
2331,0.7160970995159
2332,0.4681447711340098
2333,0.5203172293558286
2334,0.7392172863348591
2335,0.37522556792669975
2336,0.5117335604441048
2337,0.6599597072036367
2338,0.7208031555507272
2339,0.44815090414486447
2340,0.43154866971534644
2341,0.5685712755847766
2342,0.25876190467473836
2343,0.4189181184043427
2344,0.6316573704339521
2345,0.7616006298639237
2346,0.3825340497265652
2347,0.3439282899129768
2348,0.47262109403099706
2349,0.5852859065699257
2350,0.6386414257157895
2351,0.2890496305311222
2352,0.5123054034839524
2355,0.6863905407016597
2356,0.4586541375414354
2357,0.7832364047237571
2358,0.3662209577214773
2359,0.5768170144855275
2362,0.4387525714449197
2363,0.576668807933072
2364,0.5956070214589172
2365,0.6717947616214429
2366,0.4071932847813035
2367,0.7077415174981495
2368,0.6177662164157864
2369,0.7611983721349644
2370,0.6535714863996313
2371,0.7139007566091626
2372,0.51288261116057
2373,0.7504079997831582
2374,0.6096010366194281
2375,0.6277988001918625
2376,0.49458709153276204
2377,0.7388429898748594
2378,0.754879776179307
2379,0.5767920697700725
2380,0.7706622352479057
2382,0.6867610381492462
2383,0.78886701469791
2384,0.5411601878546116
2385,0.45529860055186644
2386,0.4759063366593089
2387,0.5508605451127938
2388,0.4901334429693423
2389,0.6093262612439642
2390,0.7077870178142182
2391,0.49177400304744867
2392,0.727859212885921
2393,0.7946810288835953
2394,0.6859395830964562
2396,0.6972262874400452
2398,0.5885264705102354
2400,0.6939521767593217
2402,0.41218821671067896
2404,0.7149183644486329
2405,0.6523333250009118
2406,0.6703494699900343
2407,0.42997026425333384
2408,0.6285490467463871
2409,0.4584533699572776
2410,0.4878621718619868
2411,0.6868910622356595
2412,0.6258086968285985
2413,0.6684798788764119
2414,0.7126409366401002
2415,0.6345062145153286
2416,0.6669837110443175
2417,0.4872702266451302
2418,0.704955080696813
2419,0.5593701046517957
2420,0.5495662086543205
2422,0.5594817154366202
2423,0.6497656483931429
2424,0.48936722742381605
2425,0.7848744919994189
2426,0.618354677823521
2427,0.6369489341662661
2428,0.6731917538901149
2429,0.7331261580074035
2430,0.6999088444069317
2431,0.4799501762962929
2432,0.6162429414378698
2433,0.6464270488734094
2434,0.6620338393177168
2435,0.6766231850456708
2436,0.6870754605743309
2437,0.4920618949596106
2438,0.432354114369108
2439,0.6321464339980263
2440,0.5940465713610378
2441,0.7054729189718899
2442,0.4559043598084491
2443,0.6767412082197647
2444,0.3406021062922189
2445,0.5015379796535049
2446,0.6633234141173828
2447,0.6479159086828263
2448,0.5507898847094399
2449,0.7637084724622297
2450,0.6699720341381251
2451,0.6987818349809062
2452,0.4654045544962628
2453,0.7060894378060607
2454,0.7061550297475204
2455,0.512279096937553
2456,0.7583910464644686
2457,0.7198420051820547
2458,0.5914543723140112
2459,0.6803292639665006
2460,0.6989191589898776
2461,0.6312502578504322
2462,0.7512332499989715
2463,0.5338426960112373
2464,0.5782161394917567
2465,0.7668877539278747
2466,0.4103690197916149
2467,0.7120051605250161
2468,0.46636788632310217
2469,0.5430731765915808
2470,0.7463672993845809
2471,0.5670821835484542
2472,0.398962736126096
2473,0.4478729017519737
2474,0.6210046287163206
2475,0.6864401213247562
2476,0.764857554024203
2477,0.5714730092720924
2478,0.6083097649361109
2479,0.712636461137945
2480,0.5083390284116035
2482,0.6717842001572167
2483,0.5803932820119729
2484,0.511296807600694
2485,0.6604409366659371
2486,0.3828538149542702
2487,0.42403926981130247
2488,0.6094993893506732
2489,0.5263865912537246
2490,0.7861980942743906
2491,0.5261812243813995
2492,0.7257348387007965
2493,0.3842498025971785
2494,0.7231494709358933
2495,0.6455258713177054
2496,0.758960899611883
2497,0.5591226053998604
2498,0.4702649555924152
2499,0.7073714624218078
2500,0.19990828530337373
2501,0.5984689176637198
2502,0.6144106077921726
2503,0.668670116451179
2504,0.41271429952347266
2505,0.7124450280569872
2506,0.654297660820553
2507,0.7094162470859045
2508,0.4340632581763254
2509,0.2351854668309129
2510,0.7531358777494627
2511,0.48663988164836125
2513,0.4830535895271222
2514,0.705621412677944
2515,0.7284614300186616
2516,0.39722103195598196
2517,0.7153467092554612
2518,0.7622343423365114
2519,0.562139967421643
2520,0.5887113074750789
2521,0.7508197253595471
2522,0.4748667317131573
2524,0.3095619482378169
2525,0.825039099755942
2526,0.6535640953101249
2527,0.6083463329278554
2528,0.5300042424168916
2529,0.5705564527383042
2530,0.4863446960184806
2531,0.6765743163267824
2532,0.6280211474559985
2533,0.5653800454362825
2534,0.7009724854539241
2535,0.6089897665954038
2536,0.6391135399088475
2537,0.5119637453716664
2538,0.7059052482188107
2539,0.5091983242010495
2540,0.5651755493450916
2541,0.5634056271905136
2542,0.5313636182652026
2543,0.8206664953948846
2544,0.7297252179440349
2545,0.4746881933287922
2546,0.7364093398054667
2547,0.5618550799326095
2548,0.307810624808374
2549,0.6893064476436819
2550,0.5359517977904144
2551,0.5851324289361969
2552,0.7432452286726013
2553,0.6909441971898643
2554,0.724902983555605
2555,0.6425889810391714
2556,0.7261060431726887
2557,0.5503013535699777
2558,0.5993748898322602
2559,0.7704091146653813
2560,0.7173654634362066
2561,0.5181219357459343
2562,0.560185783809779
2563,0.740099465067599
2564,0.6826930193519809
2565,0.8322114304266508
2566,0.5959153285162241
2567,0.7053616647934705
2568,0.6019423159894494
2569,0.6475131587916569
2570,0.6556990081204387
2571,0.4760787594780001
2572,0.6391764829180738
2573,0.47946340200681814
2574,0.45500854078683206
2575,0.6630179403802952
2576,0.5779071062611448
2577,0.694579100912016
2578,0.6761284638626666
2579,0.6465907164696799
2580,0.6533545071813892
2581,0.5164153382190064
2582,0.4859541776343414
2583,0.40215210951449754
2584,0.6781200993863706
2585,0.4809901195360855
2586,0.7579150249337429
2587,0.5491290110779291
2588,0.5452860772542235
2589,0.6715653111770032
2590,0.73115986617169
2591,0.7581796132373174
2592,0.5220750563060772
2594,0.7895148594415126
2595,0.6843480983360594
2596,0.508324808890027
2597,0.6011368891930055
2598,0.7627299044676806
2599,0.4510666906586444
2600,0.5821460828099766
2601,0.7256883456147692
2602,0.6142190297444454
2603,0.7497248043011282
2604,0.5829156520580702
2605,0.4775802928746594
2606,0.6840121331656709
2607,0.6603005214756504
2608,0.6679117222371587
2609,0.7512289935084777
2610,0.7511904867534741
2611,0.7895805587009906
2612,0.725284987809742
2613,0.6948843454607259
2614,0.688139216256395
2615,0.8176676750450096
2616,0.787550150036092
2617,0.8148228895000283
2618,0.7766195154549727
2619,0.6265038286264163
2620,0.6848984242268391
2621,0.5463396683461206
2622,0.7103731792108322
2623,0.5060602565225749
2624,0.5226328968995971
2625,0.7566276670552627
2626,0.7794657242140248
2627,0.7584485513117288
2628,0.3929845638000745
2629,0.6695324767349917
2630,0.7589360881549609
2631,0.5806441629636829
2632,0.662742093156365
2633,0.656899443510367
2634,0.650933236692774
2635,0.6470196331077878
2636,0.5741685201307165
2637,0.7012098160005928
2638,0.6530099588237466
2639,0.627412383045603
2640,0.757507217486063
2641,0.4929478155087526
2642,0.5998507544759322
2643,0.39161332611823557
2644,0.4942800550609456
2645,0.3961600724550926
2646,0.5172218640122536
2647,0.5921539576916685
2648,0.6134928203997287
2649,0.7486819311234785
2650,0.6001679399692574
2651,0.7127487820572872
2652,0.6724486707500005
2654,0.7140502600180465
2655,0.5983865462335478
2656,0.6554000292009133
2657,0.6388393445702946
2658,0.7366043221051771
2659,0.7879216040220492
2660,0.6049932919137163
2661,0.7562016792857723
2662,0.7427950635896823
2663,0.42348571131759916
2664,0.5842078873709813
2665,0.6400596688017074
2666,0.5493705702432303
2667,0.45502168385978603
2668,0.8068164883677199
2669,0.7158022640544972
2670,0.40412665202667786
2671,0.604676894222926
2672,0.8037270925929221
2673,0.6764174286633288
2674,0.8117583818800537
2675,0.7659722941224993
2676,0.6487284580432416
2677,0.8251652336210878
2678,0.6555784747551261
2679,0.475331651760175
2681,0.7904667534054782
2682,0.4058540149250338
2683,0.6801555991658945
2684,0.09781047943936494
2685,0.7449576753823732
2686,0.5031693589070222
2687,0.5376192570030528
2688,0.7676665982867585
2689,0.8056332693398478
2690,0.618715392631542
2692,0.6388674231647018
2693,0.6098644439937969
2694,0.7445451275491346
2695,0.4386372510367694
2696,0.7800113998992647
2698,0.4996626637729923
2699,0.5325246412028806
2700,0.6518820101899844
2701,0.6826586358075113
2702,0.37019507616760666
2703,0.6300430097207117
2704,0.7436698259934899
2705,0.5889076002456322
2706,0.7394298882242415
2707,0.35499747557893646
2708,0.6222897594977534
2709,0.7391561393297844
2710,0.7635623793554215
2711,0.7136404336711041
2713,0.03684681091862981
2714,0.4299420856593376
2715,0.729095052841533
2716,0.7044858146817873
2717,0.7727410213928986
2718,0.66667374301545
2719,0.780434190966975
2720,0.6455578451764528
2721,0.7443951443247744
2722,0.6541884085819497
2723,0.8357124995105815
2724,0.6886911770026907
2725,0.5132991279948359
2727,0.34191392948686167
2728,0.8253572096616817
2729,0.6725998225459275
2730,0.3887338321622459
2731,0.4582277885061693
2732,0.6205908981654262
2733,0.7601632869443579
2734,0.7488401391711902
2735,0.5056957636510374
2736,0.8426971348407061
2737,0.6727042248177009
2738,0.8229395532446822
2739,0.6601538202743135
2740,0.6861230335179922
2741,0.43984268292939416
2742,0.7284428712961738
2743,0.6810155578386392
2744,0.8400166371677695
2745,0.6519342109763391
2746,0.6358149205296922
2747,0.6854177246927123
2749,0.676867845166076
2750,0.3026644685164276
2751,0.5794971038320402
2752,0.4852665083953498
2753,0.7713982814796867
2754,0.6400608696795309
2755,0.2850612506315627
2756,0.49137319189870704
2757,0.5367309006142945
2758,0.5733776043195146
2759,0.5468570833857676
2760,0.798302288613152
2761,0.7557472736032446
2762,0.6742401867212696
2763,0.643059932389496
2764,0.7855555704705932
2765,0.8287724510114978
2766,0.6016057484957761
2768,0.8078410289855006
2769,0.7529165122577208
2770,0.7181900324713189
2771,0.6366835934951718
2772,0.7379191383762543
2773,0.5281552666211426
2774,0.827738291844824
2775,0.6396122275939102
2776,0.8131332174133823
2777,0.6958917376041313
2778,0.6760687771289585
2779,0.8454011487405624
2781,0.8659074291709833
2782,0.8498731077522987
2783,0.7557520090310264
2784,0.4233272680683718
2785,0.5816556405296334
2786,0.6889578391733389
2788,0.7701395150142574
2789,0.5399306110599923
2790,0.7998277349066509
2791,0.6461032998835352
2792,0.7954837053094989
2793,0.861751946682186
2794,0.7584701361797122
2795,0.6539446674016414
2796,0.630151290265882
2797,0.8191381232609949
2798,0.7674708919944632
2799,0.5196387244158601
2800,0.825693426035299
2801,0.7454841749497713
2802,0.7552136741930284
2803,0.7425270157448153
2804,0.6506107492178884
2805,0.7930091256400426
2807,0.7185898741725374
2808,0.47610139417217956
2809,0.6858334344694702
2810,0.7599106656820263
2811,0.5983272015718202
2812,0.7934110651567626
2813,0.8130283690339779
2814,0.8232299891805128
2815,0.6758286545140452
2817,0.664976652667038
2818,0.747902668219581
2819,0.7124242801172894
2820,0.8402737314894785
2821,0.26827230113286793
2822,0.799046300729511
2823,0.5016173514511539
2824,0.6409163391151788
2825,0.5962310251188199
2826,0.6377034706180295
2827,0.7467660166779366
2828,0.5297149548492642
2829,0.7661993632900299
2830,0.7322531846158182
2831,0.47684067508742584
2832,0.676455449087738
2833,0.7426799151140099
2834,0.8876109777299881
2835,0.7683842889274705
2836,0.5616862895073108
2837,0.48185852612250196
2838,0.8421449551551925
2839,0.6677042703328939
2840,0.6510691768526645
2841,0.6423454123610516
2842,0.6090572718726549
2843,0.7131169162463997
2844,0.5032635181793323
2845,0.7526835600201524
2846,0.6167370691479929
2847,0.7925043841600014
2848,0.8388756446108209
2849,0.5553351828831105
2850,0.6948057901351781
2851,0.7293898707527948
2852,0.7134544140414194
2853,0.8427160827445662
2854,0.8608191620329971
2855,0.8805926632843692
2856,0.529006405359638
2857,0.741041237158155
2858,0.8138857801424058
2859,0.8282480439470354
2860,0.7440320579470571
2861,0.7645753614838074
2862,0.8139555222281413
2863,0.22036803819896608
2864,0.8041830991399086
2865,0.715427690814806
2866,0.6106476362258998
2867,0.7506514645724591
2868,0.7375981407515849
2869,0.4302199273293666
2870,0.759012324870175
2871,0.7341085572150721
2872,0.7099433873036701
2873,0.7323652535467631
2874,0.854250128365473
2875,0.5544398738116392
2876,0.7639647577227565
2877,0.7966764479893126
2879,0.8008342968474194
2880,0.548186489129901
2881,0.7552083966698759
2882,0.8493578427262748
2883,0.327632721064689
2884,0.6237299913716156
2885,0.4753924841478963
2886,0.8141868348052899
2887,0.7712450514029882
2888,0.7913770155347337
2889,0.7471488604752947
2890,0.8088280261600133
2891,0.8346072070359909
2892,0.6634454540234309
2893,0.7187673121477077
2894,0.820493190869021
2895,0.6475443593735647
2896,0.7947269885220848
2897,0.8109716449699943
2898,0.8189589790763082
2899,0.7699297075099066
2900,0.7544501245863015
2901,0.4664429096175939
2902,0.6381966513960616
2903,0.7411764564896182
2904,0.7194438804905711
2905,0.7868433319540932
2906,0.7808970940771508
2907,0.8217716190637869
2908,0.7444893113465402
2909,0.8659466752966779
2910,0.7731088644992721
2911,0.7200857019833281
2912,0.8617829526869943
2913,0.4543607723711994
2914,0.5617877738018603
2915,0.6882456657885333
2916,0.6218605653977666
2917,0.7408971536603433
2918,0.5788523811931825
2919,0.8304573943115963
2920,0.5923829875270652
2921,0.5548704069988574
2922,0.438737807223915
2923,0.7803672611977246
2924,0.5287413852227877
2925,0.7074966276536041
2926,0.8192237469383812
2927,0.637454930355677
2928,0.6258872456846145
2929,0.7293511342807933
2930,0.6004813940061727
2931,0.6350765681932633
2932,0.45411975285632755
2933,0.8738148002651833
2934,0.8094612110390405
2935,0.8177651442105796
2936,0.4702362412230295
2937,0.7720635255467428
2938,0.5470876898751176
2939,0.7079859051276558
2940,0.6278848912757764
2941,0.8282048711600095
2942,0.8157283430717354
2943,0.8104971167714254
2944,0.8234227965559148
2945,0.4213822032134917
2946,0.7430592140235881
2947,0.8106626394960182
2948,0.8695750452890689
2949,0.7916996946048186
2950,0.6891031479180373
2951,0.6545589821125485
2952,0.6928634472669545
2953,0.8346357433419994
2954,0.852872095653072
2955,0.7931665472642626
2956,0.825283541016374
2957,0.8384819635615429
2958,0.7730142183559892
2959,0.795242037813055
2960,0.6697098730162525
2961,0.8221771848286877
2962,0.817998388820048
2963,0.716382111713336
2964,0.585130204229635
2965,0.873300557538071
2966,0.7102392466720895
2967,0.8099550207603258
2968,0.8195133083722401
2969,0.5867195596040223
2970,0.8425692353405593
2971,0.7515853316818422
2972,0.8451457002963931
2973,0.8016749544314796
2974,0.636051458578976
2975,0.8482440891294639
2976,0.655506440381427
2977,0.8407023128491418
2979,0.7698913946548175
2980,0.7804095003460808
2981,0.7193328443322535
2982,0.7028402000454816
2983,0.6517448823988585
2984,0.8468260004766379
2985,0.7692129690669177
2986,0.7564061810719743
2987,0.5298751147263775
2988,0.8557761862554155
2989,0.7004443667966371
2990,0.7830857559168813
2991,0.6833007796798326
2992,0.8084631496716824
2993,0.7287557454650125
2994,0.8435376379393464
2995,0.765590971215337
2996,0.8802000392810173
2997,0.7065272973102305
2998,0.8755271454751763
3000,0.7077191378567094
3001,0.857911615706887
3002,0.8736778533544495
3004,0.8986363872421536
3005,0.6460780625472131
3006,0.8794228299187197
3007,0.8697604377227766
3008,0.8821184364732156
3009,0.7840466056268044
3010,0.8562761134423023
3011,0.6732533705462258
3012,0.8007685183370483
3013,0.7630706035136975
3014,0.6918219069875906
3015,0.810226119942529
3016,0.8263301925808325
3017,0.8302778943101193
3018,0.8693421448289095
3019,0.7615791124219016
3020,0.8130832498647383
3021,0.846268140193212
3022,0.41842590858390455
3023,0.552831391760734
3024,0.8491410609163621
3025,0.8207184388203161
3026,0.888153051168841
3027,0.8560229462127729
3028,0.8684858832204586
3029,0.7748966616416151
3030,0.8089961922103932
3031,0.8682685832324479
3032,0.5155537535779597
3033,0.7478152985069593
3034,0.7400816945802501
3035,0.8280577181065675
3036,0.8484330113106586
3037,0.7227058669062176
3038,0.8245271185479248
3039,0.7908950003483287
3040,0.673633483695759
3041,0.6347624112125829
3042,0.8102702214268485
3043,0.7515901607091245
3044,0.7037778956370057
3045,0.6710623593400524
3047,0.7617792829055867
3048,0.7845569948338853
3049,0.8176441427198412
3051,0.8223653766699619
3052,0.5419986880066865
3053,0.7258880678901894
3054,0.8291255025302396
3055,0.7752212850269
3056,0.8076974500659654
3057,0.7464757932126967
3058,0.787631053927078
3059,0.7340956993609346
3060,0.6816345779994151
3061,0.7982091224372332
3063,0.8578985955201711
3064,0.7818430418267357
3065,0.8695429327085105
3066,0.6999597514742443
3067,0.8407048422944372
3068,0.8942301074802782
3069,0.8824864052560596
3070,0.8075306710527805
3071,0.7565883435949731
3072,0.8000973207306894
3073,0.7977052298479615
3074,0.8706231265240391
3075,0.742175759603687
3076,0.7696641563235518
3077,0.46424020606711436
3078,0.802258425439392
3079,0.8159575467430188
3080,0.37877621915477266
3081,0.7260816750686893
3082,0.8274714422255961
3083,0.8576405416093089
3084,0.8282049081606367
3085,0.8428024943062279
3086,0.46941426680940673
3087,0.5344015809918118
3088,0.788307405376669
3089,0.42926336426543665
3090,0.49158700565076746
3091,0.7578567861836986
3093,0.7340293411617662
3094,0.663135669374216
3095,0.6803125494826794
3096,0.8587267421505426
3097,0.6854509385104552
3098,0.6301186315130356
3099,0.785636693098197
3101,0.8247605990902909
3102,0.8299233104894399
3103,0.8140159374472119
3104,0.7607019315125134
3105,0.8467260242233987
3106,0.6473446580895454
3107,0.8378202164170916
3108,0.8011101930505771
3109,0.7953502310869425
3110,0.781845795909777
3111,0.4400273333955535
3112,0.8273215833525089
3114,0.8145008818077037
3115,0.19807990714151877
3116,0.4865652084095935
3117,0.7066581114654077
3118,0.8105209131554234
3119,0.8415563419292053
3120,0.7531945038466892
3121,0.5706268487895977
3122,0.7108141645665789
3123,0.6494786378015469
3124,0.8219885840062868
3125,0.7651180689175252
3126,0.6415031797331875
3127,0.6398239885052455
3128,0.8117527884433953
3129,0.6717305269689475
3130,0.8049198788792273
3131,0.47866459196668604
3132,0.6918089141839051
3133,0.8768991259245447
3134,0.8503444193228211
3135,0.7698706376492498
3136,0.7355288365447297
3137,0.803788832557798
3139,0.7995245611859414
3140,0.7398858788651939
3141,0.8635548233107838
3142,0.8554293943172122
3143,0.729787560433962
3144,0.7470645553053766
3145,0.7869699712974777
3146,0.4073113855203934
3147,0.7358891771916732
3148,0.8515103113007328
3149,0.5880582498155515
3150,0.8310678442213142
3151,0.8138780994359812
3152,0.7356362361138437
3153,0.7751114507363754
3155,0.6749794824448704
3156,0.8456245615887275
3157,0.8773506227382628
3158,0.808612737476482
3159,0.858859122444209
3160,0.829075482525061
3161,0.9078160958088362
3162,0.7689723625128696
3163,0.7566754484666913
3164,0.6124040519539611
3165,0.5613890624566148
3166,0.5334936656802023
3168,0.7059321585072457
3169,0.573327306541373
3170,0.8093015515576013
3171,0.8269540970335072
3172,0.7941066861480799
3173,0.5588601688155249
3174,0.7531610618531707
3175,0.5869661436584743
3176,0.5163760541575348
3177,0.83743402378515
3179,0.8618249766672061
3180,0.7277113652231411
3181,0.8256171948746225
3182,0.9255489568048164
3183,0.3137182740153542
3184,0.6062249897922947
3185,0.42110873779533287
3186,0.4564752486592196
3187,0.6800416208779385
3188,0.5920275419938893
3189,0.8929110542102854
3190,0.7510299627542214
3191,0.6987245599690205
3192,0.5966959699503852
3193,0.823860268639012
3194,0.7733045406823676
3195,0.8215218148640253
3196,0.866173843152187
3197,0.7388635963035222
3198,0.8254865693327266
3199,0.7827358512224893
3200,0.708127331712722
3201,0.8742068478819212
3202,0.8000036230279375
3203,0.441072238390708
3205,0.8651729258552421
3206,0.8002815942516246
3207,0.6177783192180252
3208,0.8019915041938721
3209,0.7753050753418146
3210,0.6925022047514406
3211,0.9026970627130001
3212,0.9109306527850195
3213,0.7743969807865029
3214,0.8387328086892472
3215,0.7025004603955617
3216,0.6863843330395798
3217,0.7951263599702033
3218,0.8083575414387633
3219,0.8215370749436205
3220,0.7673937843221665
3221,0.8720440908325876
3222,0.8841698321525868
3223,0.8284174792912761
3224,0.7648516104756974
3225,0.7393640301145024
3226,0.7222424649973341
3227,0.787309851473833
3228,0.7368920621231495
3229,0.7713343897299114
3230,0.5591607112365807
3231,0.7756941051534927
3232,0.7602680482960211
3233,0.5113218273242923
3234,0.8846992069011324
3235,0.6701221172579178
3236,0.7628414274627503
3237,0.8455733731571041
3238,0.881984599325153
3239,0.7834377957549057
3240,0.8604497685795286
3242,0.8566390710587063
3243,0.8905137150726122
3244,0.8223820896674985
3245,0.8015893269577634
3247,0.8572330190896743
3248,0.882544184426707
3249,0.7933385889609753
3250,0.7497102885580462
3251,0.8175263870641553
3252,0.7345335509817802
3253,0.773906220471784
3254,0.7804200324694678
3255,0.7114476673208638
3256,0.8145757570454843
3257,0.8292234191037413
3258,0.7968566753609672
3259,0.7687808467290631
3260,0.8174866315546814
3261,0.8307169083646697
3262,0.8083962245994354
3263,0.42011376376443643
3264,0.9191881396708226
3265,0.8078685746193095
3266,0.8528782989087279
3267,0.8705515088907347
3268,0.8693418292144187
3269,0.6433216127838769
3270,0.5045368873646636
3271,0.8453205839165326
3272,0.8135503847683305
3273,0.6980235455778975
3274,0.7656086414886822
3275,0.5925666262412784
3276,0.830589092340308
3277,0.6406291482019943
3278,0.6705677682929759
3279,0.7604416768622543
3280,0.7082584691022643
3281,0.500354144741096
3282,0.8074001028882266
3283,0.7864389052152634
3284,0.7716521316041353
3285,0.7987641741377417
3286,0.8267656768610382
3287,0.7807482559165728
3288,0.6828183509325071
3289,0.8802444949757494
3290,0.8729641974340774
3291,0.8472342822789449
3292,0.8936084357857336
3293,0.8110242608343468
3294,0.8293210868912274
3295,0.8422818556080648
3296,0.741124519130106
3297,0.5463889111827281
3298,0.6740959974892903
3299,0.8870138705970937
3300,0.897251059767079
3301,0.6927177659185543
3302,0.8744684818342177
3303,0.5825042354038179
3304,0.8490302029251079
3305,0.8638677524901618
3306,0.7545944164022361
3307,0.52047687142929
3308,0.6843410787217545
3309,0.830105956163165
3310,0.8381427733513699
3311,0.8558701298303767
3312,0.7192250741054963
3313,0.87644076364105
3314,0.6373075472252108
3315,0.7311784100232915
3316,0.8676428055904366
3317,0.8567308655594299
3318,0.7004136806675073
3319,0.8519719712921875
3320,0.43801137760308245
3321,0.7145918339566212
3322,0.7719133163526974
3323,0.683428338607579
3324,0.8556057629076687
3325,0.694378624597536
3326,0.9209896722832461
3327,0.8637968957615931
3328,0.5384246532006517
3329,0.8798004673274259
3330,0.8996078553538747
3331,0.8528371503695803
3332,0.8653938530299797
3333,0.7755863415994566
3334,0.8265357582416099
3335,0.8556645290504046
3336,0.7498465234338164
3337,0.921977724437003
3338,0.9101965627332164
3339,0.9061127794781811
3340,0.9170853756125648
3341,0.8324553436939927
3342,0.4395034338489932
3343,0.9092801151837387
3344,0.8792935767940687
3345,0.8139241733660022
3346,0.7675059147516592
3347,0.8225089991842185
3348,0.5948806843118469
3349,0.8929730547302329
3350,0.8205058220235198
3351,0.8603694583813677
3353,0.827223629491603
3355,0.8516969579103536
3356,0.7484010321679826
3357,0.8505384801547375
3358,0.8327492383646722
3359,0.7781571167123342
3361,0.8864094117580552
3362,0.9040338486386881
3363,0.8603069531699585
3364,0.730063726887116
3365,0.8624230248761191
3366,0.9254266270327128
3368,0.7295279576374177
3369,0.348387076065475
3370,0.7080809130028063
3371,0.3732393353195496
3373,0.47340338344477334
3374,0.8497990446568422
3375,0.8637705257134533
3376,0.8279605561405835
3377,0.8517667955570932
3378,0.7128767985199777
3379,0.7721783245236148
3380,0.587934633776343
3381,0.7867615092884325
3382,0.7789226907429304
3383,0.6794438541983981
3384,0.881258642426497
3385,0.8268664215038517
3386,0.8673925018225912
3387,0.775345004822479
3388,0.7652684500390239
3389,0.8146395866533387
3390,0.6113938183719783
3391,0.8027694236969763
3392,0.8786099522593238
3393,0.614864988173656
3394,0.8824981712709796
3395,0.1610162144058269
3396,0.7535951116023529
3397,0.713939611065974
3399,0.10563659747303823
3401,0.06182363907545022
3403,0.4308804636861672
3404,0.19078134294348176
3405,0.6212253933551535
3406,0.22465434100429715
3407,0.09188807067689267
3408,0.3554908830544714
