1,0.2159248158876626
2,0.1360690043442754
3,0.24561118086812384
4,0.2602318376776422
5,0.2394593832032721
6,0.3115438165756469
7,0.27436731170439405
8,0.15201466886826492
9,0.23943255481743808
10,0.2953234057058755
11,0.19324723706470692
14,0.2570450436734049
15,0.31352166967298906
17,0.1589656273630184
18,0.3090385434236182
19,0.3595733970481662
20,0.30725154486017153
21,0.16162498978354053
22,0.18197562361822037
23,0.15095576062817354
24,0.20604063860801097
25,0.17301795171514808
26,0.1825721512448005
27,0.18604984721713505
28,0.20774240277437822
29,0.3055248946523711
30,0.26359089391996193
31,0.2893216500175517
32,0.1705962194402939
33,0.16552426198549888
34,0.1900128293897266
35,0.2598200239149459
36,0.18851357165349203
38,0.19319747676774482
39,0.268368619872712
40,0.15784208449604378
41,0.33479154761433055
42,0.30994058793015583
43,0.2305712349596329
44,0.2257605628297955
45,0.20351903331568819
46,0.2877013812484299
47,0.32829960827924215
48,0.16572546527209192
49,0.2896269978962579
50,0.17778560122152742
51,0.20162969707715728
52,0.26454011371216324
53,0.1688644260709785
54,0.28008518595114096
55,0.2348131588162393
56,0.15403438447060191
57,0.28166678676139983
58,0.23140462373909587
59,0.3005859737203483
60,0.24470064805146918
61,0.23335702083426066
62,0.19896811170480744
63,0.16305179084607463
64,0.18043373395889933
65,0.17174389568724285
66,0.21513741217619023
67,0.17640106199267042
68,0.195364436163033
69,0.1604042330965373
70,0.16600732304185298
71,0.1843674657843778
72,0.21788578496708674
73,0.14875691875214633
74,0.19039656091879673
75,0.18005943958975182
76,0.21333503760957975
77,0.21089145036493512
78,0.21402000389672157
79,0.23701649172609646
80,0.13641421279364627
81,0.192573147104815
82,0.187273181038621
83,0.22834732983341421
84,0.2120492675919666
85,0.20526258245767076
86,0.1466758607302828
87,0.17271331769162607
88,0.2579145081282821
89,0.17735937953077316
90,0.16420490426603437
91,0.21089697114877545
92,0.2147853094608155
93,0.1933035866052948
94,0.21599319629305122
95,0.18937355698752126
96,0.23288699767009766
97,0.1865664614721336
98,0.19057142503195482
99,0.2127514455084381
100,0.18492657307934776
101,0.2447796186450258
102,0.15610780784939507
103,0.25418888092917297
104,0.17416131812063368
105,0.22519661260427293
106,0.16992720688491222
107,0.16454504591014274
109,0.1885066426685268
110,0.21618618876844983
111,0.23777904674689002
112,0.15990767478717946
113,0.16480957933296853
114,0.18331443857750515
115,0.16248546342152778
116,0.2593847514581301
117,0.1653769746091416
118,0.16482107599871249
119,0.19197414335928986
120,0.22546294246395074
121,0.23893861381150566
122,0.21254682766566102
123,0.21710606086518883
124,0.18048042317448892
125,0.23782796910526185
126,0.21659989557965878
127,0.19327633578981646
128,0.21553036882311594
130,0.17818767307444794
132,0.258175347163486
133,0.22781991079058464
134,0.21545208411636152
135,0.15758807414970752
136,0.14579503161333165
137,0.18303440134980029
138,0.21907625100941328
139,0.20297347815307995
140,0.16661402251765964
141,0.1309482374455882
142,0.18610755860663303
143,0.2233170807875548
144,0.22854007304359247
145,0.23338647495116782
146,0.1305678516658252
147,0.2268925604200317
148,0.22699770648075598
149,0.17575697766519285
150,0.2528455877737568
151,0.2053222362580533
152,0.14109621123663213
153,0.21166353515109534
154,0.216139036637292
155,0.19592085021238723
156,0.24917952674542848
157,0.14190856821579698
158,0.15784425711418346
159,0.2393466332803959
160,0.2157661669756339
161,0.27039772950561314
162,0.30953787977471575
163,0.1572364254867499
164,0.20752921358853615
165,0.24163655960810781
166,0.1828072145999158
167,0.24308222886224345
168,0.1845276168400899
169,0.20628815330489517
170,0.15594283534037215
171,0.28064460815875164
172,0.05265893946102119
173,0.32185369628221067
174,0.1770987474479544
175,0.1274297484918752
176,0.2033550439103678
177,0.13678894656908971
178,0.25562040211378956
179,0.25844598931649826
180,0.1808888618172171
181,0.27231214718097757
182,0.20398482864632791
183,0.1569115212756822
184,0.17621189707028492
185,0.20620971866126991
186,0.2725106868845999
187,0.22522748889663385
188,0.16084820207051276
189,0.22246600491097
190,0.20755712070468224
191,0.2543416193880051
192,0.16279593940595216
193,0.14625250128662348
194,0.19916703684176193
195,0.18276151710725957
196,0.21053385160176885
197,0.1898850501151151
198,0.15245706937230263
199,0.14653273796757668
200,0.27743136004326363
201,0.022498622469838404
202,0.24898778813349515
203,0.25674942740202
204,0.16242105727649592
205,0.17045893922487607
206,0.26632220460251355
207,0.18089951119124334
208,0.16417356588954746
209,0.1466570966030151
210,0.17393804379012826
211,0.2139173478291571
213,0.226654244808819
214,0.25765297826917044
215,0.24872748729074426
216,0.12924582361333675
217,0.23042285966824208
218,0.2555733068874645
219,0.22043851841410605
220,0.17336894379769682
221,0.19361274815261037
222,0.24039059376170546
223,0.20011537599706264
224,0.17874627853606756
225,0.13584376513089488
226,0.13929296722794288
227,0.16750817264625056
228,0.1869913291389353
230,0.1483258910529374
231,0.2676882116365014
233,0.1290483614547788
234,0.2821194803977839
235,0.21004631095497656
236,0.2379061644954912
237,0.16573784045188306
238,0.2452611415524631
239,0.1669990089816741
240,0.22706275710613913
241,0.2011947143795557
242,0.21027263980046393
243,0.1565004137521636
244,0.17841551367057548
245,0.2441581422274678
246,0.2540440437929728
247,0.2604703078096019
248,0.18720204797316006
249,0.1767034803724261
250,0.17902419436881514
251,0.19937762663496625
252,0.19973125362929928
253,0.15384344446566348
254,0.13387614591021388
256,0.18518173452582118
257,0.14993449569236775
258,0.11878243940122603
259,0.13262251311638415
260,0.13508709896259039
261,0.1928114747325855
262,0.1906504380405637
263,0.1805762570433626
264,0.2496442133325458
265,0.13176516017750883
266,0.1784719697244776
267,0.249829513687193
269,0.14585099061721782
270,0.148152138686921
271,0.15058385041091454
272,0.2588689871220916
273,0.17415679688699442
274,0.16293581379541933
275,0.17709752294282172
276,0.15162679886058003
277,0.2259464489384734
278,0.18394316108336548
279,0.16783448366803674
280,0.2405951295499276
281,0.18666175290441123
282,0.1305235391656397
283,0.2150402334724667
284,0.16914644175223217
285,0.24534028249125053
286,0.17752025496632864
287,0.010383665553236084
288,0.20756826563498854
289,0.19090870826690576
290,0.19660060937238769
291,0.19374546173931836
292,0.1653234388139163
293,0.18958013461719198
294,0.16790179607131392
295,0.1410236173215966
296,0.1531948768174743
297,0.2361051138651469
298,0.1389296860932364
299,0.18480301305474994
301,0.23283347548412067
302,0.30386622450080797
303,0.3360385095725592
304,0.2507544506469462
305,0.22570966583936836
306,0.21106705226019323
307,0.30634624820505524
308,0.27131482479581076
309,0.24679604535685346
310,0.23071050021110037
311,0.2768993754081308
312,0.21423988191678184
313,0.19707447991782
314,0.3328668886747759
315,0.18667584063668008
316,0.2728695569833132
317,0.21218798761066984
318,0.22917533210149144
319,0.15264627167366143
320,0.24000782888963737
322,0.17484369532807464
323,0.26812644401661595
324,0.18715146348146666
325,0.3754840271319276
326,0.35351471291941183
327,0.25286379208866033
328,0.2654622185178217
329,0.03138103200906221
330,0.30215539815127124
331,0.19096697138366728
332,0.269737594810714
333,0.19411912150986
334,0.26211952833654717
335,0.2592446897979085
336,0.18133956225647807
337,0.3288698125239663
338,0.18413970528683282
339,0.2234831037241453
340,0.2037367515276543
341,0.1915760694995032
342,0.2999183319081117
343,0.2289104062686177
344,0.23438210367425294
345,0.23431532295148153
346,0.22494294166636758
347,0.21994454217457046
348,0.2874898949406386
349,0.2465857140777125
350,0.220848416261619
351,0.2505841306692849
352,0.2343068929039588
353,0.25629258423294143
354,0.2741426592358775
355,0.3955369104430176
356,0.27991999883264873
357,0.3364139829529762
358,0.2547918776093834
360,0.21945004027783543
362,0.1957753415726016
363,0.2916936281590505
364,0.2558523656421806
365,0.2219812859508905
366,0.15632407877643192
367,0.2711282702938658
368,0.22947199233129
369,0.3529884500401807
370,0.379850951919949
371,0.41904570030243954
372,0.32582014032336293
373,0.28453114623377807
374,0.33565733207741927
375,0.26135451717054986
376,0.1844022227434953
377,0.34626462046369644
378,0.19424290252406795
379,0.21456878275455643
380,0.19128729253282448
381,0.2723928966575191
382,0.22498080923163408
383,0.273035673159963
384,0.3374356979915191
385,0.28683335575396673
386,0.16593099367003525
387,0.380723464365841
388,0.17122968973145605
389,0.1597406745326263
390,0.1453523536019256
391,0.32227689969875334
392,0.03658674176709082
393,0.17803323757435052
395,0.1780938863818812
397,0.3051365973775743
399,0.2068275850708735
400,0.37120755312154774
401,0.19673544457965467
402,0.16631572034233846
403,0.2771535283888547
404,0.1498669566200182
405,0.20654700918270807
406,0.32966636354296086
407,0.26868183186597694
408,0.3137392820772733
409,0.17320089390809237
410,0.31267230308073246
411,0.20715401424211138
412,0.387044512229012
413,0.17255146781320463
414,0.17076080939397034
415,0.172118244603276
416,0.1720861919196931
417,0.2134942754971499
418,0.15734949259356532
419,0.14335689651018282
420,0.16792474560971818
422,0.21677057201753874
423,0.14851329377995304
424,0.1660725985141969
425,0.20348159774962737
426,0.14174678501096896
427,0.2102586525784361
428,0.19714037770721818
429,0.19078232391576327
430,0.1941276234219443
431,0.18980630585559607
432,0.258614630788262
433,0.13666078774923435
434,0.24929627079606895
435,0.19869363654278474
436,0.21720037279532523
437,0.21925157051755237
438,0.16847785488861355
439,0.16162923353235828
440,0.14989092172804175
441,0.27928991321083213
442,0.2673723639111556
444,0.23345580670403276
445,0.15922062382231517
446,0.19542256431275135
447,0.3121385057654018
448,0.2928715075754158
449,0.3013702976770235
450,0.18829577713584564
451,0.18353039147978334
452,0.15443181370011697
454,0.18879947018326196
455,0.21896258188331744
456,0.23427163598572967
457,0.2790476615955504
458,0.09359490030434549
459,0.2559659910871918
460,0.19844677182778422
461,0.04529434661201112
462,0.31530923989954374
464,0.2662763359539505
465,0.3432467215180182
466,0.2503854143153829
467,0.2689859467377475
468,0.15313989096935826
469,0.21810004319513007
470,0.22653962837373967
471,0.26111329353038665
472,0.1727320988878996
473,0.27922208365296036
474,0.2388826640549417
475,0.2696097257881542
476,0.17919327058642134
477,0.18094383290543328
478,0.21640448324842462
479,0.21705403380094632
480,0.211432870739929
481,0.18279200682753938
482,0.33798609926138584
483,0.23817113145795107
484,0.29234623116733793
485,0.13350332056211808
486,0.24220759956076632
487,0.2041778603916764
488,0.22731475615699268
489,0.22562671147280602
490,0.33534142693079544
491,0.15050886670979846
492,0.2943044935339645
493,0.18624342652252074
494,0.34653728000913403
495,0.2709272958085076
496,0.3219993480592439
497,0.24455848007264286
498,0.2121569214110422
499,0.33606339660864004
500,0.1838426574905693
501,0.1806626454758409
502,0.17170429181209676
503,0.20779610120261266
504,0.22038432784423756
505,0.18839116905333853
506,0.2402577367095265
507,0.27010941829010504
508,0.30173472508809646
509,0.22797654959117444
510,0.1768808294767798
511,0.20655101485448335
512,0.28365076679023127
513,0.15344055240560522
514,0.2121156299539503
515,0.299095915283915
516,0.2645718044797358
517,0.2615623005358457
518,0.3041282909303601
519,0.28411364918331206
520,0.2794408977551258
521,0.22389507313456342
522,0.2570964925095812
523,0.19537383509347506
524,0.1840429740339634
525,0.2899889846945482
526,0.22940320665269529
527,0.3045631331447931
528,0.19087994187982493
529,0.2895630409835767
530,0.30970902814546786
531,0.29610674725287983
532,0.28870365609168275
533,0.19400148238604012
534,0.14466756172990064
535,0.1598295778929618
536,0.3557645287610356
537,0.22371907421516526
538,0.16510612014075754
540,0.23068898804843066
541,0.11163556651465602
542,0.051167134163781935
544,0.2879762377803323
545,0.20071866734405946
546,0.21125174081933298
547,0.2117321549250753
548,0.2053662670084922
549,0.18305328818852393
550,0.14415240610500477
551,0.1897798014139926
552,0.3258349824533049
553,0.17611670697196283
555,0.21238541807782732
556,0.2759848712628744
557,0.2025312759706412
558,0.019685749308264874
559,0.19479296527986786
560,0.3284666719032941
561,0.26098055726107067
562,0.19446278268849257
563,0.1750338595035855
564,0.16142024227203236
565,0.2579668978558549
566,0.18853370140107212
567,0.23780889400635244
568,0.18099638399918258
569,0.21498086381224804
570,0.2442700971300982
571,0.20410244975631736
572,0.3114411718076628
574,0.23747872710297738
575,0.32417178659725127
576,0.29509441976662903
577,0.2030323516500239
578,0.3229224552846706
579,0.17075716951944683
580,0.3952315356805675
581,0.35238226720428206
582,0.2627806939448325
583,0.22820514650848578
584,0.34162369049887437
585,0.11413190171066978
586,0.21449250689678287
587,0.21256094317877886
588,0.19299775277194217
589,0.199950752894987
590,0.35917089373169814
591,0.34326080891392224
593,0.4814478627337594
594,0.16705587263206229
595,0.07358222409709293
596,0.34873489557312026
597,0.14343221731235525
598,0.35834355388475375
599,0.21953739091542657
600,0.3025152472317925
602,0.3248515811888488
603,0.36727875420642647
604,0.22998908276103977
605,0.39126487182343106
606,0.30237394010001467
607,0.2533783889302755
608,0.3489312620961733
609,0.1607164122378876
610,0.3145042800994779
611,0.3910134606407573
612,0.33640972377002126
613,0.2603655665500028
614,0.28667814774734846
615,0.1896503949621477
616,0.3419831094973181
617,0.29913190305697024
618,0.20366697870784733
619,0.3572730564745437
620,0.2082335852296395
621,0.18775387108875383
622,0.3124289177522599
623,0.1965751516040926
624,0.19075077904443138
625,0.23635304103374905
626,0.2770357770948837
627,0.3637460701295433
628,0.31781855910414974
629,0.321378673598963
630,0.21341330537901193
631,0.18562472020327206
632,0.21685368950438572
633,0.25629833102224503
634,0.24158921158217792
635,0.24968353547462466
636,0.22080954362643257
637,0.31839223217079826
638,0.19670555789013525
639,0.28439607602738304
640,0.25581392713260875
641,0.2675403559012115
642,0.23248244553599265
643,0.16943796373679684
644,0.21832507716456506
645,0.30660271470237177
648,0.22060142195728816
649,0.26705454059391714
650,0.15738071880277174
651,0.26866268005113364
652,0.17081061655137963
653,0.1610383270715561
654,0.20480144865231625
655,0.3378956168526059
656,0.24418541327396256
657,0.3185488211764553
658,0.16045461354001317
659,0.17409321421435597
660,0.253711133179571
662,0.2634720705982088
663,0.1204221009487746
664,0.2929869542953924
666,0.24771495220012196
667,0.2240736893992078
668,0.14830845452914027
669,0.2893792990975015
670,0.32352526279908145
671,0.26146492362939056
672,0.23879956870775718
673,0.3512258894039859
674,0.39939463275631376
675,0.2706342316919432
676,0.14058092920793672
677,0.3122250083844672
678,0.28014801802048817
679,0.2062668319581039
680,0.3000021654282563
682,0.20246140603189214
683,0.39950807162808283
684,0.2507682248031517
685,0.26517855737839713
686,0.3133073428829062
687,0.27330281910396326
688,0.3879585670339661
689,0.3126354989449433
690,0.28947867012731204
691,0.279983148475949
692,0.2880807804486242
693,0.1932497371608797
694,0.2545963206714148
695,0.27882328877564755
696,0.175641329016364
697,0.32274745229082824
698,0.33609040137540325
699,0.216072764803479
700,0.2770512579785073
701,0.2696302895113953
702,0.17359336340706166
703,0.31607384144885
704,0.434739972041097
705,0.4302842073861744
706,0.3924857205895578
707,0.3153348706980795
708,0.2706568085617653
709,0.4372352276952859
710,0.20971258887755373
711,0.17678873452804433
712,0.2765560718313246
713,0.30076045921423933
714,0.2727680324100742
715,0.40031873991320494
716,0.36335140075228356
717,0.3960292630775046
718,0.27695525335128873
719,0.3713782918007379
720,0.3961713776777948
721,0.3908102122029297
722,0.4155426018622158
723,0.38598344977380256
724,0.4375487648158151
725,0.38963528008133513
726,0.43887791740464555
727,0.4431713676634322
728,0.20442546436459028
729,0.23495292947137716
730,0.2587458955423194
731,0.2985808995198851
732,0.15310473841247912
733,0.20191223442625436
735,0.34971380785736783
736,0.2930689668007803
737,0.24283889915617932
738,0.34044671845863644
739,0.3444982817941531
740,0.3135643194328214
741,0.38815704462302375
742,0.2525566629962527
743,0.29878407696510545
744,0.19700016494093842
745,0.2584483158360225
746,0.0863475143200531
748,0.4211138016274827
749,0.40507195270568563
750,0.3059177621970346
751,0.2278862941049654
752,0.21924463239381892
753,0.3561218382385895
754,0.2741543470622257
755,0.26048123183532207
756,0.41980802000910766
757,0.27093238032375583
758,0.3995495204362022
759,0.2514688322331315
760,0.3729097110811695
761,0.31079371693849384
762,0.3064592451573186
763,0.19832620266727896
764,0.19940273770162784
765,0.3803738897521575
767,0.343635103206397
768,0.24153460554061218
769,0.19492417589512656
770,0.2127164004218145
771,0.128520392419441
773,0.23765214231807738
774,0.2869689132667245
775,0.11232151612268888
777,0.3491659061611163
778,0.1696381627346249
779,0.29367865966934065
781,0.2520820520546867
782,0.34712184691330983
783,0.4211119735078183
784,0.2643033286603061
785,0.37537421085297823
786,0.34895673270550664
787,0.2015619505058998
788,0.37340995833888
789,0.26300542348968603
790,0.2941499978629584
791,0.2352682122978977
792,0.3374984331689076
793,0.21126632144697405
794,0.08576508803234797
795,0.30295567100887655
796,0.38713024751976416
797,0.19098756586840482
798,0.2132370842990138
799,0.20357662154333875
800,0.26320269137118
801,0.2367120200196622
803,0.39016742588827824
804,0.36630930798912764
805,0.38097953747413693
806,0.33777334492537436
807,0.2844479878832488
808,0.32976565896276455
809,0.4205506516441163
810,0.2465735210305304
811,0.4494456147097661
812,0.38277309979901614
813,0.316717298659968
814,0.44822028925858254
815,0.45151432558558063
816,0.17118371040589378
817,0.3039902536179017
818,0.28549290188654564
819,0.25236068614467366
820,0.3267706206766529
821,0.19087325728433727
823,0.2760588662014273
824,0.3315434651544861
825,0.33257917863811415
826,0.41117961766807964
827,0.26615680697039906
828,0.25748741563484334
829,0.2134297927485105
830,0.22692715259158738
831,0.2444386481476525
834,0.24418870722128197
836,0.2742698318372859
837,0.35783727823026595
838,0.1956484907462112
839,0.3778635968808085
840,0.3660778188569066
841,0.3425219418231279
842,0.3212773232078447
843,0.3914616260434358
844,0.3212058038078499
845,0.3384904897617189
846,0.22240119856101914
847,0.36097851463618436
848,0.40050769021616567
849,0.36763925425406185
850,0.32877698141111894
851,0.31237254646505114
854,0.29911708090089684
855,0.259514831177775
856,0.35286433480699625
857,0.3339361799468261
858,0.31515863381991993
860,0.3353604507423231
861,0.1964502273875514
862,0.3314929535153298
863,0.3310144934466427
864,0.09744984869008859
865,0.2659702645233888
866,0.3079677215579273
867,0.28885821194483846
868,0.31637335081876616
869,0.40096474161374096
870,0.359275355064741
871,0.2392919146242325
872,0.39518171851811035
873,0.35557888201787713
874,0.026775639718444117
875,0.28944305294855055
876,0.28595609202601163
877,0.4597393051403423
878,0.3883861796484202
879,0.35124044342924404
880,0.3262331893733594
881,0.19153683197627544
882,0.24781232889868418
883,0.29783117650833607
884,0.37756591840718473
885,0.37782718899787565
886,0.2792805867165734
887,0.17462199031900213
888,0.48471200764793154
889,0.4719476757172642
890,0.3169095891219474
891,0.20894180987758018
892,0.19638358795292649
893,0.2606988383262414
894,0.44893896262717986
895,0.38150260086762083
896,0.1512964822850211
897,0.36966306903377144
898,0.5124180207190371
899,0.3055649362842698
900,0.3145955617777353
901,0.2964006669555398
902,0.44663724920763515
903,0.44519451790597553
904,0.20031788628312144
905,0.23390367530214473
906,0.3371241489378239
907,0.09171619036364348
908,0.2613808316297322
909,0.2917126775337572
910,0.3523798420354578
911,0.4374773306604812
912,0.4201124368615549
913,0.26234542318968473
914,0.3300027419789368
915,0.16163358911350958
916,0.2562372988862123
917,0.34652090215593995
918,0.3492045744566832
919,0.3213727059077655
920,0.29273875574413527
921,0.33512112121305965
922,0.3856355145203945
923,0.28174537964756613
924,0.21709783703653984
925,0.3860018342217369
926,0.4018519835512382
927,0.2986065774938494
928,0.32670549950314415
929,0.418217796036982
930,0.29453660059350717
931,0.08886102012306826
932,0.38300870233583734
933,0.37526410571418195
934,0.2591546865054652
935,0.22531067507229013
937,0.25036909711862876
938,0.3159938949712777
939,0.3468583741351673
940,0.10813669536973082
941,0.2317551985411475
942,0.21919961444033198
943,0.33642082312854804
944,0.25450149041250886
945,0.21358811666658628
946,0.33119096772954776
948,0.2807823566750912
949,0.42121303842704966
951,0.24143625211675168
952,0.09034675085440592
953,0.13744016026279535
954,0.21413300949780456
955,0.26945317738784746
956,0.36167363690606774
958,0.4889569656891582
959,0.25310770142817796
960,0.44545554061171694
961,0.3422121621794406
962,0.39237020026598834
963,0.3899316404079498
964,0.4747147920028713
965,0.43287526716004926
966,0.26374695400749065
967,0.38820730207285936
968,0.3850447634587185
969,0.3613968373708723
970,0.3595829267315508
971,0.3027250556373724
972,0.3024236497707788
973,0.4446197469050339
974,0.0866165695751615
975,0.1476180130885419
976,0.3838073406486113
977,0.0667204715967999
978,0.2676220217644795
979,0.29785103233064913
980,0.3922997950003699
981,0.384119462916992
982,0.26200576812270315
983,0.44841472913050934
984,0.32713423488631715
985,0.22776761273063761
987,0.17675831012333468
988,0.24342212963647364
989,0.36817726945924567
990,0.46920663033028887
991,0.2545561741113435
992,0.34707803771337453
993,0.22449806865747762
994,0.45136376498151104
995,0.32843964051726715
996,0.3496091738811447
997,0.5010176617691967
998,0.38944026332456655
999,0.37576357922468423
1001,0.433455816290124
1002,0.39638932198408783
1003,0.48143870434000613
1004,0.30690202340233935
1005,0.2531644614444235
1006,0.4083528950367819
1007,0.3639789468159854
1008,0.34044833729615637
1009,0.0787798188544874
1010,0.30602856284864327
1011,0.33954201856468197
1012,0.38699905996255474
1013,0.2598093793351722
1014,0.21258890451969378
1015,0.18832535820689394
1016,0.2658061196117426
1017,0.03385850905545459
1018,0.31761375019587895
1019,0.492376097733638
1020,0.32323939356416764
1021,0.412522011144602
1022,0.4395911244567937
1023,0.34416902826701057
1024,0.2371851821407584
1025,0.3824837383068537
1026,0.39403890410152864
1027,0.3164084901814801
1028,0.4429030170492848
1029,0.43517909910123004
1030,0.2889038456173581
1031,0.39318498189707396
1032,0.38577348111587556
1033,0.4658010356116462
1034,0.2964214950528399
1035,0.31607599664736435
1036,0.17856520427691916
1037,0.4056547977093148
1038,0.3120675174113249
1039,0.47535142285617776
1040,0.06363252662490737
1041,0.2918295530862009
1042,0.18234746524184506
1043,0.08025275445335216
1044,0.34573096795443686
1045,0.2516232205475567
1047,0.43681990737183984
1048,0.1803256397201944
1049,0.33271424203043876
1050,0.20603789933266958
1051,0.3127662592457271
1052,0.3417869618218008
1053,0.5050063975538082
1054,0.33175380194053555
1055,0.47401076304637574
1056,0.14077615154729897
1057,0.4153691969687065
1058,0.1791437229398643
1059,0.3613914255644219
1060,0.3330146408672816
1061,0.38785300722847915
1062,0.21638321720620746
1063,0.4443315659291291
1064,0.5126331287143877
1065,0.4462987614594199
1066,0.493262633495466
1067,0.30789729243076064
1068,0.3615553057161154
1069,0.45449210204625706
1070,0.3210661052648294
1071,0.42111452977950165
1072,0.4678812641739263
1073,0.347546841260405
1074,0.3679790653466607
1075,0.436728662060038
1076,0.28892330077764206
1077,0.2441291338351745
1078,0.39415111354502835
1079,0.4497543173181201
1080,0.4604839999976331
1081,0.2651230864035858
1082,0.5165635648390415
1083,0.3507949352714348
1084,0.43561301888294096
1085,0.38841423615435366
1087,0.4423745234662997
1088,0.33394190727272
1089,0.3913818305501772
1090,0.2664211450743544
1091,0.3368502540904953
1092,0.04161040070959722
1093,0.30301019667201295
1094,0.49518762897607815
1095,0.31734696252134553
1096,0.4503616521524493
1097,0.2947966603912709
1098,0.3219292050544069
1099,0.3208275792520345
1100,0.3454113769395946
1101,0.38835751277452224
1103,0.4903206893802058
1104,0.21326133811115786
1105,0.41485083387540117
1106,0.23819318263100306
1107,0.2802355199708344
1108,0.14341000055979108
1109,0.40699878399139866
1110,0.2229236254890807
1111,0.3743015366184956
1112,0.4463470651991723
1113,0.3889706096790082
1114,0.39392343464569746
1115,0.38273187520074814
1116,0.3453632115744884
1117,0.23726502466609478
1118,0.2845108107309788
1119,0.3340198150011158
1120,0.31796787331477255
1121,0.4518462389190248
1122,0.3655090240367036
1123,0.34213561419852145
1124,0.3720920461921809
1125,0.2937754194516711
1126,0.45164214626642163
1127,0.30976656762302224
1128,0.45814846202679227
1129,0.39311631178597484
1130,0.5327774171982369
1131,0.37266429511324095
1132,0.46495525546764227
1133,0.3337611968679672
1134,0.26302656163503746
1135,0.3488103216272162
1137,0.339510636371209
1138,0.41482710207790663
1139,0.3772451084656417
1140,0.5097731472754451
1141,0.31058998671891985
1142,0.37144841552692254
1143,0.33338975529607273
1144,0.4745815528190845
1145,0.4111751791019791
1146,0.5152563825477043
1147,0.5406566799325365
1148,0.25414307183496926
1149,0.4720560907494102
1150,0.5216270023792375
1152,0.35433403389948254
1153,0.31126974552819603
1154,0.4867092368840985
1155,0.3974291358207645
1156,0.44433561807852223
1157,0.33484178591709934
1158,0.41166345259091464
1159,0.45386571996844144
1160,0.19119415338060644
1161,0.456777164044474
1162,0.4896205023872183
1163,0.4059315185571324
1164,0.4850753866770448
1165,0.3211709817764658
1166,0.3461030417205788
1167,0.5455748809131813
1168,0.35234256823817267
1169,0.4153437635422488
1170,0.3705302050688617
1171,0.34541342050482216
1172,0.2653847315897872
1173,0.4715683501793832
1174,0.4108348118280434
1175,0.4016021159716462
1176,0.5241412863156497
1177,0.5101884874278254
1178,0.47853370066875095
1179,0.21122747769068298
1180,0.38860560152553253
1181,0.33535012082980303
1182,0.45381896699089214
1183,0.408846662686267
1184,0.501603323734898
1185,0.4712634773393506
1186,0.3482518476397913
1187,0.352764234212036
1188,0.2427224158453466
1189,0.3960104399984409
1190,0.324432985278034
1191,0.34446587384882904
1192,0.46469815407715176
1193,0.37675373589326144
1194,0.28910664720838397
1195,0.4839656478317234
1196,0.32594095121066385
1197,0.27743081497267086
1198,0.261069007455683
1199,0.37496094264465935
1200,0.46789902944437767
1202,0.31887464372587365
1203,0.23399365656148735
1204,0.35306336908431574
1205,0.3837855249188289
1206,0.46813002580169866
1207,0.16607308984924218
1208,0.4636608096710972
1209,0.32212191516135646
1210,0.4252795354318245
1211,0.3882847174474631
1212,0.3948274143230575
1213,0.48668912559356076
1214,0.4139576723305672
1215,0.23304554904600727
1216,0.4848962700510504
1217,0.47408072520682165
1218,0.22380695391446853
1219,0.3326240677781288
1220,0.2326248284130898
1221,0.4342338838874513
1222,0.23346696280782306
1223,0.33163614668576813
1224,0.42394985810135977
1225,0.455893589249318
1226,0.4318698619221975
1227,0.45085510312059757
1228,0.34604902774513974
1229,0.3991433848321081
1230,0.41875766532727987
1231,0.2903663527551552
1232,0.5288148657842473
1233,0.4797761098489066
1234,0.41982807746436823
1235,0.45445822879701375
1236,0.3902540510393875
1237,0.33053591406093036
1238,0.45907745211491036
1239,0.3541718191333678
1240,0.39510439396218516
1241,0.49699113539321965
1242,0.32024945752626405
1243,0.31438458111570666
1244,0.4330354776110597
1245,0.4901717791921531
1246,0.4992500773504271
1247,0.4169709033005807
1248,0.4001203753091643
1249,0.2721704220665037
1250,0.48569891904817736
1252,0.5078432153234302
1253,0.3092789249854405
1254,0.3413581595593599
1255,0.45803022026646983
1256,0.32269468530958145
1257,0.36347795630683993
1258,0.48160397164510726
1259,0.35655005080851115
1260,0.36527333044664
1261,0.35071604090130515
1262,0.4596501741281497
1263,0.4187762863292453
1264,0.42041447273294097
1265,0.35034894501354297
1266,0.33650814260831374
1267,0.41269477666754545
1268,0.4304403425557519
1269,0.3114031851882488
1270,0.5020792384475852
1271,0.3710793346530998
1272,0.3544127278923811
1273,0.407900087522999
1274,0.41211852495782975
1275,0.5080632366373357
1277,0.2872997225480017
1278,0.36347147109523914
1279,0.4281134591221836
1280,0.4777511243988077
1281,0.3827720772530248
1282,0.3176329655112745
1283,0.43471306331399145
1284,0.24612825990466117
1285,0.3971463758428891
1286,0.305766406752413
1287,0.427087250112888
1288,0.4137243838912367
1289,0.5000137841181894
1290,0.34115957091447013
1291,0.3396444220002883
1292,0.47417468202112256
1293,0.48236501180131675
1294,0.35877584633704995
1295,0.48738930767777555
1296,0.38360362493451405
1297,0.3270557491519294
1298,0.3032206306883492
1299,0.4725790066172838
1300,0.380125186245991
1301,0.4757136543811264
1302,0.3377761420221339
1303,0.29572871345949986
1304,0.32332656175725527
1305,0.38573554568878593
1306,0.46041330030042754
1307,0.37313437171838565
1308,0.33051788997442894
1309,0.3549830955548735
1310,0.37424259426038947
1311,0.44063209968408246
1312,0.2737309739133522
1314,0.19013770587251289
1315,0.46342716963527064
1317,0.36395970952958834
1318,0.4153290466688908
1319,0.3465382623618234
1320,0.4060452453906495
1321,0.4774842926634224
1322,0.456024510235853
1323,0.4935670953501836
1324,0.40217678360530335
1325,0.4508998619818469
1326,0.4133007696056754
1327,0.38102312150496087
1328,0.48209438318815984
1329,0.438990890339153
1331,0.18000165107836053
1332,0.48455070362162034
1333,0.4183166758850877
1334,0.25418837186374743
1335,0.3119713508601301
1336,0.3333547103848734
1337,0.4092356872930994
1338,0.3182764372993583
1339,0.5184885738374878
1340,0.3734512064048178
1341,0.463950618415819
1342,0.36812733317578594
1343,0.5263639049924899
1344,0.3462709961755455
1345,0.4869527398838073
1346,0.4722016673494246
1347,0.20800563001917327
1348,0.36950591041836434
1349,0.39598009319809846
1350,0.4146044299988689
1351,0.45738413632396013
1352,0.40937353469320475
1353,0.16045989630887297
1354,0.47676713343450583
1355,0.34620806989790315
1356,0.3791721251265431
1357,0.4293170787840856
1358,0.37155763121329666
1359,0.42026340026253606
1361,0.3993643143865296
1362,0.4647293360812403
1363,0.3690156699641353
1364,0.3799163369315604
1365,0.4645972502418065
1366,0.4365175404408794
1367,0.35033729161583793
1368,0.4307295421786567
1369,0.4072805261940406
1370,0.44761628993710234
1371,0.43089906039192255
1372,0.39316354823710703
1373,0.3148240846628844
1374,0.35397165569362243
1375,0.37357649610743077
1376,0.2262866044352189
1377,0.29240847536276837
1378,0.4050616422388448
1379,0.39836580881025946
1380,0.33619405003280356
1381,0.5127295474280009
1382,0.27671808446091856
1384,0.32703622012336375
1385,0.257889441592179
1386,0.4009404641779135
1387,0.3177725581173696
1388,0.17406354720175335
1389,0.20401845825217074
1390,0.5068087416377418
1391,0.29415369273613107
1392,0.44902354476621475
1393,0.4832325619025447
1394,0.49705331003428704
1395,0.34843108030914294
1396,0.37955010322794114
1397,0.37161861603535695
1398,0.2436471023534267
1399,0.4704015525181948
1401,0.42012655786685654
1402,0.47003645752977663
1403,0.39530084770423385
1404,0.4657948013490647
1405,0.424853036634064
1406,0.4628169776295385
1407,0.44233988441816585
1408,0.4109645347225265
1409,0.4622710103296008
1410,0.4230264162739695
1411,0.3566739641750846
1413,0.420224923324917
1414,0.3884474502895532
1415,0.4847094300124881
1416,0.5345269303852258
1417,0.27317215859420685
1418,0.20519478666106672
1419,0.4212365315451565
1420,0.4728345396619155
1421,0.38370665088698297
1422,0.43474542534557936
1423,0.3855182877912778
1424,0.4708102214051654
1425,0.5142544445884245
1426,0.47915925645552837
1428,0.4804359593610851
1429,0.4506777827773808
1430,0.2939149240682829
1431,0.4156481793665692
1432,0.35051962724532076
1433,0.4465791578159228
1434,0.4128606163689032
1435,0.330007400767835
1436,0.33646076877604747
1437,0.3881744704667745
1439,0.35517394120826895
1440,0.3894404454219152
1441,0.4105388210939257
1442,0.492898903544563
1443,0.4213275813314749
1444,0.402197200245359
1445,0.3533651565643473
1446,0.4762967288242763
1448,0.4431577852894157
1449,0.3402172833597486
1450,0.47336149976368663
1451,0.3658736495222441
1452,0.4599889998763747
1453,0.5191377487353223
1454,0.5133566273473741
1455,0.3915625366006302
1456,0.3969761257366337
1457,0.5014961682715207
1458,0.40466109772401976
1459,0.3694600130169429
1460,0.4043952144697807
1461,0.17982384825419157
1462,0.32850565017286903
1463,0.4165317066243423
1464,0.35857310144553295
1465,0.43943794298596656
1466,0.35981539127756573
1467,0.40086946976341686
1468,0.4119174845334522
1469,0.367474978539348
1470,0.43017139878472815
1471,0.47741441757694975
1472,0.41326439540035087
1474,0.47453341808662636
1475,0.4217091791835917
1476,0.3929947632175268
1477,0.5094141454600498
1478,0.4004041515628719
1479,0.4438181091362541
1480,0.5047448189746699
1481,0.45887934062258623
1482,0.3698334775646339
1483,0.43400817092352667
1484,0.460201168962989
1485,0.33870690392289565
1486,0.2511669097781007
1487,0.19762233559795012
1488,0.5079818850376451
1489,0.34115062876948726
1490,0.28936985072662913
1491,0.26464072454997634
1492,0.3577466973128151
1493,0.3083862906233071
1494,0.382673918231744
1495,0.2983713329620647
1496,0.4541018500818202
1497,0.45421990881150565
1498,0.4268535072018038
1499,0.4657807061180462
1500,0.4887448729175654
1501,0.3468962511946538
1503,0.20339667846365014
1504,0.3726798969500696
1505,0.3949601399435381
1506,0.3288737562647066
1507,0.48254643508133416
1508,0.4785165891796859
1509,0.31117577145407305
1510,0.37124421380936423
1511,0.34091655259474735
1512,0.23064667293425536
1513,0.57446284525966
1514,0.4834897301490286
1515,0.5098133868157605
1516,0.44072847936423093
1517,0.31532071588011773
1518,0.5424193806763241
1519,0.4334119762834204
1520,0.5011768910265108
1521,0.3125623377714136
1522,0.09921315299866712
1523,0.3655458307169463
1524,0.24466061228620034
1526,0.3772142439399131
1527,0.5143452152796448
1528,0.40931282894244825
1529,0.4858447991269755
1530,0.3813073295463734
1531,0.4581798039044372
1532,0.43362888734984584
1533,0.3830040041353437
1534,0.3675395788757923
1536,0.5198012955542228
1537,0.30624985007248107
1538,0.08832462514289348
1539,0.33889147665589126
1540,0.42150909470644926
1542,0.3058321603281943
1543,0.3621427580009148
1544,0.4857364625096732
1545,0.4179120160991329
1546,0.47342857610626643
1547,0.6806845295260903
1548,0.48003328464428063
1549,0.4288184661879673
1550,0.4134720802676779
1551,0.3877080106805359
1552,0.5354445336122478
1553,0.43893322836906656
1554,0.43602971852690575
1555,0.5713051921794774
1556,0.3925009443797121
1557,0.5297213520128711
1558,0.49163398467933533
1559,0.4877649285703823
1560,0.5357764726650739
1561,0.33678932405193895
1562,0.4197948094099186
1563,0.41597321253554137
1564,0.4164904733132474
1565,0.6333944637158752
1566,0.3454849460577805
1567,0.5144935762202901
1568,0.5766774986594785
1569,0.47150593701849974
1570,0.37523882802825653
1571,0.3532280923003891
1572,0.3831930879518867
1573,0.3870949816429356
1574,0.5221867933749876
1575,0.2875263954565187
1576,0.4622669324384398
1577,0.22205180424261597
1578,0.3328510165008688
1579,0.46137957566916016
1580,0.5487437456579113
1581,0.3553256376213485
1582,0.16289001035823275
1583,0.403027431801303
1584,0.5671961336843281
1585,0.3301529890302982
1586,0.374214723849868
1587,0.40237566992682905
1588,0.355116482005286
1589,0.33767951067224106
1590,0.4769793127467168
1591,0.43058312744832417
1592,0.527472643244609
1593,0.3132228188690621
1594,0.27893774574066305
1595,0.3587277781411715
1597,0.5052253586005995
1598,0.4199962125248702
1599,0.47195115265630533
1600,0.49971429721988825
1601,0.4525787520572963
1602,0.49471995569227806
1603,0.20923472882340396
1604,0.5198339563998292
1605,0.430678195180132
1606,0.5061851614392177
1607,0.3620102963460628
1608,0.389510952326083
1609,0.5236474762417035
1610,0.33716895202461283
1611,0.5410674601922294
1612,0.43683701302319944
1613,0.5052542805642334
1614,0.46149266048029836
1615,0.3050349213537964
1616,0.5384637120093518
1617,0.49486401562444743
1618,0.47352921487940053
1619,0.2694481654165525
1620,0.27862937055218806
1621,0.4259801886212068
1622,0.3604666163503127
1623,0.29109367003990744
1624,0.4617799284311542
1625,0.34128114465186327
1626,0.42154386293809815
1628,0.4756884810819195
1629,0.4035765076444029
1630,0.46136527289903895
1633,0.3783434779924639
1634,0.4832730567593515
1635,0.4323046993143124
1636,0.49330598373207746
1637,0.5447853324207275
1638,0.42331329917667054
1639,0.20356086515788
1640,0.5294462174066291
1641,0.3173300258532096
1642,0.3928928951253648
1643,0.36785204740602195
1645,0.5348482869828601
1646,0.37683131343278076
1647,0.3056801878713398
1649,0.40209111266444014
1650,0.48573716530361777
1652,0.2546917070739689
1653,0.4029747278318114
1654,0.4407770167341003
1655,0.34145677669883945
1656,0.5946309102814642
1657,0.4489608190035268
1658,0.5022240662092871
1659,0.37483247214514076
1660,0.262157705908834
1661,0.4477937184013512
1662,0.5857574136200573
1663,0.36546803100966835
1664,0.43874837069954903
1665,0.5158379671011869
1666,0.3800630772957697
1667,0.2855404552647513
1668,0.4347471928533891
1669,0.41989981868882054
1670,0.539087922522223
1671,0.49102458513114333
1672,0.34299063064595037
1673,0.41049672373821583
1674,0.3995728511560272
1675,0.11780382822734412
1676,0.36067966181996847
1677,0.1810800757349802
1678,0.5393069953206194
1679,0.4689395393584766
1680,0.3238685063104394
1681,0.6037438358209882
1682,0.3456895813235134
1683,0.35946034856315034
1684,0.33947572822358274
1685,0.33823198927776227
1686,0.5140304528322044
1687,0.36616327904624474
1688,0.43638337039082953
1689,0.36784117127240595
1690,0.38187535229161884
1691,0.39815945102340417
1692,0.48714045826812274
1693,0.496399585997327
1694,0.478057472516872
1695,0.211992232661609
1697,0.4927494982921364
1698,0.42339455258251474
1699,0.4051551062378751
1700,0.4664391719686474
1701,0.46267904941159854
1702,0.3588205756928095
1703,0.4978591875079781
1704,0.354253868652985
1705,0.49062321531827763
1706,0.4448172492887152
1707,0.48677970371676427
1708,0.5060627170821046
1709,0.46647658653717
1710,0.5836057483369127
1711,0.5282953306248259
1712,0.4363479422074953
1713,0.36702894902710087
1714,0.4701951473378516
1716,0.3751091480199155
1717,0.3456816937737779
1718,0.4811022796617163
1719,0.39358257963054033
1720,0.5551340397540219
1721,0.3874754718211479
1722,0.4956337495660327
1723,0.5523226844551979
1724,0.3105228105430827
1725,0.44846546006135657
1726,0.42394093334197164
1727,0.4639163366561753
1728,0.4451111315435498
1731,0.3850497054426331
1732,0.29095768050371634
1733,0.46326786141473564
1734,0.4568333715678772
1735,0.3226586821057054
1736,0.49134576195421487
1737,0.4627343364958874
1738,0.26814176627703257
1739,0.5433165112107372
1740,0.3842504180806321
1741,0.4033957075958472
1742,0.4080681199850686
1743,0.47592350965397306
1744,0.6420479494554165
1745,0.5109068522448542
1746,0.2851504419688094
1747,0.40050797746632166
1748,0.5646380974140525
1749,0.43863690498262864
1751,0.4777302255008773
1752,0.4148431679906987
1753,0.34985063745029915
1754,0.4612403240554055
1755,0.42879133699508715
1756,0.45152085484838567
1757,0.3951139789480893
1758,0.1224243935710033
1759,0.4303771180851354
1760,0.5422923499032567
1761,0.48431348555996284
1762,0.40863388683809154
1763,0.6397947791907257
1764,0.42554921088830655
1765,0.41203017561107513
1766,0.6087075448562989
1767,0.4020242285235283
1768,0.284101604835806
1769,0.3620866200145055
1770,0.4675140334532708
1771,0.525472135898711
1772,0.5088956913826833
1774,0.5940200472998586
1775,0.3954894841268612
1776,0.3851409524083447
1777,0.4417285912537108
1778,0.6434772114160492
1779,0.35469145875008234
1780,0.43837014515448847
1781,0.3019782478919964
1782,0.4203260229355351
1783,0.5258904523336154
1784,0.3839463217216906
1786,0.4609789353848798
1787,0.30004578938923937
1788,0.44676871951764385
1789,0.4550570926559826
1790,0.5179646383886793
1791,0.45456666992808853
1792,0.5305655565131442
1793,0.2395233643087968
1794,0.5170121339938369
1795,0.47061276111168726
1796,0.4758041223616104
1797,0.5652129352919569
1798,0.3908600556899069
1799,0.3756070163736462
1800,0.4888282994582522
1801,0.35967070572029186
1802,0.3885514144392139
1803,0.40648543660702485
1804,0.455353062528756
1805,0.5194332812910373
1806,0.46426054999199506
1807,0.31440272755325827
1809,0.6309101408390412
1810,0.40364228856643236
1811,0.4585658483940129
1812,0.4625340991909319
1813,0.5564679960480106
1814,0.03581538321423704
1815,0.48478242682257994
1816,0.531487323159975
1818,0.5778922666193766
1819,0.3915551464369971
1820,0.5784804214305096
1821,0.34118654135457477
1822,0.5181812742108469
1823,0.4066057818403653
1824,0.43096913347073285
1825,0.4832928714950061
1826,0.5621764956707914
1827,0.5916568150422813
1828,0.5321917518265096
1829,0.48615481830996293
1830,0.46023027686699264
1831,0.5541768979687283
1832,0.5038787004396017
1833,0.2812815995082245
1834,0.31603878861827134
1835,0.37901281994655217
1836,0.12736929499439067
1837,0.38823858894682106
1838,0.47387802128550766
1839,0.4608394813591385
1840,0.4635488867834448
1841,0.4461358141734091
1842,0.36712930195383686
1843,0.39758097871941
1844,0.3709328083372305
1845,0.5966462591494098
1846,0.4158460574493489
1847,0.3690831872101315
1848,0.39718685397013737
1849,0.4985677181272286
1850,0.05929965816540965
1851,0.4578049538728018
1852,0.4483744747848708
1854,0.5371927242138245
1855,0.4426312781940594
1856,0.4195665823735864
1857,0.5492306051735895
1858,0.5311408162661403
1859,0.507339033481463
1860,0.4413609708262185
1861,0.16952121203123433
1862,0.33981043595998917
1863,0.48319787695038313
1864,0.5133939043641569
1865,0.5182557875573525
1866,0.6183557256149353
1867,0.4406706399551964
1868,0.5094396577754617
1869,0.6129844961665969
1870,0.3887423789144251
1871,0.4276201547853639
1872,0.5575397060313314
1873,0.5416002675127302
1874,0.6651318232422799
1875,0.13773755481882588
1876,0.4205898256190821
1877,0.4574579528444788
1878,0.32577790742391577
1879,0.6810415172282344
1880,0.5203401204747182
1881,0.47575782495045577
1882,0.4828177447395152
1883,0.36400129791391767
1884,0.27876047233152546
1885,0.3674173309142017
1886,0.4331717324630231
1887,0.47519038444771794
1888,0.4885557827177645
1889,0.44175944288058716
1890,0.3802893185252576
1891,0.34969330791714237
1892,0.4462501091990933
1893,0.49245995658296693
1894,0.4167406532183444
1895,0.4273189766208465
1897,0.39807976316632643
1898,0.4157859132778521
1899,0.5086191622338042
1900,0.45146297374282324
1901,0.4852458337434455
1902,0.5542227014527761
1903,0.5616926825670143
1904,0.3419800816403128
1905,0.5876090780996523
1906,0.6785823702494713
1907,0.6309682951598269
1908,0.564322196302979
1909,0.3306996372902336
1910,0.628331675509276
1911,0.3905298195592762
1912,0.43211062017658897
1913,0.5676863802309857
1914,0.35138112975208946
1915,0.36106752175006157
1916,0.5368300807633647
1917,0.4873683177983181
1919,0.4470473666024084
1920,0.4924362898358756
1921,0.4279167127079241
1922,0.5343924242825595
1923,0.4318905228351995
1924,0.3606837157425081
1925,0.5429572976194815
1926,0.4833360858209837
1928,0.4879435152327873
1929,0.5062114501614877
1930,0.6292904545358933
1931,0.43447620104734136
1932,0.4625881158728252
1934,0.3558453294508873
1935,0.5781251009961351
1936,0.6055197233479195
1937,0.5522405190539392
1938,0.597746441905123
1939,0.4068040298360935
1940,0.49044002891712607
1941,0.4254960445968362
1942,0.5522880912195129
1943,0.3532918109831086
1944,0.4502378585674753
1945,0.47560068848507414
1946,0.5604601272325526
1948,0.5422465363693917
1949,0.38965338417360884
1950,0.721312527384882
1951,0.5589545052749172
1952,0.5018288326551313
1953,0.42625499743025
1954,0.47046351709218187
1955,0.4218313813032138
1956,0.5847031677453077
1957,0.470677235492081
1958,0.6161017357920922
1959,0.48998022913509676
1960,0.5393192784524661
1961,0.47042336045455446
1962,0.32323602123789547
1963,0.5832040040249613
1964,0.4081528281689026
1965,0.5377056315521108
1966,0.39135317201087827
1968,0.5536533367168307
1969,0.6005064801396977
1970,0.28554551615040386
1971,0.45683568014315773
1972,0.3587284620503799
1973,0.3380551866381451
1974,0.09769454800371166
1975,0.3832576696012763
1976,0.5054616105417015
1977,0.16660270582484038
1978,0.32911539437431064
1979,0.4750287695482654
1980,0.4681801686781051
1981,0.5511094029570092
1982,0.4058200564223731
1983,0.3813946387444557
1984,0.5900214271451095
1985,0.6049925780839018
1986,0.5394427384231285
1987,0.4329926350104491
1988,0.49560704915376635
1989,0.5293292174415379
1990,0.3035161407805645
1991,0.528733276692806
1992,0.38140517667494184
1993,0.6276739244466465
1994,0.5831427343847948
1995,0.39559740059906195
1997,0.5902158080790716
1998,0.49953946660961956
1999,0.6073309693812307
2000,0.6214277700172376
2001,0.4460815626521589
2002,0.420906270051293
2003,0.20287939932668664
2005,0.6094333354666283
2006,0.4245921656023971
2007,0.5258923023323129
2008,0.5925479549150439
2009,0.5186379616362845
2010,0.49897133669147486
2011,0.4606378070519721
2012,0.5408424012772087
2013,0.44480735291018975
2014,0.518925181362047
2015,0.34979679430971056
2016,0.592898601305613
2017,0.4839058176485146
2018,0.46604723373344076
2019,0.5791911545519222
2020,0.5459651470634453
2021,0.3920126090191421
2022,0.621799317866352
2023,0.42543979706245955
2024,0.5016349000521712
2025,0.5576418080009514
2026,0.4810975815446795
2027,0.51419922529686
2028,0.36332741513492883
2029,0.43123379084010155
2030,0.4980021438246071
2031,0.46573914005623207
2032,0.43528281832209725
2033,0.5494225096566948
2034,0.6849792730028603
2035,0.5370180549496816
2036,0.39532775783251073
2037,0.45173340636619774
2038,0.44387321963153836
2039,0.37078905212077584
2040,0.25018358799285206
2041,0.5295834438525935
2042,0.48985346662697743
2043,0.3852594689760171
2044,0.5493575076413346
2045,0.6581983180239376
2046,0.6324725821753716
2047,0.5614461640949581
2048,0.4156230230589727
2049,0.6731767593543515
2050,0.43067922702138306
2051,0.4245572462752787
2052,0.3387735587627315
2053,0.5475000839640373
2054,0.43009070065167876
2055,0.18470312875010644
2056,0.5860299489487423
2057,0.34399498921358357
2058,0.47306974580364025
2059,0.1032598179680698
2061,0.6875423914324589
2062,0.471262955584194
2063,0.5251281197150796
2064,0.6578974887380651
2065,0.1789354758945416
2066,0.06845936877964202
2067,0.4789116157582565
2068,0.35245231590934495
2069,0.23711435783888965
2070,0.5173464696795496
2071,0.45070233470779375
2072,0.5720184624949882
2073,0.43692420252182707
2074,0.624635846885907
2075,0.5693597706072917
2076,0.4197157134702063
2077,0.3091188845443211
2078,0.5417798207867021
2079,0.6415840714502189
2080,0.5970779320894066
2081,0.6211497875936285
2082,0.5997093154765535
2083,0.5533051728159206
2084,0.5086425750813153
2085,0.5368845915856052
2086,0.5784825887840946
2087,0.5504816787839322
2088,0.6680756091703391
2089,0.5175643178787631
2090,0.5897687492050427
2091,0.3945000507617895
2092,0.5589074912024288
2093,0.3571719128364766
2094,0.32867465250221306
2095,0.47231859859121245
2096,0.5715904600215524
2097,0.5715256579915846
2098,0.6531629512164122
2099,0.3943953084424941
2100,0.52695368168168
2101,0.5224649495973832
2102,0.548036804340983
2103,0.5229620446268686
2104,0.5656471874838395
2105,0.5671473804120865
2106,0.632585807242
2107,0.4721555814584373
2108,0.5894419324153128
2110,0.6447005439711082
2111,0.5309234242232049
2112,0.45962914431845725
2113,0.7111996845532069
2114,0.7009461684550612
2115,0.5623852640747833
2116,0.527275516526969
2117,0.38293885846307335
2118,0.39121613527025384
2119,0.538483856607622
2120,0.4799685947324042
2121,0.3370751187658582
2122,0.5460594706015702
2123,0.4136298309200782
2124,0.4402553842737426
2125,0.7289199867527847
2126,0.5003974974596249
2127,0.6157167462595576
2128,0.45490155732202026
2129,0.4530594854272073
2130,0.5848529064405729
2132,0.6536721534682798
2133,0.41493923816243916
2134,0.46786992916934467
2135,0.5489044360719806
2137,0.5255636606746837
2139,0.4213940518832202
2140,0.6639185460050377
2141,0.4570701537971074
2142,0.11926100738772505
2143,0.2165620110568945
2144,0.414351778511505
2145,0.3920839769455829
2146,0.4248510991009265
2147,0.49722750682427475
2148,0.2618348312949779
2149,0.5352451513075465
2150,0.5874054022157869
2151,0.42043161566094
2152,0.5391847865782214
2153,0.6275684338275501
2154,0.6130064012571635
2155,0.7290586253649753
2156,0.5960394060697622
2157,0.6033645719607968
2158,0.5312887498318665
2159,0.25588532728628544
2160,0.600389556588434
2161,0.4417487661847484
2162,0.6447774363553712
2163,0.6267244577794922
2164,0.5568503418966733
2165,0.6092645074526222
2166,0.3547527482669353
2167,0.3641564029743729
2169,0.521648075159705
2170,0.32474747798100084
2171,0.373138902985779
2172,0.3193833369380219
2173,0.5463963218436737
2174,0.5789659030978119
2175,0.6837218958965322
2176,0.30933774031568323
2177,0.44107092417774485
2178,0.656481231447924
2179,0.6720190697878256
2181,0.6589209487160487
2182,0.3822892933946125
2183,0.6143106124979436
2184,0.6038114451927121
2185,0.4396893809423979
2187,0.7408178099482906
2188,0.6657366864997859
2189,0.7268126192687915
2190,0.6058096692560286
2191,0.6000732540164364
2192,0.6090991114143561
2193,0.43612262674551966
2194,0.6708551978295916
2195,0.3827387696448753
2196,0.5214841739829412
2197,0.790612126698117
2198,0.5835740549804183
2199,0.36102636741858457
2200,0.6003099683188085
2201,0.617055981637654
2202,0.6792137319390785
2204,0.715478913291484
2205,0.5957374111316378
2206,0.6896084344919325
2207,0.6386736563817745
2208,0.6000538552125706
2209,0.7274867734162738
2210,0.6518964263430919
2211,0.4821540594906407
2212,0.27818171450155815
2213,0.47267309194509644
2214,0.5431273910095992
2215,0.59375557820424
2216,0.43311531620097105
2217,0.654712369949368
2218,0.4863886301323744
2219,0.6753927991849973
2220,0.5474337376417336
2221,0.5421353627970718
2222,0.6090168796086812
2223,0.7008445905837543
2225,0.5853965635975287
2226,0.35387801862276647
2227,0.6356844826914998
2228,0.4395248405639769
2229,0.660523684767995
2230,0.43571089569698723
2231,0.684391532124219
2232,0.4700669245958145
2233,0.6172592205064674
2234,0.5402202783695728
2235,0.5591987463813302
2236,0.5129666190303972
2237,0.5484707683087975
2238,0.4060399168695216
2239,0.6590585646299335
2240,0.5642377664704803
2241,0.3499486122374272
2243,0.6096701639467411
2244,0.730153297973912
2245,0.7204665261745595
2246,0.6264527116199756
2247,0.6694283844878162
2248,0.48765592812219793
2249,0.7317323979839233
2250,0.7112435882405189
2251,0.6996967695113089
2252,0.4796493644431377
2253,0.6340594248933218
2254,0.6535386948690102
2255,0.6164038995772889
2256,0.5748393683958286
2257,0.5312051781507273
2258,0.6306189242082613
2259,0.5666254449480246
2260,0.70418730914819
2261,0.4935330796437847
2262,0.31401063312268856
2263,0.26048555814321345
2264,0.48453188810826114
2265,0.6376328019904118
2267,0.40142000064087646
2268,0.6297895392659206
2269,0.6040690257518954
2270,0.381533139357795
2271,0.633435319337568
2272,0.44644118245741715
2273,0.7054255776197096
2274,0.5670358765448196
2275,0.6904800134526463
2276,0.4752494668538438
2277,0.724411602568112
2278,0.742922696035646
2279,0.6793373743573846
2280,0.6137255022749141
2281,0.6044882320013468
2282,0.6062882361802533
2283,0.1368884876454258
2284,0.6585390433147962
2285,0.5486618313128756
2286,0.37259327586328034
2287,0.41447333490225874
2288,0.5537153816119369
2289,0.4250076393749625
2290,0.6134128069532708
2291,0.5470534058748279
2292,0.7921747618002244
2295,0.6097544731623677
2296,0.7247604664951146
2297,0.5527557580035449
2298,0.36933876480937977
2299,0.6030347127921272
2301,0.6783499211449825
2302,0.6582718470082918
2303,0.3860248142725239
2304,0.6572939918357942
2305,0.6591663569994303
2306,0.6843411247793378
2307,0.3121781156086249
2308,0.6197411468527845
2309,0.4843625731899354
2310,0.40276289718446767
2311,0.579110023525884
2312,0.5843749598138643
2313,0.7318485617238213
2314,0.6502702667391991
2315,0.7034228758155588
2316,0.5240742062011139
2318,0.6539146277725669
2319,0.6980006544323372
2320,0.5637596035858752
2321,0.24894808791816866
2322,0.4960393164675849
2323,0.6017212257167553
2324,0.2220345093373563
2325,0.6755385971887179
2326,0.6632717034571425
2327,0.5862568978380875
2328,0.5683440050710609
2329,0.3843642040137227
2330,0.38026194851641787
2331,0.7184231751833231
2332,0.47112070982950377
2333,0.5224965198067261
2334,0.740304254350555
2335,0.37787150292504706
2336,0.5167157922565743
2337,0.659124031887462
2338,0.7229916899970185
2339,0.446216001905596
2340,0.435347858381794
2341,0.5701297636038365
2342,0.2587458211389928
2343,0.4228677236471532
2344,0.6333072510942607
2345,0.7648753428776205
2346,0.38134048369230333
2347,0.34973320108703904
2348,0.4785533808279202
2349,0.5873683554664915
2350,0.6417684771587274
2351,0.29581987905058943
2352,0.519457459890852
2355,0.6900222916714737
2356,0.4600126951462602
2357,0.7854474899356998
2358,0.36913132189098885
2359,0.5810756982806329
2362,0.4423914450712859
2363,0.580691106056321
2364,0.5991243025011536
2365,0.6748318285406469
2366,0.4112455086914743
2367,0.7111783427280611
2368,0.6196745447369414
2369,0.7653635002477469
2370,0.6568349709300274
2371,0.718103003364938
2372,0.5187315531322547
2373,0.753500019500595
2374,0.6136582128435446
2375,0.6324084277406709
2376,0.498080198650565
2377,0.7396372996008898
2378,0.7559828313218305
2379,0.5780049279144992
2380,0.7705587211006444
2382,0.6913702478442215
2383,0.7899591588703936
2384,0.5474469669048224
2385,0.4610595863827577
2386,0.4799126334366285
2387,0.5531694249948796
2388,0.4995275311214604
2389,0.6138023722654165
2390,0.7108072807146422
2391,0.49679701076588706
2392,0.7300990794390967
2393,0.7961473093684932
2394,0.6902994759524569
2396,0.6973569326483986
2398,0.5923161858501114
2400,0.69649524562415
2402,0.4149929403269922
2404,0.7194549430554292
2405,0.6551619349026279
2406,0.6726765647029488
2407,0.43186496625248827
2408,0.6301356688893579
2409,0.4634888141073059
2410,0.4896936463415229
2411,0.688603096448905
2412,0.630861423828138
2413,0.6714553831261159
2414,0.7150921022487104
2415,0.6352911296524681
2416,0.6717776146216528
2417,0.49280449472114846
2418,0.7064285503451831
2419,0.5598075045094819
2420,0.5539976298283644
2422,0.5651879796223691
2423,0.6515306123548791
2424,0.4935038908345496
2425,0.7862187199879196
2426,0.6227145530638691
2427,0.64080155974605
2428,0.6748175532814552
2429,0.7361356139984866
2430,0.7031011255579926
2431,0.48470527309325745
2432,0.6196476664960088
2433,0.6485160385818286
2434,0.664267000300844
2435,0.6781516530597624
2436,0.6888001395801737
2437,0.4965299033817226
2438,0.43547944927161664
2439,0.6381469456691258
2440,0.5961723300784401
2441,0.7099909560662594
2442,0.4601968167777533
2443,0.6768280864402856
2444,0.34451061680853623
2445,0.5041456951642003
2446,0.664777506140304
2447,0.6481241837434364
2448,0.5577231712876816
2449,0.7653854969634702
2450,0.6721562610950509
2451,0.7014473318577426
2452,0.4692227402830338
2453,0.7110454491539743
2454,0.7080942102009808
2455,0.5156330401814964
2456,0.7620186717564811
2457,0.7232753708820114
2458,0.5967823888974016
2459,0.68154036619169
2460,0.705534742020411
2461,0.6348545938253436
2462,0.7520943903100168
2463,0.5375297514887347
2464,0.5833747242321076
2465,0.7689480525891997
2466,0.41456566793475563
2467,0.7144239128760645
2468,0.46982280982786107
2469,0.5476629829893817
2470,0.7492701984030672
2471,0.5733526122390988
2472,0.4025199219391493
2473,0.4482968687544916
2474,0.6253096433149363
2475,0.6877474133650531
2476,0.7664340455458712
2477,0.5752996889871047
2478,0.6137523827387296
2479,0.7137569608592834
2480,0.510932302178708
2482,0.6742858129922217
2483,0.5860718005431662
2484,0.5116535433351205
2485,0.663322149627468
2486,0.3896016026688808
2487,0.42899797717784605
2488,0.6097810948424961
2489,0.5320436408236603
2490,0.7875314110664509
2491,0.5330883961999127
2492,0.7275647654323826
2493,0.38456621302864186
2494,0.7228466978203392
2495,0.6484253107295525
2496,0.7622079148802017
2497,0.5637184213082639
2498,0.4754240588070857
2499,0.7101471629444219
2500,0.2034710217761844
2501,0.6018805919066691
2502,0.6178415362039867
2503,0.6704633757383416
2504,0.414985190443464
2505,0.7141741390892286
2506,0.657096912625752
2507,0.7117095860980205
2508,0.437337501967864
2509,0.2359346633263977
2510,0.7551517531781963
2511,0.4769220208487143
2513,0.48684011584004494
2514,0.7093736925033397
2515,0.7314313374178936
2516,0.4021186432759435
2517,0.7207278096871674
2518,0.7689868874192557
2519,0.5654096359815872
2520,0.5925026584496594
2521,0.7537543486257805
2522,0.48082511815474377
2524,0.32399030160923636
2525,0.8270053961465843
2526,0.6568831079568868
2527,0.6105543252423568
2528,0.5352157053173561
2529,0.5774585565377138
2530,0.48868842905735593
2531,0.6802984904910895
2532,0.6333659943169179
2533,0.5681169979578148
2534,0.7038659189182812
2535,0.6150949264161197
2536,0.6391840490280936
2537,0.5154846509335345
2538,0.7077025461828174
2539,0.5185521126953295
2540,0.567895726581157
2541,0.5669368419151743
2542,0.5312851105679064
2543,0.8223278971915046
2544,0.7287074874145882
2545,0.47746189276585294
2546,0.7395488394959264
2547,0.5657635236872706
2548,0.31389477887105294
2549,0.6910902211323702
2550,0.5378359070930222
2551,0.5911481656012378
2552,0.7458007076305067
2553,0.694372270367875
2554,0.7272273356107141
2555,0.6483407798092029
2556,0.7287504949628283
2557,0.554770699964178
2558,0.6041017608590624
2559,0.7730583915086375
2560,0.7208860504582759
2561,0.5218495687729261
2562,0.5637467261737539
2563,0.7420746884912747
2564,0.6872910526139193
2565,0.8341559900466502
2566,0.5996024671245845
2567,0.708961019288996
2568,0.6034537036327677
2569,0.6511780289941337
2570,0.6584717904440467
2571,0.48086389677409586
2572,0.6404711489876108
2573,0.4815637761755309
2574,0.46084501863611566
2575,0.6631709668282821
2576,0.5817868415909463
2577,0.6949018776925627
2578,0.679293407863757
2579,0.6483366424146244
2580,0.6586545156939961
2581,0.5155184279853914
2582,0.4940022935884281
2583,0.4060486275846256
2584,0.6775607572553264
2585,0.486949919641115
2586,0.7593650080857637
2587,0.5532815175374354
2588,0.5495634112948876
2589,0.6734821255373401
2590,0.7320090131524315
2591,0.7587631303476268
2592,0.5255781717532477
2594,0.7933799842087486
2595,0.6864238485424589
2596,0.5110543894037823
2597,0.6052383682755619
2598,0.766446263550451
2599,0.45769064148934663
2600,0.5831810580055722
2601,0.7256935314571038
2602,0.6185996819609488
2603,0.7527278454282416
2604,0.5855199557363617
2605,0.4789495356287786
2606,0.6868547091589625
2607,0.6654770164779349
2608,0.6679087292972965
2609,0.7544299255850534
2610,0.7533307438686679
2611,0.7918577189269732
2612,0.7283132182199932
2613,0.6983539656205522
2614,0.691485913839103
2615,0.8186812788645925
2616,0.7900556765338851
2617,0.817052366369483
2618,0.78050652790409
2619,0.6300342185279021
2620,0.6869184111495151
2621,0.5523948204199902
2622,0.7111482176777406
2623,0.508309201762141
2624,0.5199200256266134
2625,0.7590446339380438
2626,0.7823045475942862
2627,0.7602092402657104
2628,0.39782288368667773
2629,0.6699042688516386
2630,0.7605819360666249
2631,0.5857648483462885
2632,0.6647450547375869
2633,0.6571163592273865
2634,0.6536497817169782
2635,0.651285557258244
2636,0.5774192044306211
2637,0.7046657287723507
2638,0.6557316702627418
2639,0.6307453291256049
2640,0.7606456484875336
2641,0.4977695035064772
2642,0.6014007043322037
2643,0.39910270975159284
2644,0.49716302699739906
2645,0.4025728498695739
2646,0.5220038071893366
2647,0.5978144778200027
2648,0.6176173537730849
2649,0.7517103082302236
2650,0.6039720163246202
2651,0.7173758062312752
2652,0.6775724834283052
2654,0.71581782158911
2655,0.6029783823975388
2656,0.6601807634782628
2657,0.6479434786066888
2658,0.738201984008443
2659,0.7867313090460012
2660,0.6067716508148528
2661,0.7607736236816736
2662,0.7454271161009143
2663,0.42508124275142295
2664,0.5859180132023375
2665,0.6428876700037871
2666,0.5519019475701421
2667,0.45650732802914423
2668,0.809511094769818
2669,0.7191770064697364
2670,0.4092120513354239
2671,0.6085215251174775
2672,0.8055255742948646
2673,0.6797119869945867
2674,0.8117690830875993
2675,0.7681294096668024
2676,0.6542660285094881
2677,0.8256160385380096
2678,0.6585027871897787
2679,0.4799241369840381
2681,0.7916065342353562
2682,0.40855936044664176
2683,0.67864617500771
2684,0.09852607544971384
2685,0.748677593615099
2686,0.5038824151843535
2687,0.5411726756947839
2688,0.7675753735311768
2689,0.8075536129411786
2690,0.6273800509519314
2692,0.6428210390847271
2693,0.6161676484205806
2694,0.7453894124716701
2695,0.44327952258510017
2696,0.782650047136785
2698,0.503774501421679
2699,0.5366788673925769
2700,0.6522791460859104
2701,0.6851994107841192
2702,0.3756194394932305
2703,0.6294192406112303
2704,0.7469525622128796
2705,0.5947022032158427
2706,0.74207353399745
2707,0.35702950210472284
2708,0.6195016243182864
2709,0.7422679595755233
2710,0.764594688999383
2711,0.7177782605976882
2713,0.039557993936022294
2714,0.433700996363092
2715,0.7334607335082551
2716,0.7069679272744538
2717,0.7718973644272118
2718,0.668642382533177
2719,0.7829763943704666
2720,0.6504666013141999
2721,0.744481919447781
2722,0.6568823125121541
2723,0.8370675300336452
2724,0.6910330689550079
2725,0.5164522517216477
2727,0.3458513961069447
2728,0.8262410854289824
2729,0.6732525081596271
2730,0.3924448362306343
2731,0.4650319495133631
2732,0.6274529220740162
2733,0.7619864514042499
2734,0.7519076126049427
2735,0.5100966042967707
2736,0.8438506040910245
2737,0.6762056426858378
2738,0.8250888631406558
2739,0.6651434768894174
2740,0.6865238168312501
2741,0.44263147843154727
2742,0.7309147907857139
2743,0.6822086527384412
2744,0.8409277422897824
2745,0.6557091206156797
2746,0.6388809252326236
2747,0.6886687587519493
2749,0.6828124135338732
2750,0.2992162748219238
2751,0.585436828917192
2752,0.49027203825859667
2753,0.7746718186211318
2754,0.6435224051231657
2755,0.28706651446155435
2756,0.4975302018639894
2757,0.5424696325551461
2758,0.5769793999174068
2759,0.5378904144365169
2760,0.7992462574147068
2761,0.7574090734511835
2762,0.6758783322058545
2763,0.6468856038954888
2764,0.7890882511288799
2765,0.8314795897045659
2766,0.6085559072472728
2768,0.8096258742347661
2769,0.7553013896654989
2770,0.7234791394636514
2771,0.6398007263388592
2772,0.7406633001223487
2773,0.5340341080792927
2774,0.8305563919798116
2775,0.6458972375667902
2776,0.8150245231003876
2777,0.6984090792605279
2778,0.6761106063653154
2779,0.8479812437674783
2781,0.8676164748346585
2782,0.8513179278974048
2783,0.7568343594171242
2784,0.4246614349070261
2785,0.5850646580644789
2786,0.6942688440978909
2788,0.7736663756302515
2789,0.5426990416853459
2790,0.8018587715106327
2791,0.6483748941659109
2792,0.7956984811936622
2793,0.8639612501947056
2794,0.7608362482972559
2795,0.6567254426624812
2796,0.6341489255254658
2797,0.8202422242967836
2798,0.7702987007251988
2799,0.5246812845506594
2800,0.8284788135592845
2801,0.748066311096909
2802,0.7583619227035059
2803,0.7440738864860292
2804,0.6536680186802281
2805,0.7956416596085277
2807,0.7235470378840946
2808,0.4779199692479303
2809,0.6880909648362317
2810,0.7616943814133358
2811,0.6012631430397403
2812,0.7916494620881547
2813,0.8162122121996002
2814,0.8246434219331084
2815,0.6768760054377013
2817,0.6709668824944854
2818,0.7509530849415781
2819,0.7122479081475152
2820,0.8407422125376408
2821,0.2751523549239396
2822,0.8000811717301443
2823,0.49805631697911523
2824,0.6451701642457345
2825,0.6046019217611779
2826,0.6434821289160956
2827,0.7449862304249579
2828,0.5365920194302055
2829,0.7704340734611966
2830,0.7393205660314863
2831,0.4836873766659233
2832,0.680428422272114
2833,0.7500362173633337
2834,0.8885522060195713
2835,0.7690195953042585
2836,0.5695502827149199
2837,0.48715938424337474
2838,0.8426547267418912
2839,0.6697922836240848
2840,0.6537720347076039
2841,0.6469761049997078
2842,0.6144888289860816
2843,0.7152416772896237
2844,0.5067320561779965
2845,0.7549684792025789
2846,0.6235621563603068
2847,0.7967603723537594
2848,0.8402150979308972
2849,0.5602898463827892
2850,0.6964088650465963
2851,0.7319219700438659
2852,0.7187525848881298
2853,0.8444254767268313
2854,0.8631564678796988
2855,0.8812616022803085
2856,0.5326183308089711
2857,0.7463783591659909
2858,0.8152166882187842
2859,0.8301405420272225
2860,0.7484181200452309
2861,0.7684578001630907
2862,0.8168321904030521
2863,0.22747222896400185
2864,0.8047723478843716
2865,0.7203444979517746
2866,0.6140189604699738
2867,0.7507407361031204
2868,0.7414110933245768
2869,0.4362934087647941
2870,0.7629057223116341
2871,0.7372668591892062
2872,0.7130102985546151
2873,0.7354519898837254
2874,0.8557007119500843
2875,0.5563771542437974
2876,0.7666814191007153
2877,0.7995513177202122
2879,0.8043502355793238
2880,0.5502008948848954
2881,0.7583521926397202
2882,0.850857524863231
2883,0.3136069527238954
2884,0.6281358423773427
2885,0.48383449950927887
2886,0.815848750296106
2887,0.7762979341230676
2888,0.7947827702715261
2889,0.7487042112913783
2890,0.8108027649827618
2891,0.83683614598995
2892,0.6666934482554833
2893,0.7218517486101946
2894,0.8226992091785433
2895,0.652393746439857
2896,0.7963501827096008
2897,0.8125804141933698
2898,0.8206844043231947
2899,0.773189653108698
2900,0.7571098230970169
2901,0.47280816456516395
2902,0.6414076446875178
2903,0.7436751453599221
2904,0.7228060879827838
2905,0.7882376275247087
2906,0.7828774051922043
2907,0.8234342619645478
2908,0.7464478008720398
2909,0.8679370522235145
2910,0.7750665096350235
2911,0.7196150271159784
2912,0.8632545649527663
2913,0.46026522882317156
2914,0.5693501241376132
2915,0.6911700095632375
2916,0.6232863881707461
2917,0.744019232393649
2918,0.5819952052867489
2919,0.8321937177097337
2920,0.5993341715408429
2921,0.5554257678484817
2922,0.4366939778981641
2923,0.78339794113315
2924,0.5360059535598146
2925,0.7072406756984497
2926,0.8208969935892826
2927,0.6403399005530641
2928,0.631901009626156
2929,0.7314031486700562
2930,0.6044167199621125
2931,0.6312937564334
2932,0.4556195771692474
2933,0.875561096344027
2934,0.8124377682428116
2935,0.8171374427682051
2936,0.4755994991578278
2937,0.7732205278912744
2938,0.5417138308382
2939,0.713033281022498
2940,0.6282563072418991
2941,0.8285338671723181
2942,0.8160444513037415
2943,0.8137167263282027
2944,0.8261952919967904
2945,0.42684154009055714
2946,0.7421504228698407
2947,0.8118279850107596
2948,0.8707927866426712
2949,0.7926033363168367
2950,0.6947026203548203
2951,0.6594164375271857
2952,0.6973607859995187
2953,0.8343899660476264
2954,0.8548771697153257
2955,0.7946145175260488
2956,0.8266123365108426
2957,0.8398426623185207
2958,0.7739586613441987
2959,0.7968553211986146
2960,0.6714427440353232
2961,0.8234115479599635
2962,0.8207581580482091
2963,0.714577298832331
2964,0.5925753133823878
2965,0.8745400465377909
2966,0.7143210117726904
2967,0.8095754087405751
2968,0.8187488301017062
2969,0.5893178881071596
2970,0.8436213639728822
2971,0.7564252392799927
2972,0.8470748251887122
2973,0.802433649515438
2974,0.6401945217880655
2975,0.8490687698370254
2976,0.6562812809444989
2977,0.8426723168813784
2979,0.7742961135937129
2980,0.7831625378690711
2981,0.7209357384921699
2982,0.701324789090268
2983,0.6560397759668157
2984,0.8482417830948069
2985,0.7704862637946638
2986,0.7591499832470426
2987,0.5359813265180332
2988,0.8602663535700946
2989,0.703292699183323
2990,0.7832616458873278
2991,0.6862066117240833
2992,0.812076124292851
2993,0.7320396258395687
2994,0.8458265628657067
2995,0.7675053463332038
2996,0.8817233327447763
2997,0.7097335317564432
2998,0.8781120880644498
3000,0.704428479519317
3001,0.8602919464622834
3002,0.874117561991749
3004,0.900264164272305
3005,0.6454862255438399
3006,0.8810684307714335
3007,0.8725792428755162
3008,0.8824585732186137
3009,0.7850303554062429
3010,0.8591988953476305
3011,0.6783079320289619
3012,0.8017658156033755
3013,0.767516494519044
3014,0.6940493980165188
3015,0.8128661434002372
3016,0.8272871555546082
3017,0.8323394418176747
3018,0.8703356670292381
3019,0.7654249335772625
3020,0.8130241380873344
3021,0.847075442286946
3022,0.42546606184245606
3023,0.5588019471037949
3024,0.8511351703363983
3025,0.8213146769799808
3026,0.8895381612180814
3027,0.8579544047695621
3028,0.8710106972262289
3029,0.7782183141739931
3030,0.8100922041472062
3031,0.869054457168204
3032,0.5216668650804163
3033,0.7485185540424406
3034,0.7440684526114536
3035,0.8298070578956973
3036,0.8483749148566765
3037,0.7279240565252043
3038,0.8270083618521319
3039,0.793573563176836
3040,0.6765060855450161
3041,0.6389280017773783
3042,0.8118707177965939
3043,0.7534469519004451
3044,0.7080589190841756
3045,0.6732198073686028
3047,0.7622810489422512
3048,0.784673361789718
3049,0.8198976698657838
3051,0.8222342121850351
3052,0.5447320286922509
3053,0.7270627119667771
3054,0.8299414983203627
3055,0.7774682274563101
3056,0.8108208250769773
3057,0.7477774048250743
3058,0.7898411223804552
3059,0.7315150023214467
3060,0.6868513558044405
3061,0.8005334989818165
3063,0.8593020127442172
3064,0.7870078472756634
3065,0.8706100144089657
3066,0.692210143562601
3067,0.8417756286296265
3068,0.8962226861306387
3069,0.8848227291157487
3070,0.8091757059880829
3071,0.7580769759547535
3072,0.8021450529608172
3073,0.798640730593177
3074,0.8723926009817435
3075,0.7424112070446389
3076,0.771037641670553
3077,0.4651031600498917
3078,0.8057503509430385
3079,0.8178111628105824
3080,0.3763966442831957
3081,0.7255974045148097
3082,0.8278298345860967
3083,0.8602581315803707
3084,0.8312768845538895
3085,0.8440491607724004
3086,0.4769082766165313
3087,0.5394208534267803
3088,0.7911588434784621
3089,0.43211871438281735
3090,0.4953096329771403
3091,0.7631965441048562
3093,0.734683845838304
3094,0.6660939855710305
3095,0.6849960885213279
3096,0.8612782286984889
3097,0.6951720968706097
3098,0.6133652296673353
3099,0.7866312084858931
3101,0.8263976397533438
3102,0.8335140761190634
3103,0.8159832838081583
3104,0.762693107229971
3105,0.8488997832360293
3106,0.6548849354068069
3107,0.8389065607549097
3108,0.7950644165095316
3109,0.7964720546008304
3110,0.7849070810412516
3111,0.4498804989898582
3112,0.8270483312682315
3114,0.8161886806015379
3115,0.19738874015756275
3116,0.4952154576227609
3117,0.7092623051337705
3118,0.8133574820848323
3119,0.8453450092815462
3120,0.7568762885367767
3121,0.5740871871080608
3122,0.7103493376636313
3123,0.6521147853800424
3124,0.8254987061103554
3125,0.7681614032753519
3126,0.6442093967206356
3127,0.6451250908570837
3128,0.8155096736627794
3129,0.6718529556884837
3130,0.8060687794679356
3131,0.4785526785932137
3132,0.6941183353876895
3133,0.8782016730514646
3134,0.8509382875291566
3135,0.7755018003656395
3136,0.7364330376885077
3137,0.8055414131041881
3139,0.8013708208079245
3140,0.7421928941333211
3141,0.8663950055964407
3142,0.8578949628115399
3143,0.7332784784780173
3144,0.748858047428959
3145,0.7827964779903059
3146,0.41024968875301404
3147,0.7430459773135549
3148,0.853223258851436
3149,0.5927361299464264
3150,0.834631181116272
3151,0.8159967146230988
3152,0.7264907935182411
3153,0.7776393221890588
3155,0.6797527358419776
3156,0.8476294656151737
3157,0.8808011586773059
3158,0.8094457027132135
3159,0.8613945686742426
3160,0.8321207731580721
3161,0.9093793294021331
3162,0.7687946856347025
3163,0.7595331044828336
3164,0.6217685668860817
3165,0.5701417011705638
3166,0.5398697376156802
3168,0.7091149925170348
3169,0.5763539997501147
3170,0.8099371959231445
3171,0.8273829519231133
3172,0.7941576735159159
3173,0.5610969019542912
3174,0.7480326904402826
3175,0.5910839326216931
3176,0.5184335919320774
3177,0.8376727003226689
3179,0.8636631538321442
3180,0.7293861696053432
3181,0.8265424717603569
3182,0.9278258620937327
3183,0.3243432922167756
3184,0.613678251801871
3185,0.4395766016036251
3186,0.46156806939078376
3187,0.6804440547376012
3188,0.5967188436813446
3189,0.8940012301901683
3190,0.7557248932341932
3191,0.7016181855779925
3192,0.5984329171671191
3193,0.8234283287347495
3194,0.7744709468202335
3195,0.8216898196346634
3196,0.8686805092686902
3197,0.7413814862579036
3198,0.8280837623762237
3199,0.7854636766093067
3200,0.7105481260819821
3201,0.8748642991240905
3202,0.8036417648965297
3203,0.4430473075081587
3205,0.8684176478763646
3206,0.8009746298335675
3207,0.6181054812275347
3208,0.8052003207770232
3209,0.7797892554116126
3210,0.6992405259994017
3211,0.9037606042141859
3212,0.9124392467109201
3213,0.7779350928688827
3214,0.841925743680804
3215,0.7030054856909226
3216,0.6880175939096813
3217,0.7963009770096499
3218,0.8094033095914912
3219,0.8220679525726757
3220,0.7724901285579697
3221,0.8738322546050575
3222,0.8840522395901569
3223,0.8306178389686972
3224,0.769770869368752
3225,0.7405727259084269
3226,0.7249054109281481
3227,0.7910211428837106
3228,0.7382147667956525
3229,0.7735847847812454
3230,0.5536446253719755
3231,0.7737522191328057
3232,0.7612743354666092
3233,0.5157117397115892
3234,0.8850719114630092
3235,0.6757002980379844
3236,0.7671642444876385
3237,0.8485440511287049
3238,0.8838848504033449
3239,0.7854275300807593
3240,0.8612829264326248
3242,0.8585244679113786
3243,0.8921112626149043
3244,0.8215989344240506
3245,0.8042162623736872
3247,0.8599487543355936
3248,0.8825259049581753
3249,0.7962796141307066
3250,0.7515361351900153
3251,0.8184222160484415
3252,0.7367649579328996
3253,0.7769509665255162
3254,0.7817281820330602
3255,0.7140973192649134
3256,0.8157740791372967
3257,0.8297791342704505
3258,0.7977499352119217
3259,0.7700912334496746
3260,0.8190601563150913
3261,0.831345405706553
3262,0.8088940755624785
3263,0.42139187703405345
3264,0.9199448082252226
3265,0.8092145217024747
3266,0.8542066315381127
3267,0.8708830905454542
3268,0.8694957265003193
3269,0.6439765916624907
3270,0.5027283348058293
3271,0.8459795818415324
3272,0.8154568128226943
3273,0.6923325198261254
3274,0.7656327137613678
3275,0.5968750427334769
3276,0.833648460603112
3277,0.6423734734277059
3278,0.6732453820185271
3279,0.761308590139702
3280,0.7040648225933196
3281,0.5024037598602643
3282,0.8081811663637865
3283,0.7861280174316481
3284,0.7714809374417895
3285,0.8013757092584093
3286,0.8276478657001785
3287,0.781623746110051
3288,0.6838643754447833
3289,0.8811281505253328
3290,0.8739214769445334
3291,0.848682222075957
3292,0.8942785943438857
3293,0.8117085702279998
3294,0.8299678148145045
3295,0.8428335091473589
3296,0.7413039162627618
3297,0.5436191296927703
3298,0.6695921659770772
3299,0.8893193772154893
3300,0.8994246827377441
3301,0.6988432077542426
3302,0.8753851283005571
3303,0.589028877895721
3304,0.8519684722861578
3305,0.865112498537589
3306,0.7599209380543209
3307,0.5257925370347323
3308,0.6823699653131117
3309,0.8288583518476081
3310,0.8396895465466817
3311,0.8560305282702079
3312,0.7212201288535288
3313,0.8788309238978337
3314,0.6395198738208691
3315,0.735469900074414
3316,0.8684710052462069
3317,0.8591138568133563
3318,0.7025511812487132
3319,0.8527312607543776
3320,0.44150481571608025
3321,0.7082120784898871
3322,0.7724912096967049
3323,0.6844969967120264
3324,0.8561074107543615
3325,0.69027553428044
3326,0.9229649187046555
3327,0.8646600615740243
3328,0.5359130980134423
3329,0.8800862876911901
3330,0.8994317503002298
3331,0.8533843071092952
3332,0.8650759988135271
3333,0.7795876045693505
3334,0.830122222232657
3335,0.8548900553322636
3336,0.752268829582317
3337,0.9218293131746946
3338,0.9116007598491561
3339,0.9057165680343446
3340,0.918669906441403
3341,0.8282460106406901
3342,0.439874605423276
3343,0.9093555806816481
3344,0.8814388796149085
3345,0.8135846711606614
3346,0.7719694914302626
3347,0.8251093973167599
3348,0.598735391963622
3349,0.8947251026190037
3350,0.8190096259214097
3351,0.8611142738112044
3353,0.8313705932537049
3355,0.8541900493638005
3356,0.7471322660270725
3357,0.8506198632540068
3358,0.8355833883712903
3359,0.7795534770895912
3361,0.8870328257511068
3362,0.9039487148681968
3363,0.8599302494141549
3364,0.7320411588200761
3365,0.862326292460859
3366,0.9254181782047557
3368,0.7317374478512358
3369,0.34174381785000835
3370,0.7054124744584201
3371,0.3757337595499427
3373,0.4755405326848909
3374,0.8523354556628558
3375,0.8639573755714587
3376,0.8276394527529123
3377,0.8543435620305662
3378,0.7114849487256296
3379,0.7735072816545273
3380,0.5972844961976297
3381,0.785170739024703
3382,0.7779677350135742
3383,0.690111095918139
3384,0.880994762506841
3385,0.8270447803610333
3386,0.8676521538594698
3387,0.7776292825229276
3388,0.764903856251968
3389,0.8144006325039501
3390,0.6114911283059874
3391,0.8052360895116782
3392,0.8812348375136768
3393,0.6059068210096282
3394,0.8825258605982222
3395,0.16087639974971935
3396,0.7518239614050239
3397,0.7102264917482599
3399,0.10104273925068818
3401,0.06114717750103794
3403,0.43007394808234584
3404,0.19474871705425628
3405,0.6174441742067978
3406,0.22637255829088543
3407,0.09451481387400609
3408,0.3533822152159513
