1,0.19098346392163815
2,0.09866174509760478
3,0.22448876083335134
4,0.2390820223735082
5,0.21869778494834383
6,0.28770752240864705
7,0.25713595946141893
8,0.1111423469206292
9,0.2150568697029133
10,0.2753901125745128
11,0.17505734846646023
14,0.2291839164590473
15,0.2871520787459619
17,0.1162915695134822
18,0.29031289504517416
19,0.3354799909989822
20,0.26807153730025723
21,0.13067933474738905
22,0.13693386260660872
23,0.1477396418355991
24,0.19755380586169732
25,0.16799119740294916
26,0.16999523236555597
27,0.169791837807631
28,0.1866218236815186
29,0.28373535521736265
30,0.24825762365160847
31,0.2587722261788439
32,0.15939411105797485
33,0.15998197671874453
34,0.18494338889055154
35,0.23301388533243153
36,0.17389069474388005
38,0.17705527885898892
39,0.24085802292331449
40,0.15114944908843972
41,0.29701301308455813
42,0.2859887190073824
43,0.20895992341241343
44,0.21109295660321903
45,0.18415012067492048
46,0.2606398921043774
47,0.3111535335607578
48,0.15265242098499532
49,0.2564779994637934
50,0.16932104638466441
51,0.18937681672208817
52,0.24167733460655313
53,0.16078479970325912
54,0.27259528832171287
55,0.20688438535303577
56,0.12068374211554675
57,0.2550559063600093
58,0.21296218863869837
59,0.27290823569050354
60,0.22892428945069423
61,0.21815320096927962
62,0.1823631242226244
63,0.15562038349091994
64,0.1629894499340999
65,0.16045322149258853
66,0.19898976574954363
67,0.165028642899306
68,0.18140517245156404
69,0.15270137416087665
70,0.15661759207735004
71,0.16765996527363192
72,0.19949457161939774
73,0.14345065129053788
74,0.1805958113860706
75,0.17342839343378416
76,0.1929902419867028
77,0.19630656130102003
78,0.19186683973141222
79,0.2191308426481329
80,0.14075215236303962
81,0.1825419579715224
82,0.1678628752664796
83,0.215315488762955
84,0.1938695288566252
85,0.18057207055969796
86,0.1472680929194725
87,0.16255644186971
88,0.23486161951430284
89,0.16524471039492447
90,0.15139559328392369
91,0.19450457728755707
92,0.19581508169444653
93,0.17481334219313494
94,0.19474037005932843
95,0.17440493601571613
96,0.2129214438900458
97,0.17286746784521467
98,0.1772899795079532
99,0.1938023306935205
100,0.1709231347134289
101,0.2274190719673229
102,0.1549329677233213
103,0.23098703225389722
104,0.1658540427737893
105,0.20893150661198026
106,0.1570807426402238
107,0.15498808624762223
109,0.17534451597979842
110,0.19306871085714186
111,0.21833687138156954
112,0.15533980949833512
113,0.1571583704541603
114,0.16741197371439556
115,0.15396860359834316
116,0.23721596840312703
117,0.15612078248646977
118,0.15525293577070035
119,0.17547912988079012
120,0.20430844694547584
121,0.21601528099219494
122,0.19120853641634583
123,0.20381406667399496
124,0.16424712828318722
125,0.22242892953609658
126,0.19866976656047222
127,0.17637939257112215
128,0.1968058690462901
130,0.1644032024863974
132,0.23051597615527808
133,0.22572006018481583
134,0.19563814465880977
135,0.1509133552687675
136,0.1450209603801719
137,0.17029094851021243
138,0.20219965580287816
139,0.18894005851614265
140,0.15626908067867826
141,0.13527386855477255
142,0.180389295768604
143,0.20136544754168612
144,0.20821049207925565
145,0.20730135163675004
146,0.13258187365873603
147,0.20434834187644735
148,0.20988019978313543
149,0.16289611307776697
150,0.22594647852452115
151,0.18531086084941767
152,0.1395294882444646
153,0.19656084304254876
154,0.19565662157719513
155,0.17948540800995208
156,0.23319705089395532
157,0.14307891517876195
158,0.1545960386599962
159,0.20840233608888067
160,0.20248521346176274
161,0.24336516188027002
162,0.2902261454496731
163,0.15033963959049404
164,0.180168960314169
165,0.2152856956186901
166,0.1673703744568604
167,0.22873493676557946
168,0.17187236723211094
169,0.18596481044073113
170,0.15181421014093407
171,0.2635076879590758
172,0.029719213992668806
173,0.2947784221489211
174,0.165208903754712
175,0.1306985353099345
176,0.18063294319769002
177,0.1354276660235434
178,0.23210068219831378
179,0.2376288872292414
180,0.16801514361561062
181,0.24392159248745393
182,0.19180525856933867
183,0.15148544429531188
184,0.16536926389865367
185,0.18859940902192188
186,0.27170507128398913
187,0.20615584303558998
188,0.1579017019920925
189,0.20045787087794908
190,0.19074393976055476
191,0.2291854362181374
192,0.15872759532827935
193,0.14674310636070528
194,0.1807020844968704
195,0.16856002879590506
196,0.19066627830592597
197,0.1821759365569343
198,0.14897912211371492
199,0.14358315549847117
200,0.26042507097813067
201,0.010379632425049827
202,0.22555525775365656
203,0.23257059010285566
204,0.15591056497429867
205,0.16284334207990897
206,0.23933108337442752
207,0.16976258313515727
208,0.15553836317622705
209,0.1451939738925458
210,0.16422139573374264
211,0.1896640999775238
213,0.20153165337773793
214,0.2338833487788588
215,0.23140229277275312
216,0.13219866097883515
217,0.21093519249393905
218,0.22725033288770835
219,0.20021621446255275
220,0.1588792896947407
221,0.17586822350997566
222,0.21805802311495895
223,0.18440321416250247
224,0.1575744622308163
225,0.12793799037068057
226,0.13971120652021837
227,0.1565197524412775
228,0.17217239187552652
230,0.14517492208353208
231,0.24544667566931674
233,0.13501820244294296
234,0.25150062206569057
235,0.19462187516540472
236,0.22142923239978626
237,0.15518166220547516
238,0.22685030233850376
239,0.15733509739051252
240,0.2049593758397306
241,0.1841526023508375
242,0.18835006948952024
243,0.15065673338941607
244,0.16633627324265185
245,0.22201871154402322
246,0.23432866742017117
247,0.2367182592692928
248,0.17157039816413572
249,0.16440753924629098
250,0.16444389384055674
251,0.17896200909240312
252,0.18588250137502738
253,0.14925478533443032
254,0.13671974627874342
256,0.17208538904783216
257,0.14783016025033155
258,0.12958418753700465
259,0.13595310871688585
260,0.13836955821776314
261,0.17617606239047356
262,0.1747911813650329
263,0.16704957009589033
264,0.2317190175975636
265,0.13154648696960947
266,0.1662737386978823
267,0.2265163985226525
269,0.1437327884442454
270,0.146129332979589
271,0.1455317991120242
272,0.23868293771848847
273,0.16106311895325273
274,0.15580871450000192
275,0.16185073693874943
276,0.15048393837263593
277,0.2117490921199266
278,0.17231071832080358
279,0.15744834155433596
280,0.21795099238264215
281,0.17218206510872153
282,0.13419468270750215
283,0.19022848681874602
284,0.159065816751983
285,0.21851518673133719
286,0.16358118799771354
287,0.0029770556384865177
288,0.189650936228722
289,0.17294676948763404
290,0.1802414744236842
291,0.1780991074299038
292,0.1563046530605772
293,0.17778779931573074
294,0.1565430417824559
295,0.13807369768774344
296,0.1508987979962611
297,0.21380066500351558
298,0.1392993345412869
299,0.16889964129496507
301,0.20976794594952788
302,0.2744205347636204
303,0.313066698975231
304,0.22336125508412694
305,0.20333128736956282
306,0.1867123025173371
307,0.29503707922828915
308,0.2420156358859415
309,0.21783361095885523
310,0.2113411526245329
311,0.24311839798716872
312,0.19516917881567816
313,0.17512095054638502
314,0.3058761928933773
315,0.1643541066189262
316,0.2499665249395417
317,0.2048456222129324
318,0.20638764463561113
319,0.14941373787702386
320,0.22071124646900134
322,0.1573148624812396
323,0.2480318527431966
324,0.165271595565942
325,0.34971880469079036
326,0.32853985111635026
327,0.23205234410006667
328,0.23414060955462
329,0.017037304912779445
330,0.2568539040494131
331,0.16793371952421957
332,0.2199180715696872
333,0.1778042139498007
334,0.2247133777487522
335,0.23307836694060682
336,0.17067330960176108
337,0.30188090141893087
338,0.16934184315512718
339,0.19567779679757724
340,0.18970062028439394
341,0.17956522265705605
342,0.266843008998254
343,0.20054025963766425
344,0.20562759815125178
345,0.21368918282256322
346,0.20015039745154187
347,0.19751952028769237
348,0.25977620544537405
349,0.21996913438892748
350,0.19238302173929095
351,0.22591583713441707
352,0.20970304630470335
353,0.23081251455701296
354,0.24171332471277876
355,0.372167662720075
356,0.2633735118246062
357,0.3011160544273048
358,0.22457027867639778
360,0.20262304231208078
362,0.17416140892201504
363,0.26927703417733934
364,0.24557964869504567
365,0.2017547827571251
366,0.15123230028485843
367,0.24725882425420784
368,0.20200951312544937
369,0.33444102000258724
370,0.34404193532076127
371,0.3939708885278837
372,0.2864675983023043
373,0.2535879439304522
374,0.32950744816108885
375,0.25074666728226563
376,0.17207202913352948
377,0.3154573798858808
378,0.17562199302687564
379,0.18882736705727965
380,0.17534586763481155
381,0.23765598566987925
382,0.20725587632134312
383,0.28254144504560036
384,0.3041615932129199
385,0.25707556676065435
386,0.13340671065993606
387,0.3388784301242985
388,0.1588513016274385
389,0.15558827239637937
390,0.14197103530864646
391,0.3029269537774459
392,0.016572794998931908
393,0.1629136969613273
395,0.1661074996809125
397,0.2740692168179121
399,0.18635817619529593
400,0.36852224004845957
401,0.17624449669976633
402,0.15398584867942613
403,0.2574564976445322
404,0.1447858050213914
405,0.18315709048533332
406,0.2984340421725548
407,0.24557406224984307
408,0.3016828693669602
409,0.1592140345277195
410,0.2969865936952529
411,0.19053439184844057
412,0.3532057914758974
413,0.1581177072553232
414,0.16015532537569893
415,0.15778567160806162
416,0.15814810817319833
417,0.19531918797141604
418,0.15071586377156307
419,0.143834483466283
420,0.15881582129806926
422,0.19519840225536894
423,0.11730125547796295
424,0.15800758034383877
425,0.1857726577426269
426,0.139604956423181
427,0.18511125462211267
428,0.1777625518290083
429,0.1767836139057636
430,0.17472442618435405
431,0.171621217630876
432,0.2314337126295865
433,0.139696797874224
434,0.22144964186733826
435,0.18220067086662725
436,0.19620645720279717
437,0.2002463980731786
438,0.15734227589009145
439,0.15577152988224402
440,0.14859096856150272
441,0.24598174321340963
442,0.2429987066216292
444,0.19407590489335463
445,0.1533208847824908
446,0.17135626777312155
447,0.2879344901974775
448,0.2757714630718521
449,0.2853271548988837
450,0.17409684410703097
451,0.16710417362043004
452,0.14840338077702608
454,0.17298812679442274
455,0.1877847796617613
456,0.20252405220159117
457,0.24574647342392472
458,0.05993680328189086
459,0.22077888491204153
460,0.1792443375269373
461,0.028894763929891005
462,0.2844612096258172
464,0.23524342769498663
465,0.31319134379073055
466,0.2306157537865583
467,0.22843997284954373
468,0.1492639300254562
469,0.19626532928313187
470,0.2041931180878008
471,0.23508273807483748
472,0.1579201313661428
473,0.24038242725861805
474,0.21053228910452412
475,0.24904031035492274
476,0.17099850020592827
477,0.16811854879106464
478,0.19366111069915906
479,0.1949515043624947
480,0.18722795337121814
481,0.16677742477153987
482,0.32011658011614436
483,0.21888832336045957
484,0.25773064473818114
485,0.09263112845059666
486,0.2140121974992218
487,0.1806135857928049
488,0.1926153576618568
489,0.20413849904346862
490,0.3284565801673771
491,0.14810594092216814
492,0.2674998374065132
493,0.17006625182218754
494,0.32009117165319606
495,0.24139112292095302
496,0.2893775932428343
497,0.21821741874213227
498,0.19044487974628907
499,0.3082565611029431
500,0.1691838234241668
501,0.16712502765772672
502,0.15941670409579353
503,0.1876865001848172
504,0.19431077674978628
505,0.17106233011185673
506,0.19787787984381164
507,0.23933361942401182
508,0.2741274017892324
509,0.1950153544425303
510,0.1623444696422588
511,0.18466057253397278
512,0.25623250551880833
513,0.14637813658174662
514,0.19007246491023996
515,0.2807473352922084
516,0.2545194046204712
517,0.22853622177402066
518,0.2912833809994415
519,0.25723475214114594
520,0.24501498510841094
521,0.1921876881206169
522,0.2284360224422754
523,0.17343147658145258
524,0.16366878731665752
525,0.26338741071238947
526,0.20174770017140026
527,0.2707875130497542
528,0.16734857315134155
529,0.2635736973700201
530,0.2740096421567369
531,0.267707607961426
532,0.25826356547830903
533,0.17615655145577822
534,0.14305257501582858
535,0.11210792512337003
536,0.3358570635504862
537,0.19377505796668046
538,0.15955280787027123
540,0.2130468608712805
541,0.07568598985840158
542,0.03147941601271499
544,0.256261112363004
545,0.18171607646725307
546,0.18780084363842042
547,0.18982781250148054
548,0.18102128675045634
549,0.1647267860097682
550,0.1384257420306246
551,0.1722555502479349
552,0.2871658769695873
553,0.16541700717594796
555,0.1842017069031919
556,0.23779634116564682
557,0.18180538208301
558,0.008035547337930675
559,0.17008678923240278
560,0.29812266227977724
561,0.222559198733107
562,0.17618643120039276
563,0.13621556515905126
564,0.156901417624911
565,0.2155679121799047
566,0.1715666893869002
567,0.21141775017547562
568,0.1655768856131374
569,0.1923382003674627
570,0.2131532350000183
571,0.18524464968744692
572,0.27859469366452055
574,0.21302059018636507
575,0.29321920793902406
576,0.25852196854629134
577,0.1829477174561073
578,0.2958038914797455
579,0.1593313988383576
580,0.3681393524426457
581,0.3348813477590472
582,0.23144844820806287
583,0.1984184366464538
584,0.3431056439363227
585,0.09363494504964257
586,0.19500145720288237
587,0.1862203956061593
588,0.17257549258580002
589,0.18337776200857436
590,0.3268453345316543
591,0.31093398778529346
593,0.4500816376934964
594,0.15468292757415383
595,0.05050904990412485
596,0.31060453754777206
597,0.14381047343085465
598,0.3128071772665552
599,0.2289821135765128
600,0.2647992957548459
602,0.27823200226000083
603,0.33439139765831016
604,0.20321130291102685
605,0.36622000933095944
606,0.2694217195493322
607,0.22258100783466497
608,0.31096170167736276
609,0.1560527767448072
610,0.28606976649392046
611,0.3780568396796944
612,0.31015975567621823
613,0.2275514288483039
614,0.2585074385460924
615,0.16920464131589724
616,0.31405299400250675
617,0.2623955539428167
618,0.17783115416335274
619,0.32491117025302413
620,0.18689372383077116
621,0.17030038277539092
622,0.2764869024483866
623,0.1748031704899186
624,0.1798611423846202
625,0.19871532797601288
626,0.23976223564497243
627,0.3339830225083867
628,0.2769449864617126
629,0.2990050279175074
630,0.20186814429938923
631,0.16018704698441089
632,0.18702493686428356
633,0.2177737523604525
634,0.2060686534522914
635,0.22118547305805955
636,0.19249750192624884
637,0.2798819155725712
638,0.17907664417223784
639,0.24747152146094514
640,0.209828830095029
641,0.21731716141498855
642,0.20606043448936176
643,0.18290951320385349
644,0.20169382769707664
645,0.2618823946846457
648,0.188667911463673
649,0.21083190824261344
650,0.1480779143363558
651,0.23275967739796946
652,0.16211771106802567
653,0.15399536552570786
654,0.18626819220040566
655,0.31025880293787517
656,0.19641442542838655
657,0.2713392308884158
658,0.1494966594378647
659,0.15929340396011216
660,0.2245042039803398
662,0.2429322386817447
663,0.0789950420413749
664,0.24639167895107783
666,0.21284830934094287
667,0.1942688212443804
668,0.11395057202855562
669,0.26192795294784954
670,0.2850445129019642
671,0.23020330935112196
672,0.21616278596852184
673,0.3171494661628874
674,0.36236731982362574
675,0.23930307661134445
676,0.10114816237828193
677,0.27135075824202975
678,0.24139401428176332
679,0.16437519652933535
680,0.26694618889993205
682,0.1644921686143171
683,0.3636485353628608
684,0.22484816059698803
685,0.2189240892879994
686,0.2844439137918341
687,0.24158210239210012
688,0.34077352110178394
689,0.26934199299601197
690,0.25420368893782513
691,0.243633543131137
692,0.25823524520015795
693,0.17227019543131614
694,0.22083218365915946
695,0.2516756858348841
696,0.1635258046803024
697,0.3024272611266616
698,0.2980454867650218
699,0.1913100619329513
700,0.25182878899625566
701,0.24121626269630714
702,0.16238258999859612
703,0.49676866564453265
704,0.4020833845566863
705,0.4085017508140179
706,0.36133093392713506
707,0.2846421876319062
708,0.24837506982370788
709,0.4063574815850856
710,0.1840087475727624
711,0.1673818186100886
712,0.2395274880267261
713,0.25676565570356746
714,0.2390197361204585
715,0.41677961723593937
716,0.3200662561602722
717,0.3701138651399786
718,0.23596993051721193
719,0.36772680794388507
720,0.38456356054170826
721,0.3520600975279424
722,0.3746344724535182
723,0.3572234352390319
724,0.3998853805491739
725,0.351691413970868
726,0.41357188821722995
727,0.39695136972072886
728,0.187612969377269
729,0.19737096996567274
730,0.2347679494834791
731,0.25460761081778555
732,0.15195541094494455
733,0.19329960509603739
735,0.31097675046477624
736,0.25117554922046353
737,0.21820024570122581
738,0.3008735935090042
739,0.30794086810043264
740,0.28712752982524414
741,0.36420688803643825
742,0.22674122952979014
743,0.2586738668990208
744,0.1757303671857363
745,0.23262634801451534
746,0.046481219896641196
748,0.376289800207113
749,0.3824000324992654
750,0.2754799830489777
751,0.20143338887738227
752,0.19248330379699996
753,0.376489706567776
754,0.24225001957504316
755,0.21613206852893482
756,0.3604017452055846
757,0.22272385289365973
758,0.32908504512912595
759,0.20975906377912015
760,0.29662081546199204
761,0.24760466907997472
762,0.28114436929360637
763,0.17681691048511244
764,0.17595554383062584
765,0.33570872313566535
767,0.3040433273192803
768,0.20357269219569935
769,0.17771492009181117
770,0.1892436864834032
771,0.09126576275712692
773,0.21300983971239126
774,0.26379445185498873
775,0.0775069317491982
777,0.3130075509269426
778,0.15822997701171987
779,0.2921201602596674
781,0.21427212369740503
782,0.31382595111956296
783,0.37435061804894687
784,0.21344239496774625
785,0.32595797697282525
786,0.30499461654899873
787,0.18093093213600114
788,0.33526367952875513
789,0.22772405431054252
790,0.256052953782207
791,0.20774538376528578
792,0.29629058587823587
793,0.18571970441581803
794,0.04278407180224152
795,0.2664586136928747
796,0.36481734516287345
797,0.16953913407548396
798,0.19014660261382044
799,0.18386034128666268
800,0.23542778508373988
801,0.20094813373297546
803,0.38229427904238467
804,0.32867203377108695
805,0.34485056279311166
806,0.29243321595571997
807,0.45460526287580644
808,0.28775835762426444
809,0.39712517336588055
810,0.21800036867081268
811,0.42105562100889815
812,0.33429656334357544
813,0.2765777626484587
814,0.42819625524487964
815,0.425103119686089
816,0.1525399105856976
817,0.27149783371237446
818,0.2402972975921653
819,0.21992175063798777
820,0.2741709374949298
821,0.17470914348736077
823,0.23932101249495688
824,0.2958168855865168
825,0.294547862247509
826,0.3712818295638595
827,0.22509202601355394
828,0.2249814300132718
829,0.18601497003030518
830,0.19743705548520088
831,0.2265961869049823
834,0.20991907914056882
836,0.23380634015610297
837,0.31599307379798197
838,0.17199665992834973
839,0.3414339420627287
840,0.32702292176040076
841,0.30321056498631493
842,0.29065105989111173
843,0.34994773602206936
844,0.28195658641301025
845,0.30287215775980864
846,0.19130256099627266
847,0.30959830147803563
848,0.35973460050028244
849,0.33435437220228764
850,0.29157007137610247
851,0.2679574472709742
854,0.2586476121439345
855,0.22412261792516489
856,0.30944361445116064
857,0.29922612027377865
858,0.2784277050740819
860,0.29563496843125747
861,0.17476338096842875
862,0.2902042644174512
863,0.2900559631704765
864,0.06795694167665507
865,0.2284617169696251
866,0.2557008171939834
867,0.24875495437854142
868,0.2765885941564602
869,0.36545572320880093
870,0.313210106874627
871,0.20397494607469369
872,0.3550336112312047
873,0.3186130389302658
874,0.01067667433293432
875,0.2547654694701201
876,0.2469070604299704
877,0.40525011022630697
878,0.36532241317385383
879,0.31307428043928914
880,0.286192534582097
881,0.14710227599885015
882,0.21419309762626734
883,0.25096198894990895
884,0.3210951098501532
885,0.3438521156806188
886,0.2342716894937047
887,0.16606800301380603
888,0.4645380986354516
889,0.4536825885913573
890,0.2792903118982144
891,0.18317356653153605
892,0.17414657209761092
893,0.22451138967262518
894,0.42261731879508446
895,0.34796733152907167
896,0.14957175052571794
897,0.36067985583059364
898,0.48442349482637287
899,0.25947603956049475
900,0.31029303084337223
901,0.2529230287758341
902,0.4256068821791493
903,0.4154649303050814
904,0.17886500203275743
905,0.20655783818980022
906,0.2980505530343142
907,0.05398483156755832
908,0.22098886224879413
909,0.2607425247846132
910,0.30053915033913725
911,0.4054216163773031
912,0.38678498620569934
913,0.22990967662951198
914,0.29568128139748945
915,0.15635463698314
916,0.20810305174751167
917,0.33369247373886757
918,0.3360667191015621
919,0.27543461708185046
920,0.2479240969781871
921,0.3019543818612272
922,0.34499022541962676
923,0.237954245380493
924,0.18868209928200508
925,0.35983098477139513
926,0.3665321266390491
927,0.2571158377135609
928,0.2887544705582532
929,0.3809687230159876
930,0.2520212690154245
931,0.05717176287434181
932,0.3845314690829352
933,0.34621748335090996
934,0.21740503994840707
935,0.2010691318339284
937,0.2208722229210068
938,0.27708991866032023
939,0.29767272957811836
940,0.06880404082754016
941,0.1995025377484338
942,0.18546492721167637
943,0.5114864140052116
944,0.22511105117066996
945,0.18244044734307563
946,0.2900435284753562
948,0.25236400185449337
949,0.37702251894735506
951,0.2028022031807096
952,0.06196838006555214
953,0.09154412337103765
954,0.1935161145680088
955,0.22547991379182264
956,0.31229674007449637
958,0.47297445477075944
959,0.2174544159133916
960,0.4171029163972984
961,0.5179506208111184
962,0.36405279659319517
963,0.34005437220995355
964,0.43282168289194695
965,0.40411539513997524
966,0.22618928985024336
967,0.34165977552246707
968,0.3483293017722275
969,0.3051106148053363
970,0.3100441261367899
971,0.26756659575841363
972,0.2740897472381733
973,0.41021140930359995
974,0.07575815935436062
975,0.1047011357978696
976,0.3476392350193368
977,0.035676513572134326
978,0.23169116502382878
979,0.2684780400804226
980,0.35471599975695917
981,0.3345462822440732
982,0.2364403177859253
983,0.4074199707300644
984,0.2886728971371766
985,0.20008919527907307
987,0.12162686698249814
988,0.20870244066978696
989,0.31521353227670396
990,0.4280225980663258
991,0.2235976847495875
992,0.30021405916101573
993,0.18775998226738128
994,0.43622914653751904
995,0.30166460512181276
996,0.3020298775306403
997,0.4733078200365405
998,0.353769175863266
999,0.3459146223416901
1001,0.3951136954245411
1002,0.3559003215629121
1003,0.4547163848179667
1004,0.2668667721259218
1005,0.20919777395096023
1006,0.41361881478503043
1007,0.33942467323746484
1008,0.2941328197853394
1009,0.024250765768232714
1010,0.49730041413280385
1011,0.2821204916392382
1012,0.3479106700469585
1013,0.21699801073882943
1014,0.1888080441051115
1015,0.1601674942150271
1016,0.22758718092878266
1017,0.00635548573556641
1018,0.26733142020702483
1019,0.44010208199456285
1020,0.27821344646554613
1021,0.3969470357408041
1022,0.4320554222417847
1023,0.30342136057863384
1024,0.22490940748807747
1025,0.3335846917000577
1026,0.38313902883594514
1027,0.26942874909851056
1028,0.40943635527504463
1029,0.3967430354563467
1030,0.2666248640182942
1031,0.3940662802540469
1032,0.3452049971604892
1033,0.44148560918133956
1034,0.48862671792106194
1035,0.49524772623811475
1036,0.1471547112120773
1037,0.3853864922258755
1038,0.27891961214990796
1039,0.44831950038708845
1040,0.023128963211563096
1041,0.24102559434639542
1042,0.16384698507607529
1043,0.05936218215535167
1044,0.29918851250196915
1045,0.21162150093557708
1047,0.41092202898742475
1048,0.1625614957138255
1049,0.5151218498966571
1050,0.17494314656316085
1051,0.49735203753803997
1052,0.348738762034074
1053,0.47573525936108335
1054,0.48389446231077843
1055,0.45116571337637784
1056,0.10083156266711593
1057,0.3879699867858322
1058,0.1630233711112716
1059,0.3257135512771124
1060,0.30260078306345817
1061,0.377877604133529
1062,0.19440591758920345
1063,0.41719602274010137
1064,0.4780365412848681
1065,0.4135407686040853
1066,0.463745685441411
1067,0.264448631088451
1068,0.3168707384138467
1069,0.4241625057223192
1070,0.49526594284879777
1071,0.41495205225400933
1072,0.46332311461164644
1073,0.3356386864002516
1074,0.321983229740383
1075,0.39846200689004635
1076,0.24918891248079575
1077,0.19989976890532635
1078,0.39967073485149324
1079,0.4589645250691202
1080,0.4268824002858298
1081,0.21901973073037267
1082,0.4785144056993654
1083,0.3298671331727802
1084,0.390903331796429
1085,0.3419359741232926
1087,0.41964624278608686
1088,0.49740478063263377
1089,0.3910511997140769
1090,0.22308072378729735
1091,0.28678078106099414
1092,0.013813416424256418
1093,0.2458760566189475
1094,0.4660303476127669
1095,0.26461325573525907
1096,0.417667731207491
1097,0.22590720918069818
1098,0.2851907119038436
1099,0.2710944150058
1100,0.292788128211744
1101,0.3795751874055056
1103,0.4681995712038145
1104,0.1791839355429643
1105,0.3707397107538626
1106,0.21749958111269233
1107,0.23500117497267542
1108,0.0936933211154687
1109,0.3846086399460587
1110,0.1917161796397787
1111,0.354937000278577
1112,0.3977512794607914
1113,0.3443825228763071
1114,0.3778334958970058
1115,0.3393382412576378
1116,0.2957824948199244
1117,0.20141717817806642
1118,0.2424411751347869
1119,0.5170196637963758
1120,0.26157816037638976
1121,0.3720672735921138
1122,0.31959180989965846
1123,0.310610776054431
1124,0.3380764375746389
1125,0.27550976176098196
1126,0.40514247859294467
1127,0.24506286673634173
1128,0.41806627658123974
1129,0.3900895131432782
1130,0.5026558750380425
1131,0.36527386721933497
1132,0.40847274319848714
1133,0.5031256683014089
1134,0.1919509807117187
1135,0.34268560389842695
1137,0.5002619999061714
1138,0.4230142266005983
1139,0.2921775199135856
1140,0.4918163136895716
1141,0.47790145246062904
1142,0.2763279342239675
1143,0.28442813181511667
1144,0.3647582637840173
1145,0.36263479631554085
1146,0.4833317593530575
1147,0.4919990301877288
1148,0.22545293291837687
1149,0.4054638219411559
1150,0.4622492782767109
1152,0.3442767010637945
1153,0.3097534089129449
1154,0.4519194653072998
1155,0.35137588969485756
1156,0.4235255318492503
1157,0.3295499353580342
1158,0.40721776873231535
1159,0.40559407925982527
1160,0.16407677664994033
1161,0.4134579126596024
1162,0.4647370826301044
1163,0.3636773853588527
1164,0.49767735657398876
1165,0.3245319152672711
1166,0.32818616873496076
1167,0.510796542956808
1168,0.5289488289802917
1169,0.4089523611885444
1170,0.3652522970508442
1171,0.3294844779501874
1172,0.222651233684427
1173,0.4822234522253256
1174,0.3785836166295183
1175,0.3608774459080439
1176,0.49692937885530325
1177,0.4858366684145935
1178,0.4621931087527259
1179,0.16656884635376015
1180,0.38347918190372504
1181,0.5017177673105173
1182,0.4135021061557673
1183,0.3967606069241084
1184,0.4795030709681403
1185,0.4369930884190031
1186,0.49957481570447626
1187,0.29856052053956555
1188,0.20614711044396467
1189,0.3799067786377641
1190,0.27542699905338724
1191,0.5302051087571247
1192,0.42032309201719203
1193,0.3085298674403717
1194,0.2339842081290313
1195,0.4553884569781723
1196,0.47352503852473954
1197,0.23651452443535603
1198,0.21197632335478545
1199,0.3712261534896738
1200,0.41339371087049775
1202,0.26692030963142865
1203,0.2103954889704789
1204,0.33866859659466725
1205,0.3424106975278436
1206,0.4398248451216753
1207,0.11498341478948074
1208,0.43680104053073704
1209,0.26147371238016276
1210,0.37290893111647294
1211,0.35799981373206863
1212,0.3953613400150798
1213,0.44925205020477316
1214,0.3916037935956931
1215,0.21834019277922884
1216,0.44513790747130005
1217,0.4360020050301377
1218,0.21595283006329094
1219,0.2837534051611875
1220,0.19521580568156938
1221,0.34532371401231515
1222,0.20296987434933653
1223,0.32810680426630157
1224,0.3777917191639207
1225,0.4249019140079635
1226,0.40500724453180226
1227,0.406849840412638
1228,0.29195713553733643
1229,0.3586820127720221
1230,0.3700299298139262
1231,0.22798220358738433
1232,0.49675169605423464
1233,0.4641972164339387
1234,0.37289214457681125
1235,0.4128408370920032
1236,0.3424472951340641
1237,0.48379473242887217
1238,0.3906359890314
1239,0.29640866922735404
1240,0.3363685654964676
1241,0.4561318288048488
1242,0.507813927031758
1243,0.27192752910835316
1244,0.3883243154204954
1245,0.47095133592308824
1246,0.4701497139102648
1247,0.3310713844413427
1248,0.33785070482169327
1249,0.21157463076781538
1250,0.45074049897831064
1252,0.4803543031105877
1253,0.49052503424826
1254,0.5243743324645282
1255,0.4134410297587105
1256,0.2803178409533156
1257,0.31510873363412595
1258,0.44246264019958875
1259,0.297940550049382
1260,0.2976447021224828
1261,0.5195318928103488
1262,0.4052171544010985
1263,0.38052034898872217
1264,0.4109271459534922
1265,0.32385662290641964
1266,0.32758518386506963
1267,0.4274960008915875
1268,0.382791558288614
1269,0.2866439590798567
1270,0.4577351199529701
1271,0.37905750502393437
1272,0.33970249824795834
1273,0.36011626269680547
1274,0.4034726938553372
1275,0.4647850538405518
1277,0.23700973751730098
1278,0.3198883583292312
1279,0.42560097453691864
1280,0.4849894527024036
1281,0.3598023665540765
1282,0.3740374750908405
1283,0.38565483019417535
1284,0.18239142787431126
1285,0.3442018861701936
1286,0.26825145157871216
1287,0.4222089916198561
1288,0.39713317902599965
1289,0.47425091906273914
1290,0.4948723724505913
1291,0.519150727172599
1292,0.49710424213662646
1293,0.42889916124944805
1294,0.3422084842159481
1295,0.43480028808926724
1296,0.3303910948397511
1297,0.26085308865751916
1298,0.24027798322936084
1299,0.4337723701128604
1300,0.37085820557403915
1301,0.47884561565945055
1302,0.3009383703060557
1303,0.2555012671556056
1304,0.27970545967274885
1305,0.34552358985982046
1306,0.40846951391539493
1307,0.35826166639621404
1308,0.49861727852973303
1309,0.493342401352774
1310,0.33399785600854853
1311,0.37423593621652573
1312,0.22917485242880403
1314,0.1595867907119783
1315,0.4257433546859771
1317,0.31579379358018644
1318,0.4177484684062732
1319,0.33745973259531664
1320,0.3700976593935927
1321,0.4378867738262535
1322,0.46995598674212613
1323,0.4423220402196312
1324,0.3629646903301314
1325,0.442209043911752
1326,0.34987082929271746
1327,0.33825863507926734
1328,0.4398266061722921
1329,0.42055959582420793
1331,0.12780954267601932
1332,0.452682023234697
1333,0.36251861729016305
1334,0.21338194269344965
1335,0.25374789136679443
1336,0.3248724104153328
1337,0.3949143660816588
1338,0.21948320582757477
1339,0.4694576430994709
1340,0.3525258241121159
1341,0.418297011895083
1342,0.31638063192396654
1343,0.5114454332905037
1344,0.33311094322811013
1345,0.4929563670266736
1346,0.41168393794653585
1347,0.18156883829477152
1348,0.3262986823680197
1349,0.3781307808361899
1350,0.35300753224468845
1351,0.4127857506968052
1352,0.39943111766557277
1353,0.11634508344060077
1354,0.4341638026579663
1355,0.2911689814005342
1356,0.35631625538322886
1357,0.3961497549490856
1358,0.317471781252373
1359,0.40601678899954413
1361,0.35797594689591566
1362,0.4071585963564149
1363,0.3404800131805552
1364,0.3491246047401969
1365,0.45096717023342103
1366,0.48924463523724326
1367,0.329902402588482
1368,0.41652246309866736
1369,0.40247560545699396
1370,0.44746253763383864
1371,0.3960066211189478
1372,0.37541282243321217
1373,0.30479023441593717
1374,0.5369963358149218
1375,0.5044943917164588
1376,0.19498420790144486
1377,0.24440376656031723
1378,0.39769985995262713
1379,0.421201852626644
1380,0.4976150168052797
1381,0.4768113865580294
1382,0.2366838595027738
1384,0.2725659771692851
1385,0.19424474360587027
1386,0.36297691659559644
1387,0.48978087633313894
1388,0.12499149121043143
1389,0.19008710619059074
1390,0.4709121568349503
1391,0.2478781168792541
1392,0.43989230691819
1393,0.44686761889421356
1394,0.4359500875291129
1395,0.2929508581064265
1396,0.5377920792333328
1397,0.3473896616291744
1398,0.18261468284298804
1399,0.4723384858416653
1401,0.4039599310073161
1402,0.4787647780925628
1403,0.3999487636216162
1404,0.47201302149435664
1405,0.37560620283131424
1406,0.46940966171297765
1407,0.40549633104772814
1408,0.3652634232831346
1409,0.4593714593013506
1410,0.4376568187980909
1411,0.525387236188752
1413,0.3622396672813477
1414,0.4157880846432017
1415,0.48613310166248164
1416,0.48446117723141874
1417,0.240912322172435
1418,0.17379294029932243
1419,0.42134001335303245
1420,0.47574459294434623
1421,0.36239586077876135
1422,0.4425224408114854
1423,0.3739040410311832
1424,0.41690625626873395
1425,0.5333908561155379
1426,0.4681531907131554
1428,0.5061580000226551
1429,0.4376516027528122
1430,0.24163814393855693
1431,0.4150984751543235
1432,0.4975397936988927
1433,0.43483882912245564
1434,0.36103951970350556
1435,0.23709770249669357
1436,0.4916885382870178
1437,0.37877146838583187
1439,0.5075981553646262
1440,0.3657019222930784
1441,0.4001451007526976
1442,0.4630653493449108
1443,0.4111399166158593
1444,0.37504695886553013
1445,0.5237049074355832
1446,0.43179918299971987
1448,0.4367114494519522
1449,0.4143368786693603
1450,0.4238150795649891
1451,0.5270659287260913
1452,0.4563268142973052
1453,0.48860668329888096
1454,0.46349225146521295
1455,0.40555540864888456
1456,0.38795030017103643
1457,0.49885185053975334
1458,0.4287232270294793
1459,0.33515231429443915
1460,0.2807455484786971
1461,0.1538510777132443
1462,0.26127067689925526
1463,0.35439083534814486
1464,0.5217604522300213
1465,0.4111299889691124
1466,0.340468311549868
1467,0.5335900535362935
1468,0.39746380538407416
1469,0.5020354902095265
1470,0.4272963621514644
1471,0.4730900099859902
1472,0.3865395766897114
1474,0.42478552543833387
1475,0.4181201954874224
1476,0.3731139088588273
1477,0.4368793447090626
1478,0.35575548256363915
1479,0.4311381301424857
1480,0.5144827317402656
1481,0.41843179018320115
1482,0.34032452217465575
1483,0.3873076358192248
1484,0.4424690799578973
1485,0.281068815721711
1486,0.21183457873466902
1487,0.1634161696747354
1488,0.4576862348713394
1489,0.2850454677439637
1490,0.2708121009107212
1491,0.21788080870229964
1492,0.33796652181748776
1493,0.2828476471322301
1494,0.3606918986671118
1495,0.22586852787853354
1496,0.4169440620966089
1497,0.41447072496595283
1498,0.4239651610240888
1499,0.45927383758842777
1500,0.4961486138371563
1501,0.2932332308649479
1503,0.1815446224914754
1504,0.3795675657003901
1505,0.35055538975906847
1506,0.28205428139772104
1507,0.4784204245704326
1508,0.45312708723859524
1509,0.2485292265980978
1510,0.3455974744480826
1511,0.5062283225514492
1512,0.17447307884428148
1513,0.5190002463596491
1514,0.4722950127388881
1515,0.46158317907756996
1516,0.38522982208963746
1517,0.2475775942053483
1518,0.558650301535727
1519,0.4314217115298281
1520,0.48185772707850677
1521,0.3570249110734261
1522,0.05199296456243322
1523,0.3579885380536575
1524,0.20851165369428853
1526,0.529694853382733
1527,0.5032241681642692
1528,0.3766116446441626
1529,0.4398888585798815
1530,0.3436444952663612
1531,0.456062440687668
1532,0.4138934894115874
1533,0.32462518620206077
1534,0.35530031785212096
1536,0.4729522443914529
1537,0.2643937866341855
1538,0.0503701896684244
1539,0.2845938628418875
1540,0.4029014533725959
1542,0.278795676457596
1543,0.3045068446686607
1544,0.4563176296821413
1545,0.4068093999653716
1546,0.479198137743305
1547,0.6757351007267731
1548,0.4156894530109187
1549,0.3718675091797206
1550,0.36192613770425985
1551,0.35244296743959985
1552,0.5534670333632261
1553,0.4115851959373122
1554,0.42152285112430365
1555,0.5933215105110656
1556,0.3658695468019511
1557,0.4850950511696792
1558,0.4806339483154223
1559,0.4302095510526689
1560,0.4914450060220446
1561,0.47804581322588574
1562,0.40348449976410244
1563,0.4144318881142009
1564,0.3954175247942044
1565,0.5944049350344702
1566,0.3289446066897355
1567,0.5419533927755388
1568,0.5927997385965229
1569,0.4608475435744383
1570,0.5297482554271766
1571,0.5006307985505702
1572,0.3853617021607672
1573,0.35640699030872425
1574,0.5310365895685384
1575,0.23395783566722236
1576,0.44846911739096923
1577,0.19003123207317643
1578,0.4739539397256454
1579,0.45815199046450483
1580,0.5848553044730829
1581,0.2965202395945766
1582,0.118121192220027
1583,0.29398329459146294
1584,0.5620353893399497
1585,0.2706696426412008
1586,0.3266594889191211
1587,0.3217461138647147
1588,0.3272501732213983
1589,0.27581008243325267
1590,0.38706827111161124
1591,0.4097570247327341
1592,0.5264897679001999
1593,0.2887895456432145
1594,0.2387553376959774
1595,0.3436565038480264
1597,0.44573007153101246
1598,0.3583709829123887
1599,0.4180376221596936
1600,0.4580368919877334
1601,0.3983871114844482
1602,0.45971819211918646
1603,0.175943340969958
1604,0.5322055127820152
1605,0.42911493379613413
1606,0.4569231274753009
1607,0.5224577587144931
1608,0.357219728543549
1609,0.5046496711017987
1610,0.5035427869320425
1611,0.5539249517344422
1612,0.43444691226029036
1613,0.5095762195097375
1614,0.46262663142781385
1615,0.247713444361402
1616,0.5529071512548456
1617,0.4514505176084714
1618,0.44747083011190075
1619,0.21128584825316793
1620,0.23509781681295933
1621,0.34726131840726066
1622,0.33706519061439627
1623,0.22879979502544856
1624,0.4033440267523599
1625,0.5120523687242836
1626,0.36858942223036395
1628,0.5000839131469742
1629,0.3936286853508119
1630,0.4033359949833042
1633,0.34256002497531696
1634,0.4975941035739239
1635,0.39951735460238536
1636,0.4923747176633457
1637,0.5424571323449504
1638,0.40519896665245636
1639,0.17061965090695794
1640,0.469070712013383
1641,0.3268056331635919
1642,0.33077581334127243
1643,0.30385732913364205
1645,0.48154391481347125
1646,0.3037468661840328
1647,0.3030168889890943
1649,0.3615479350038246
1650,0.4374567177708249
1652,0.16573856087269745
1653,0.34663934280263486
1654,0.4205864054680311
1655,0.29487349289931847
1656,0.6121127964554764
1657,0.43467087618566175
1658,0.5029754408382081
1659,0.5335237292931163
1660,0.1903473116642392
1661,0.4276008777502433
1662,0.5859338159126971
1663,0.35117827575208804
1664,0.3751708156563121
1665,0.551682153987542
1666,0.3381978328817545
1667,0.21608313121004763
1668,0.41158951047123477
1669,0.41498880256482484
1670,0.4767993040172035
1671,0.43380677594557976
1672,0.289981008078528
1673,0.35465100116580406
1674,0.31917226078907346
1675,0.051236688083541745
1676,0.2912751696304094
1677,0.12826260266141604
1678,0.47253223115918586
1679,0.4565756391830077
1680,0.27547493930696065
1681,0.6148176978620435
1682,0.30965860739302903
1683,0.27757528314016955
1684,0.2805380046034011
1685,0.2972103209223626
1686,0.46615737366752247
1687,0.5231480514345056
1688,0.433145452436751
1689,0.3779408317939835
1690,0.3314913197418218
1691,0.3565874336179603
1692,0.4501387347581582
1693,0.4886553768258711
1694,0.47590110513600875
1695,0.16648454367518634
1697,0.4296100036733572
1698,0.38705776483648635
1699,0.3651124742157129
1700,0.4522986990414615
1701,0.4641920084862209
1702,0.5156029330372839
1703,0.5204343284850221
1704,0.3198946215541294
1705,0.44018004539652256
1706,0.40638249745446614
1707,0.4616683274291037
1708,0.5024150962978675
1709,0.40133918484126635
1710,0.5754047321016426
1711,0.53318900189901
1712,0.43782630252415566
1713,0.36186754159514645
1714,0.4027953234042037
1716,0.5287388297767392
1717,0.28653702615640275
1718,0.48698741560171177
1719,0.3393031271808762
1720,0.5505460957079923
1721,0.3280513242357286
1722,0.4687654106434837
1723,0.490977591250192
1724,0.28949541656382
1725,0.42897506674241237
1726,0.37942742072224084
1727,0.3759857832855073
1728,0.3748636743958668
1731,0.37862454281303193
1732,0.24507945178138107
1733,0.40489324644395397
1734,0.4310973621372553
1735,0.26555638447070923
1736,0.49416581186814085
1737,0.454371921992962
1738,0.2299035884514418
1739,0.5186153268529243
1740,0.3496789293431219
1741,0.38892027901301257
1742,0.3828536261820511
1743,0.4755902489245913
1744,0.657135849933032
1745,0.44886848062205403
1746,0.2163189461461363
1747,0.3631758150584159
1748,0.5544515232858319
1749,0.407191927868084
1751,0.4737174549706071
1752,0.3756290343846259
1753,0.2658596705293319
1754,0.44959488724072133
1755,0.41130223852461306
1756,0.4367738064009498
1757,0.4499995407358838
1758,0.06868890281361283
1759,0.40545745953426454
1760,0.5435040135781893
1761,0.42802157552581255
1762,0.4305327541338485
1763,0.6631476475481705
1764,0.4173779789002581
1765,0.37191568006432196
1766,0.6298962032223451
1767,0.3413401384354862
1768,0.23078432800908136
1769,0.4239920156583436
1770,0.467706313369538
1771,0.5252261108844776
1772,0.5137548013936318
1774,0.6076950425302544
1775,0.3791256442579639
1776,0.5459495030348391
1777,0.4600554550620138
1778,0.6667240331282223
1779,0.3255948145861049
1780,0.39441813031054945
1781,0.23694458478045236
1782,0.32928344610446036
1783,0.5220719033905242
1784,0.5308950624295212
1786,0.38134828049102726
1787,0.24474057298472623
1788,0.37211590482649504
1789,0.40525733186265095
1790,0.5113701898791037
1791,0.4357232443613178
1792,0.51550898214157
1793,0.16605538624378774
1794,0.45862040258794406
1795,0.3980182018944524
1796,0.42505484888016665
1797,0.5798352744050392
1798,0.36360020374682733
1799,0.34744479986028964
1800,0.41175836435257307
1801,0.3074986631099298
1802,0.35901205949780357
1803,0.33073010080839016
1804,0.43987143312138294
1805,0.37589038710197337
1806,0.40309220601053636
1807,0.2680755655407579
1809,0.649010403868554
1810,0.3839697860008996
1811,0.44565069949522523
1812,0.394189600957949
1813,0.592825816232677
1814,0.018322128979023036
1815,0.4544057458399511
1816,0.5059877323617122
1818,0.5941652679479207
1819,0.3798298590251401
1820,0.5953766053181737
1821,0.28994493380789105
1822,0.5109363820906182
1823,0.41277252023383554
1824,0.3675904604260745
1825,0.457024480018823
1826,0.5513414121086129
1827,0.5904059468543934
1828,0.5049193278778731
1829,0.4987851836410343
1830,0.4469133715760307
1831,0.5496003287224124
1832,0.49671500772319827
1833,0.23394390946440158
1834,0.23554274011787138
1835,0.3673379768834097
1836,0.0722735479921541
1837,0.31701432031592763
1838,0.4646516655100551
1839,0.4190540148371105
1840,0.42577641764276275
1841,0.3406617355898585
1842,0.3239532808858652
1843,0.3637317222916678
1844,0.5177173380595294
1845,0.6032771185890423
1846,0.5426095783476037
1847,0.279826983278349
1848,0.33869250030104714
1849,0.4791964056372044
1850,0.019098985732118844
1851,0.44560101919671785
1852,0.39700453414456705
1854,0.5439228025581501
1855,0.4271912479105953
1856,0.3975276202889738
1857,0.5421540784430042
1858,0.4712926411147246
1859,0.46812212801884046
1860,0.4361736909682152
1861,0.12240615344185811
1862,0.28055151811354045
1863,0.4529334143253499
1864,0.4861077232102817
1865,0.5155340125261444
1866,0.620922342593787
1867,0.40916601035906197
1868,0.49498992690336396
1869,0.6023002574080993
1870,0.53167837727462
1871,0.370674805912343
1872,0.5757155262714312
1873,0.5567171434838816
1874,0.6989533979113618
1875,0.13071295433261157
1876,0.36126715676389115
1877,0.4586672910476221
1878,0.4603120840152
1879,0.6740328512801381
1880,0.5046580587395642
1881,0.44784038644615715
1882,0.44480461298769464
1883,0.5439640893501797
1884,0.20689183503709307
1885,0.30346903436554845
1886,0.38884162110356846
1887,0.4422219441960945
1888,0.497424289009049
1889,0.4093601162241683
1890,0.2997553651627943
1891,0.3145933438777147
1892,0.43823264380575006
1893,0.47586657475829847
1894,0.3750450142816067
1895,0.40676761157873415
1897,0.5450855644464875
1898,0.39166600246325817
1899,0.47232369680426406
1900,0.36889651420364494
1901,0.47479168474423517
1902,0.5426505586568984
1903,0.561491456264765
1904,0.4992583909157766
1905,0.5902819142316312
1906,0.7050747566988046
1907,0.644926837585196
1908,0.5294322746297229
1909,0.2626711352211996
1910,0.6285617287271649
1911,0.46234611655517494
1912,0.3867396941858508
1913,0.5838323589598501
1914,0.2196140295113066
1915,0.29233280416763807
1916,0.5470262587804873
1917,0.47797560619954066
1919,0.29072421039900026
1920,0.4674899902582678
1921,0.46896901283157394
1922,0.5413695482810409
1923,0.43317868639195517
1924,0.506150052171803
1925,0.5668713003798211
1926,0.48340494597847616
1928,0.4728715412041618
1929,0.43584298201618227
1930,0.6450112549455363
1931,0.4237430756119756
1932,0.42432665076575304
1934,0.5206045358488451
1935,0.5967272595595008
1936,0.6226137843885429
1937,0.5445991730450666
1938,0.6008991255006589
1939,0.5521166569299347
1940,0.46045279038747294
1941,0.36472228264279116
1942,0.557928499589807
1943,0.4908691584757593
1944,0.41782622279520854
1945,0.4475753747325431
1946,0.5734268254050051
1948,0.5815710285861342
1949,0.36010495034043666
1950,0.7441779082408823
1951,0.5720719865820572
1952,0.5447345264305273
1953,0.3881331520401077
1954,0.46051288620699804
1955,0.38748809763696557
1956,0.5776307815824282
1957,0.43197933891943724
1958,0.6233963620679741
1959,0.46879653283989925
1960,0.5455222309512971
1961,0.3817822430925797
1962,0.2606476892964598
1963,0.5757144601700297
1964,0.361600017290204
1965,0.5202203643397718
1966,0.5395673480233388
1968,0.5589757593686872
1969,0.6112082477444407
1970,0.19653812876932247
1971,0.4338597992633139
1972,0.3066947744445328
1973,0.2766474200167348
1974,0.022607023620665856
1975,0.34555127989189804
1976,0.49155043768361983
1977,0.09098616152535338
1978,0.27525121159673616
1979,0.46341991060357385
1980,0.4502459929087845
1981,0.542365102212481
1982,0.43314748966556454
1983,0.5386367738204384
1984,0.5946109639464722
1985,0.6164061530919958
1986,0.5431621676290357
1987,0.4252513297171726
1988,0.4268607177964165
1989,0.5260031962991804
1990,0.24885301353303454
1991,0.5168051091913898
1992,0.4996364004013685
1993,0.6325540320234193
1994,0.5876988799030513
1995,0.38892241159663493
1997,0.5982318650548049
1998,0.49524412023290987
1999,0.6550868716617013
2000,0.6425027848319342
2001,0.5646995610812452
2002,0.3888942466317251
2003,0.12184276104849635
2005,0.6109232807428076
2006,0.4335470137413766
2007,0.5211770131912984
2008,0.60016294405175
2009,0.5057990855368448
2010,0.5056348344724146
2011,0.46028474735254993
2012,0.5167994265957856
2013,0.42934272263855194
2014,0.5010355177502532
2015,0.32391852130085175
2016,0.6106388499159893
2017,0.43872930279007394
2018,0.3634689429461916
2019,0.5685378661178132
2020,0.5382245763325488
2021,0.5319075278448372
2022,0.6228061311926256
2023,0.39472433760316195
2024,0.49190933972175627
2025,0.5535344131877128
2026,0.4463296738446765
2027,0.49172842355170054
2028,0.32106772700684133
2029,0.3829736100277346
2030,0.4222622133531098
2031,0.44526256156780025
2032,0.4203294280488336
2033,0.5269519923165963
2034,0.7124925161250278
2035,0.45955755508617757
2036,0.3628610166770175
2037,0.3666843801836346
2038,0.39376087591826026
2039,0.517000742511947
2040,0.18231605178253138
2041,0.519902227553468
2042,0.4699570526996205
2043,0.5049290891753232
2044,0.5537270649181849
2045,0.6535888134108188
2046,0.618106865980466
2047,0.4949112759950486
2048,0.3787138389544857
2049,0.6708053872347701
2050,0.4052357712649457
2051,0.3323737820136218
2052,0.4810214545106138
2053,0.5061892508324125
2054,0.3908396854442668
2055,0.10763997923427074
2056,0.5907169143978702
2057,0.2827479533240157
2058,0.39224171287558796
2059,0.041981673296965054
2061,0.7154713028231816
2062,0.43051372469556237
2063,0.5106120083510366
2064,0.7081750584531563
2065,0.13410909490265252
2066,0.01027564010903854
2067,0.4705791608892958
2068,0.3011750418719009
2069,0.18498093810911775
2070,0.4759793255045027
2071,0.4079089337260098
2072,0.5644004374389974
2073,0.39957821351405
2074,0.6366164484287432
2075,0.5678146509941604
2076,0.3746652188762602
2077,0.45445107505298543
2078,0.5369634445470568
2079,0.6581268355886549
2080,0.6218673635574095
2081,0.6483299542468852
2082,0.5816385515335395
2083,0.5351606471980109
2084,0.4426410541574935
2085,0.5340017581918475
2086,0.5676753300360866
2087,0.5359150117712288
2088,0.7008729225194928
2089,0.4408839129278058
2090,0.5996434589806028
2091,0.3176058162144048
2092,0.5682753679316954
2093,0.5037907443928826
2094,0.23747149977725449
2095,0.4224666036116341
2096,0.5814896080195084
2097,0.5697183053642637
2098,0.6854026195816418
2099,0.36229241865813344
2100,0.49986904254441417
2101,0.5096279724731017
2102,0.48898358752251386
2103,0.4848788340335416
2104,0.5395598387128913
2105,0.549841001282543
2106,0.6281788495177847
2107,0.40049159436878545
2108,0.5991319705790219
2110,0.6420526695511211
2111,0.5182654672969298
2112,0.42345681355442516
2113,0.7439425030394571
2114,0.7081886092162164
2115,0.5409913610066427
2116,0.45222014905511243
2117,0.5512303286026361
2118,0.36575408814447286
2119,0.5218762131575116
2120,0.45132883120156286
2121,0.2651890892753317
2122,0.5506153889008001
2123,0.38819769712363006
2124,0.4059439180055832
2125,0.7635937085834222
2126,0.43233158362047314
2127,0.6255945153020381
2128,0.39875213342294297
2129,0.4259331381503998
2130,0.4853166269102236
2132,0.6709930491149539
2133,0.5565712326070243
2134,0.38500266001735034
2135,0.5453273499054719
2137,0.5292337099066212
2139,0.3998135150174716
2140,0.6968946397246112
2141,0.42553262892565397
2142,0.03438366777251116
2143,0.1496656585926662
2144,0.37265339247272755
2145,0.3296046413981467
2146,0.38958076312440026
2147,0.4472548306904871
2148,0.19463980309083684
2149,0.5051017488482281
2150,0.5835613732836447
2151,0.3913759671030903
2152,0.5291059817726376
2153,0.6430951028724395
2154,0.640401163761962
2155,0.7597708001120805
2156,0.5954527312925016
2157,0.6047466286083654
2158,0.5085564343148593
2159,0.16343413185021255
2160,0.6126864542893172
2161,0.3974494515351863
2162,0.6439637172519292
2163,0.6529818053007582
2164,0.5321016917765965
2165,0.5923318017647613
2166,0.5128723167780371
2167,0.3282646691452919
2169,0.4340341116190015
2170,0.27541166510725806
2171,0.2997878434132837
2172,0.13388282018730216
2173,0.5392385370223115
2174,0.5611278383411326
2175,0.6929034959080053
2176,0.2395567646643251
2177,0.3417689614073189
2178,0.6860116588645222
2179,0.6993174936807284
2181,0.6675560296444091
2182,0.5310961478600442
2183,0.5984852959101915
2184,0.6008149856013564
2185,0.40699807080093764
2187,0.7598192020532537
2188,0.664573213397294
2189,0.7495012991270578
2190,0.6080886728270853
2191,0.5975874583539765
2192,0.6105019510583147
2193,0.5824878405066237
2194,0.6895361471091606
2195,0.5223133608602107
2196,0.4933691564838525
2197,0.8159622691485822
2198,0.5744621373759227
2199,0.32294803064968525
2200,0.6129420142584965
2201,0.6585812636735605
2202,0.7111225487623783
2204,0.7120368428192553
2205,0.5908417895829201
2206,0.6909484699160281
2207,0.6524338601748684
2208,0.598513008667435
2209,0.7545182201328137
2210,0.6698406506149709
2211,0.46398617937860254
2212,0.2126236911315279
2213,0.42743030529786064
2214,0.5249651729213427
2215,0.6059697608260926
2216,0.4013509684582249
2217,0.6502211767843057
2218,0.4952438156371453
2219,0.6705481042801981
2220,0.5473864741803685
2221,0.5292778448904419
2222,0.6192363661226034
2223,0.7171502596552882
2225,0.587426851483739
2226,0.2788354247191319
2227,0.6430420071081475
2228,0.38210142706737554
2229,0.6736034976032534
2230,0.36225661219040983
2231,0.7140772553995652
2232,0.4154783731191223
2233,0.5874690001249704
2234,0.4605861706082046
2235,0.5888478628895163
2236,0.4929281515268268
2237,0.51424229810095
2238,0.5532961823029579
2239,0.6450442189824482
2240,0.5654789090420989
2241,0.2898006617400439
2243,0.6297312944449046
2244,0.7529086188631441
2245,0.7355752670235007
2246,0.6342479714124677
2247,0.6700682153746798
2248,0.4233709314531411
2249,0.7508232813030737
2250,0.7369763550799229
2251,0.7138011045728995
2252,0.4485118034331518
2253,0.6249040982100628
2254,0.6946634662416746
2255,0.6034261278349458
2256,0.5749867127128739
2257,0.5112454491032682
2258,0.620369627554689
2259,0.5452080194939012
2260,0.7156178341800179
2261,0.4197520438870747
2262,0.2452766721258769
2263,0.2140453080902715
2264,0.42238987273816225
2265,0.6669473981642334
2267,0.35523657497894434
2268,0.6283733490069867
2269,0.6095033049743124
2270,0.35158853113686217
2271,0.6389499838612392
2272,0.4069957386352102
2273,0.7090044963827982
2274,0.5549455496912604
2275,0.7115465643648259
2276,0.4959471646285479
2277,0.7362559329577132
2278,0.767108981917136
2279,0.7085351719121493
2280,0.6020906869910245
2281,0.6036329153337718
2282,0.578146078228114
2283,0.05540839662043073
2284,0.6700364208527727
2285,0.5380468865123307
2286,0.5022407459613568
2287,0.28813185506416783
2288,0.5235605313719178
2289,0.39227723515416907
2290,0.6203101988807167
2291,0.5454084441301071
2292,0.8183255547957323
2295,0.629646601779947
2296,0.7371918045571998
2297,0.47615650662286363
2298,0.4637490150456208
2299,0.606264693323097
2301,0.7032478812976464
2302,0.6573100040768783
2303,0.511570780261409
2304,0.691283907524737
2305,0.6744329053725382
2306,0.6703832676213639
2307,0.25012744810119575
2308,0.6331952568505568
2309,0.4197809921992596
2310,0.3653948957742271
2311,0.5635131776020352
2312,0.5678499464983057
2313,0.7563350578921734
2314,0.6648473796092894
2315,0.726530774504225
2316,0.4675055238274317
2318,0.6240704635920568
2319,0.6950808078482187
2320,0.566383451308808
2321,0.19124422014933706
2322,0.44002488688291574
2323,0.5784476634078004
2324,0.13361383357591242
2325,0.6999006785266668
2326,0.6791850901487025
2327,0.5744359223122435
2328,0.5707644103417384
2329,0.3080157814462383
2330,0.29787135479670984
2331,0.7445278611230741
2332,0.450604233202597
2333,0.5096159886890692
2334,0.7680773691680928
2335,0.3422408561590847
2336,0.43270789892186334
2337,0.6985517538853667
2338,0.7516757477764995
2339,0.45294136885689396
2340,0.3944640092085446
2341,0.5767019601654643
2342,0.19922319055237694
2343,0.3541675799059128
2344,0.6492918180912222
2345,0.7744146230150343
2346,0.3788806765974645
2347,0.27229687958216514
2348,0.40631046113255026
2349,0.5827368444055591
2350,0.6496423018000337
2351,0.21690494034339491
2352,0.4206437864193669
2355,0.6994718856960304
2356,0.40903316255903566
2357,0.8130203637629138
2358,0.31430415014743
2359,0.5614616897141838
2362,0.4019638176644141
2363,0.5675605258146462
2364,0.5857310152144947
2365,0.6770608565981561
2366,0.3522836283732126
2367,0.7197453960749641
2368,0.6276718820444019
2369,0.7665215811637699
2370,0.6596609406267075
2371,0.7264796690795101
2372,0.47684750586893127
2373,0.771209244188753
2374,0.6008291909903177
2375,0.6266871678547531
2376,0.46850485120269636
2377,0.7702282653964435
2378,0.7888999359883813
2379,0.5904974428113188
2380,0.7988317080036663
2382,0.6948454627949283
2383,0.8269286006903123
2384,0.4804505315280954
2385,0.3267177639362791
2386,0.4196186293350142
2387,0.5327575071946479
2388,0.5260251501711593
2389,0.6016060757367969
2390,0.7201983919649569
2391,0.4585880309381484
2392,0.7583716308316032
2393,0.8285720249079999
2394,0.6889877432701101
2396,0.7353157108036867
2398,0.5537677461195913
2400,0.7122676586213313
2402,0.3633873557711706
2404,0.7158699286483597
2405,0.6566918979544045
2406,0.6849638834925984
2407,0.3895871594229381
2408,0.6396110005561378
2409,0.41739935716942983
2410,0.474009992999623
2411,0.7056210495072339
2412,0.5924186244848522
2413,0.6812079735396228
2414,0.7336418133160797
2415,0.6585574174247814
2416,0.6384470018673771
2417,0.4382593830827227
2418,0.7254956353064814
2419,0.5681207609539208
2420,0.5415479758857541
2422,0.5117709174078456
2423,0.6793132431383276
2424,0.44493871685795905
2425,0.8233541047427261
2426,0.6007505719599784
2427,0.6327943942290094
2428,0.6987180468985775
2429,0.7552092647370164
2430,0.7139732470378746
2431,0.4433704331350337
2432,0.6153182851246096
2433,0.6639205060957856
2434,0.675047725908822
2435,0.7100032099375723
2436,0.7034267716563134
2437,0.4486109886622622
2438,0.3977008261898712
2439,0.5842930318822215
2440,0.6172456485732487
2441,0.7058807873659463
2442,0.39946628740005025
2443,0.7101830737943132
2444,0.2827658158654973
2445,0.4923559106521105
2446,0.6836829026886635
2447,0.6805168573042982
2448,0.49843961682299515
2449,0.7936484337282621
2450,0.6760644874540641
2451,0.7058481873096141
2452,0.4229329973079588
2453,0.6828885531158216
2454,0.7318977906128016
2455,0.4605248300692344
2456,0.7768599702839695
2457,0.7333844265093953
2458,0.565549752550369
2459,0.707529325878925
2460,0.6739480226224779
2461,0.6297319592045661
2462,0.7855977818525546
2463,0.46960806885659956
2464,0.5431192325183585
2465,0.7942565335884424
2466,0.5558651789112986
2467,0.7336048806177778
2468,0.4434474350616316
2469,0.5234913874726579
2470,0.7658009521064755
2471,0.48741135270434666
2472,0.3106057846555032
2473,0.4329504237621297
2474,0.6125432771835224
2475,0.7244202775148502
2476,0.7989200598384428
2477,0.572455519903638
2478,0.5849833022629602
2479,0.748828941416298
2480,0.4407727076815343
2482,0.6910658394244782
2483,0.5389250621547469
2484,0.49486221254996854
2485,0.6632196037179693
2486,0.4435306309955541
2487,0.3669211783195743
2488,0.6248771082202006
2489,0.47734806513378064
2490,0.8163693085037129
2491,0.464423746623686
2492,0.7526763063800447
2493,0.3420846590792242
2494,0.76111320282282
2495,0.6508569575029617
2496,0.776819117023823
2497,0.5359583440769576
2498,0.4205677069969582
2499,0.7267829462221622
2500,0.13927367985336794
2501,0.5960987201745251
2502,0.6043345197983346
2503,0.6834482402053905
2504,0.35860085932233404
2505,0.7421890303397513
2506,0.6641204924990873
2507,0.7254834408024651
2508,0.37219370154225706
2509,0.16312327724528244
2510,0.7744742773426871
2511,0.560541743018071
2513,0.4491150039556035
2514,0.6921023542316751
2515,0.7416506575212894
2516,0.5467922824546058
2517,0.7167194325428327
2518,0.714339637099309
2519,0.5464366165501969
2520,0.5822603878746889
2521,0.7671556026622014
2522,0.38002581210052305
2524,0.19078180230786496
2525,0.8543348693443291
2526,0.6527197722355923
2527,0.5962503870310948
2528,0.47193691455209424
2529,0.5171803847245424
2530,0.45487672595375567
2531,0.6844353327285718
2532,0.606978150209906
2533,0.5474661081393859
2534,0.7069834859493734
2535,0.5962488129998135
2536,0.658608263992861
2537,0.4927486707457953
2538,0.7308874928307965
2539,0.36497494585343954
2540,0.5577830651745453
2541,0.5444739699026587
2542,0.5288462406147058
2543,0.8513681416267175
2544,0.7737535798020281
2545,0.4514002520536802
2546,0.7556779615725724
2547,0.5442975140733057
2548,0.20102890532135065
2549,0.715938250014112
2550,0.5400733095963561
2551,0.5494643677726768
2552,0.764422939051392
2553,0.696186308952684
2554,0.7518516508789717
2555,0.5953650067817612
2556,0.7486939429438351
2557,0.5278969154493388
2558,0.5754177759146363
2559,0.7871404136880346
2560,0.7294301646428529
2561,0.5037143086001399
2562,0.5435485206248841
2563,0.7662647209219317
2564,0.6862862204838516
2565,0.8612861954268961
2566,0.5880192493057462
2567,0.7122448868643533
2568,0.6055113746565605
2569,0.6483204962869846
2570,0.6670238928776392
2571,0.4230867590980782
2572,0.6532332891487278
2573,0.4598012826907188
2574,0.41341394872158826
2575,0.6843746349078366
2576,0.5608345201930457
2577,0.7205107172691221
2578,0.6850334112753641
2579,0.667943969713927
2580,0.643218863086651
2581,0.5242089075483747
2582,0.3956466704420541
2583,0.35280921120634845
2584,0.7091593080031185
2585,0.42741077709631825
2586,0.7941762518649804
2587,0.5199152570970024
2588,0.5215630016723861
2589,0.6913098696382555
2590,0.7707214790110626
2591,0.777303246318337
2592,0.5051399850999554
2594,0.8007028533223681
2595,0.6973555352661694
2596,0.4788819186171096
2597,0.5865572296417136
2598,0.7803725349623897
2599,0.36324308231400027
2600,0.5776158308964837
2601,0.7660359039092621
2602,0.5883139641838449
2603,0.771803161396649
2604,0.5844402669381064
2605,0.44185888845324955
2606,0.6843380381251999
2607,0.6362453854627149
2608,0.6992605359072451
2609,0.7718848859521392
2610,0.7775207746248654
2611,0.8174128061063579
2612,0.7443741147540007
2613,0.7092217035684282
2614,0.6903020663585355
2615,0.856090080009768
2616,0.8148935200541396
2617,0.8430849722481365
2618,0.7894371559705281
2619,0.6273315612007409
2620,0.6986222950134082
2621,0.49261848858418306
2622,0.7401760582222532
2623,0.4601312161563483
2624,0.5466597984368904
2625,0.7765393672260301
2626,0.8020288468694964
2627,0.7908859020937036
2628,0.5161019640163313
2629,0.699043024974101
2630,0.7884020728541722
2631,0.5417136705873613
2632,0.6758400525821857
2633,0.6796808735154184
2634,0.652176095280683
2635,0.6365880966284538
2636,0.5608372453064957
2637,0.7091551584887573
2638,0.6506334093740755
2639,0.6291447973606101
2640,0.7784424259446548
2641,0.40812409234650315
2642,0.6071934603757867
2643,0.2781713564242736
2644,0.4157892750494338
2645,0.3256077507007452
2646,0.4239708108022249
2647,0.5683257382717425
2648,0.5865865954631675
2649,0.7605195066090106
2650,0.5933587859028258
2651,0.7114530958784274
2652,0.6630667182897737
2654,0.734642017106078
2655,0.5889541108069225
2656,0.6351313830546403
2657,0.5248092473362543
2658,0.7684141498312329
2659,0.838256711792996
2660,0.6071315745248925
2661,0.7628827001238281
2662,0.7617282182954678
2663,0.4055085344531803
2664,0.5712130864884613
2665,0.6412395475857309
2666,0.5425604067094534
2667,0.41135681909182203
2668,0.8353450121209721
2669,0.7287960385838207
2670,0.5393919181602685
2671,0.5943037786020021
2672,0.8330592908525026
2673,0.647308160796649
2674,0.8423286419832429
2675,0.7963793321252814
2676,0.6296055090434639
2677,0.8529272487082409
2678,0.6530387379899677
2679,0.42049348733024444
2681,0.8225852535049378
2682,0.5366415471329131
2683,0.7254040069681897
2684,0.04042024911494977
2685,0.752170144516592
2686,0.4859059747427036
2687,0.5087393476009566
2688,0.8034487016679254
2689,0.8328073436978246
2690,0.5292331784108826
2692,0.624962992379031
2693,0.5682694087787361
2694,0.7792484255102684
2695,0.3918600726572144
2696,0.7939003776063988
2698,0.4499787893224031
2699,0.503988106671599
2700,0.677945283825342
2701,0.6983972303993273
2702,0.5027102052657125
2703,0.6600255652395757
2704,0.756636252373693
2705,0.5463366787060513
2706,0.7646223067594129
2707,0.4783909545683703
2708,0.6599695018117183
2709,0.7592472334827542
2710,0.8052038408124397
2711,0.7187836922525092
2713,0.003634207208849069
2714,0.38485845356382303
2715,0.7289058197832655
2716,0.7195855642353454
2717,0.8231501046797479
2718,0.6822577883047618
2719,0.8046599563742663
2720,0.6355163345224705
2721,0.7878956554259579
2722,0.6520765200554947
2723,0.8707530818875495
2724,0.7086669323740002
2725,0.48102766868295055
2727,0.2752097832397905
2728,0.8420901473222827
2729,0.671325596182917
2730,0.5103063767614652
2731,0.37786976824254087
2732,0.5920365009845764
2733,0.7881758259224326
2734,0.7608688005901189
2735,0.46822060783231767
2736,0.8773469056171259
2737,0.6710634847370676
2738,0.8480205777416785
2739,0.6514439001298999
2740,0.7067295501833764
2741,0.37654237803774376
2742,0.7522469728989718
2743,0.6995819905117128
2744,0.874484486313373
2745,0.6441854670501554
2746,0.6396721944711907
2747,0.6914631210426523
2749,0.6567493505628941
2750,0.2784790163483942
2751,0.540570286411502
2752,0.42488131412557595
2753,0.7890435354688771
2754,0.6432729279493173
2755,0.20659099849518936
2756,0.4285851311081025
2757,0.48296467305991314
2758,0.5543314842729318
2759,0.6205705785571837
2760,0.830652140032703
2761,0.779434210686448
2762,0.6797281962204669
2763,0.6295291410947631
2764,0.807414157597641
2765,0.8531096532384814
2766,0.5621316956911191
2768,0.8343069701965232
2769,0.7786464786906002
2770,0.7111942179870544
2771,0.597362571429615
2772,0.756681170665459
2773,0.4817152727026964
2774,0.8491259533954207
2775,0.6112035973417537
2776,0.8405366400257375
2777,0.7069629965852431
2778,0.703415486869079
2779,0.8708273634869292
2781,0.8960662792778535
2782,0.8819727932779168
2783,0.7912908285293924
2784,0.3842376018210293
2785,0.562940847431384
2786,0.6747694314393625
2788,0.7831555367825164
2789,0.488669886268729
2790,0.8202214838801086
2791,0.64765464947252
2792,0.8247381676802813
2793,0.8825685270337874
2794,0.7774939428564838
2795,0.6435451288362362
2796,0.6173057271209321
2797,0.851739925436382
2798,0.786502101709863
2799,0.49231651400608917
2800,0.8534343411987988
2801,0.7652436245085188
2802,0.7674433570706016
2803,0.7690574348603372
2804,0.650607778119717
2805,0.8131300714854923
2807,0.7176639707601333
2808,0.41876364542672956
2809,0.693189862179232
2810,0.7852802646222364
2811,0.5764987472457771
2812,0.8410352496168054
2813,0.829715746526416
2814,0.8534937911778723
2815,0.693965520824938
2817,0.6490129590754619
2818,0.7621709348212574
2819,0.7435531943127596
2820,0.8665461414497387
2821,0.18233493615060944
2822,0.8160918208132842
2823,0.5105219760646384
2824,0.6167201356861517
2825,0.5275976473581042
2826,0.5732853437712334
2827,0.8032132300718577
2828,0.48934049574527605
2829,0.7746666139799504
2830,0.6592943722063467
2831,0.3987771241683665
2832,0.6803497167051925
2833,0.6714520682910253
2834,0.9176169736284329
2835,0.7937771908960953
2836,0.4866150024559462
2837,0.40690445937769115
2838,0.8645492454381374
2839,0.6662472578719294
2840,0.6249523016758753
2841,0.6346041162542687
2842,0.5810151046670021
2843,0.7324029455302745
2844,0.46480079510022576
2845,0.7658523602353753
2846,0.5708671817512319
2847,0.8031324211223859
2848,0.8687025019842723
2849,0.5131048118622138
2850,0.7005031331365945
2851,0.758766987317482
2852,0.7079507452532193
2853,0.8779908734379911
2854,0.8852905131081094
2855,0.910237789407403
2856,0.4732210619182116
2857,0.7353637588310264
2858,0.845395064998216
2859,0.8571542115425544
2860,0.7508593747063685
2861,0.7695772395583977
2862,0.8386637246977512
2863,0.10070319215090322
2864,0.8524715386686187
2865,0.7204740320442793
2866,0.5854422505806464
2867,0.7668169577296081
2868,0.7388779187521605
2869,0.5409292719085719
2870,0.767592152692471
2871,0.7535542869820578
2872,0.7286074836100573
2873,0.7546515753069749
2874,0.8808134946378338
2875,0.5361846399030165
2876,0.7874370684791459
2877,0.8205188408220871
2879,0.8217437765099644
2880,0.5169230759147659
2881,0.7583735909781071
2882,0.878569627046404
2883,0.37190497434735054
2884,0.6042702566741283
2885,0.3213063283580165
2886,0.843903849286145
2887,0.7794946989279364
2888,0.8049046112952669
2889,0.77313854426302
2890,0.8345985373475789
2891,0.8594943962666747
2892,0.6650209835161901
2893,0.7365302242131855
2894,0.8472075241325497
2895,0.637117968739966
2896,0.8235191055462051
2897,0.838168574372354
2898,0.844496995902213
2899,0.7814317205721796
2900,0.7722372802021743
2901,0.37995986486428024
2902,0.6348580139144954
2903,0.7575800065138925
2904,0.725942462084114
2905,0.8197982056375089
2906,0.8095258746715472
2907,0.8501936547443284
2908,0.7682671623681884
2909,0.8906355178106639
2910,0.799919322231439
2911,0.7484796432511188
2912,0.8910928562577207
2913,0.3832681147978453
2914,0.48978127391544984
2915,0.6906810588617482
2916,0.6370145396151227
2917,0.7583600531967962
2918,0.5651915695173182
2919,0.8577396867105027
2920,0.5578025669458456
2921,0.5420834648706406
2922,0.428076439064217
2923,0.7998325352473087
2924,0.4892362828675712
2925,0.7452256007835439
2926,0.8473027342242816
2927,0.633100955853656
2928,0.5944301459028223
2929,0.7508122559516155
2930,0.589037499023079
2931,0.6875489590089182
2932,0.43780477078341695
2933,0.9029301103721051
2934,0.8314435018533518
2935,0.8634315145158639
2936,0.4129367779474783
2937,0.787629217182492
2938,0.5899757251030316
2939,0.7089649249101818
2940,0.6322782081931281
2941,0.8667684249287894
2942,0.859406038713201
2943,0.8303024836573253
2944,0.8404227127180246
2945,0.3704440700987622
2946,0.7864146658825
2947,0.8437724661622807
2948,0.9011088993524581
2949,0.8246344124942293
2950,0.6757090456876581
2951,0.64125411231842
2952,0.6701204706449597
2953,0.8654217852410263
2954,0.8814766687102633
2955,0.8203564679078893
2956,0.8622842973202665
2957,0.868610545203996
2958,0.7850146948127377
2959,0.8238402704947103
2960,0.6772086834234994
2961,0.859301098887147
2962,0.8421272601002308
2963,0.7579821840815281
2964,0.5416878566162031
2965,0.9056806624308382
2966,0.6973461074579402
2967,0.848289313121193
2968,0.8551428332952704
2969,0.5794538746234439
2970,0.8735318910596478
2971,0.7544979603451778
2972,0.8721961585922827
2973,0.8364207674226529
2974,0.6177260300744416
2975,0.883419495537306
2976,0.6664600972313688
2977,0.8667415142724387
2979,0.771407738661788
2980,0.8001440962549358
2981,0.719843970536135
2982,0.7449428234430193
2983,0.6433081127849011
2984,0.8787963849998137
2985,0.7970559769898793
2986,0.7678559274459199
2987,0.48092408278257076
2988,0.8588284009045625
2989,0.71696607639869
2990,0.822888219902659
2991,0.7024823335646752
2992,0.8208510471229238
2993,0.7414960026655596
2994,0.8682478989273125
2995,0.7800668302282863
2996,0.9099661313914492
2997,0.7170801081132829
2998,0.8973137539698718
3000,0.752841434561215
3001,0.8794988036547223
3002,0.9141526534295499
3004,0.923339399321958
3005,0.6642235626116073
3006,0.9057144995481274
3007,0.8912698976864112
3008,0.917596430656881
3009,0.8219577598362846
3010,0.873836181356262
3011,0.6608728188562503
3012,0.8351623353287247
3013,0.7654490744519662
3014,0.706937450614605
3015,0.8311144909399033
3016,0.8531925002955187
3017,0.8540267164408453
3018,0.9026697162985485
3019,0.7681493989545497
3020,0.8543688747155268
3021,0.8791956894928977
3022,0.5146133242860071
3023,0.5086699365628737
3024,0.8723192003931877
3025,0.8561832399062907
3026,0.9157493286064398
3027,0.8850907816728811
3028,0.8893607146721374
3029,0.793570631043792
3030,0.8381491591006371
3031,0.9000266572006844
3032,0.46366641321408736
3033,0.7651796052406841
3034,0.7184366565481511
3035,0.8549642015354263
3036,0.8791001770315572
3037,0.719913325230279
3038,0.8450638977008431
3039,0.8100358535509299
3040,0.6530342218412596
3041,0.6152082225266812
3042,0.8388509459096745
3043,0.7706227913588998
3044,0.7077032923812324
3045,0.6607341968406514
3047,0.769093068474889
3048,0.8209701831963991
3049,0.8394404506034714
3051,0.8657896671903711
3052,0.5008460378017696
3053,0.7519490467297164
3054,0.854774492767322
3055,0.7956905626366811
3056,0.8225174800167041
3057,0.7647405937225333
3058,0.8167467672360536
3059,0.7917273109867223
3060,0.6339644476677846
3061,0.8196791091049515
3063,0.887221216898332
3064,0.7743002689645928
3065,0.9021660691040451
3066,0.7793519696872611
3067,0.872052227395285
3068,0.9149726818654697
3069,0.903820065364485
3070,0.8346939453287522
3071,0.7690808288925465
3072,0.8116570619598553
3073,0.8324999727997762
3074,0.8966005503492991
3075,0.7726456978683327
3076,0.7972688586587996
3077,0.43237133380164283
3078,0.8210498448947399
3079,0.8414109122977188
3080,0.34525703848565
3081,0.761447160355923
3082,0.8546388900820234
3083,0.8757046023168992
3084,0.8436079539678097
3085,0.8742040195995847
3086,0.3561008413065943
3087,0.48244066467649405
3088,0.8033671551552924
3089,0.36048729141709823
3090,0.45538104486510883
3091,0.7574751625922542
3093,0.7573742620032284
3094,0.6582087390819671
3095,0.6745535926804723
3096,0.8809504618592339
3097,0.5379601756379678
3098,0.7601818226261525
3099,0.8041535091388955
3101,0.8425552081708729
3102,0.8449560206412463
3103,0.841772885688447
3104,0.7799590771710068
3105,0.8708153741626277
3106,0.4848953881629763
3107,0.8715908619294548
3108,0.8776769904370171
3109,0.8123274385355023
3110,0.7941870206377227
3111,0.334177341434074
3112,0.8684605091470491
3114,0.8464129221522211
3115,0.1719131087296695
3116,0.38967323411263016
3117,0.7080550390519662
3118,0.8146993519086109
3119,0.8365503545714562
3120,0.7579808277156606
3121,0.544271810333846
3122,0.7352452774567547
3123,0.6537489469313966
3124,0.8371220787959244
3125,0.7771140936623208
3126,0.6246048486097273
3127,0.6036779512131706
3128,0.8299364357273351
3129,0.7025912020623785
3130,0.8359600506919572
3131,0.4374643200409086
3132,0.700184654015652
3133,0.9032511651589962
3134,0.8851975572418724
3135,0.7523272555071194
3136,0.7631523809847826
3137,0.8254480880766988
3139,0.8267421111545074
3140,0.7684859989732257
3141,0.8817381225283611
3142,0.8748419190245423
3143,0.7357459536591299
3144,0.7651217737167411
3145,0.8481798547416797
3146,0.33832540514952425
3147,0.69675805741416
3148,0.8783456316968891
3149,0.5488434601306298
3150,0.8471094191986472
3151,0.8385502560826827
3152,0.8073214841687603
3153,0.7964195978165791
3155,0.6604139618045423
3156,0.8727169307429371
3157,0.887589932172896
3158,0.8253102425512144
3159,0.8805220302820466
3160,0.8449963626465333
3161,0.9301442998760675
3162,0.7812655697096262
3163,0.7694142114130625
3164,0.5147326446476472
3165,0.4462993375739393
3166,0.4359825133619353
3168,0.7087678042606164
3169,0.5288149746156544
3170,0.8308233347634305
3171,0.8477547956878956
3172,0.8339645567075465
3173,0.5490221333698426
3174,0.8176052962506485
3175,0.5469492070249037
3176,0.4647541179214727
3177,0.8691055333549362
3179,0.8893476583166567
3180,0.7322444604345479
3181,0.8433880671147614
3182,0.9395122813781537
3183,0.12022532112727115
3184,0.5346178131616826
3185,0.1641445660978468
3186,0.3710935400571846
3187,0.7008334061783162
3188,0.5589868613485276
3189,0.921136028811491
3190,0.7454049111101259
3191,0.6960674849580274
3192,0.591243684732766
3193,0.8641498455364593
3194,0.7895027773793899
3195,0.843955877604432
3196,0.8885254442876005
3197,0.7512738159006132
3198,0.8468788678105691
3199,0.7968705068707896
3200,0.7196902519793374
3201,0.8889884702184364
3202,0.8075367390734836
3203,0.37554903330619616
3205,0.880629547144814
3206,0.8371020628022348
3207,0.6237054207245345
3208,0.806567085204147
3209,0.7618454781763454
3210,0.6681827163508407
3211,0.932045894137902
3212,0.9333565396583163
3213,0.7911781850252307
3214,0.8560934307644792
3215,0.7331494970851465
3216,0.7056013607721235
3217,0.8187085408122906
3218,0.8252913233442619
3219,0.8455949280954798
3220,0.7600824774748067
3221,0.8989476898188237
3222,0.9194041143116657
3223,0.8535000705025197
3224,0.7669535171139018
3225,0.7437007743443927
3226,0.7356825440072068
3227,0.7938040572331908
3228,0.766848239912795
3229,0.7914394602576588
3230,0.6031730913093671
3231,0.8288477351696196
3232,0.7833009277761133
3233,0.4504800589130588
3234,0.9172652609679985
3235,0.6397623754500009
3236,0.7654968185788643
3237,0.8635290436241975
3238,0.9046499460560393
3239,0.8049568433794215
3240,0.8944590003419808
3242,0.883263427404529
3243,0.9153542769267066
3244,0.8555784464689329
3245,0.823906893896062
3247,0.8793604754217375
3248,0.9175728071575513
3249,0.8178603560006172
3250,0.7492784594524802
3251,0.8395727187552972
3252,0.7425269800281847
3253,0.780038711410051
3254,0.8093121979658241
3255,0.7278076783694081
3256,0.8446714075311802
3257,0.8668317614399385
3258,0.8307507024011335
3259,0.7941536346566288
3260,0.8484828044615743
3261,0.8550472498031768
3262,0.8402858882980626
3263,0.3952463239581292
3264,0.9436941291541353
3265,0.8193443080851018
3266,0.8828161297501553
3267,0.9039160074690414
3268,0.9086079402087723
3269,0.648988075962405
3270,0.493475746829412
3271,0.8694725281563341
3272,0.8414406495923638
3273,0.765357232265651
3274,0.8007705563062606
3275,0.555267923287101
3276,0.8522558560616368
3277,0.6680537368169273
3278,0.6646722874705123
3279,0.7798297579373588
3280,0.8022366306726482
3281,0.42709034161057763
3282,0.8361164764049078
3283,0.8291012834730017
3284,0.8014380538630896
3285,0.8212333491258911
3286,0.8444791780748255
3287,0.8022474078867617
3288,0.7074024617909334
3289,0.9091515641918532
3290,0.9014456547735088
3291,0.8666376198139766
3292,0.9093952743784139
3293,0.8410355523991474
3294,0.8566693047333097
3295,0.8759589291899196
3296,0.7641418421841689
3297,0.5583316610281587
3298,0.7286942594213938
3299,0.9060752297656159
3300,0.9160860753051503
3301,0.6649438700919046
3302,0.9059345168647857
3303,0.5202305782125897
3304,0.8664417386615823
3305,0.8954193706177027
3306,0.762799320933873
3307,0.4385940848201331
3308,0.7282886862862905
3309,0.8663459779343972
3310,0.8638278764946268
3311,0.8896254619991526
3312,0.7239684684896728
3313,0.9002731840265372
3314,0.6471566028464636
3315,0.7364503365045275
3316,0.8859304108828915
3317,0.8810298140237179
3318,0.7118206064023779
3319,0.8745914344579928
3320,0.35830307875069095
3321,0.777935845533609
3322,0.8069498792667751
3323,0.6867478777877457
3324,0.8910100568554148
3325,0.7511871498075706
3326,0.9374354074722957
3327,0.8950192999262205
3328,0.5562833031728829
3329,0.904736086002843
3330,0.9261839111892796
3331,0.8775084326641318
3332,0.8979588585848498
3333,0.7781618528242962
3334,0.8353354812836861
3335,0.8925741642109498
3336,0.7702088492357252
3337,0.9458213722396902
3338,0.9332556448274498
3339,0.9349760919101163
3340,0.9387729984385689
3341,0.8917523242413294
3342,0.3892958302941067
3343,0.9338352848855133
3344,0.8996746834696966
3345,0.849392660649844
3346,0.7664938777838858
3347,0.8389517311080418
3348,0.5593514873202245
3349,0.917632133058545
3350,0.8678888036843136
3351,0.8917472405390675
3353,0.8332888096928696
3355,0.8721105870209798
3356,0.7788190090277779
3357,0.8860642372245267
3358,0.8498358019331169
3359,0.7891704178918094
3361,0.9186700922514719
3362,0.9300352151428103
3363,0.8917061043422286
3364,0.7295973911428612
3365,0.8971081792416402
3366,0.9479831279872378
3368,0.7247394525409602
3369,0.3384082519705854
3370,0.7406354072246347
3371,0.27331454307513947
3373,0.3883533742633601
3374,0.8713106009509531
3375,0.8832309008571212
3376,0.8653420958469329
3377,0.872899281619433
3378,0.7477216920135011
3379,0.7824891039527381
3380,0.5028417399520233
3381,0.8331149763820253
3382,0.8183778116053427
3383,0.4648723904339124
3384,0.9094918238019148
3385,0.8639322252517131
3386,0.8923408340083321
3387,0.7947531377584311
3388,0.7992224778625358
3389,0.8519700525249929
3390,0.5913716072194682
3391,0.790025415048891
3392,0.8999933402076048
3393,0.6893861441369884
3394,0.9114012073632933
3395,0.12784286223803032
3396,0.7878360047423212
3397,0.7699977628542906
3399,0.09758286658940143
3401,0.039717271685865585
3403,0.40650769688370947
3404,0.13966506318288413
3405,0.673538699642642
3406,0.13577130666284495
3407,0.04361499460964234
3408,0.325085163041354
