1,0.5555985973966654
2,0.325305139937753
3,0.32787348046089115
4,0.4154158928013993
5,0.47451624621145083
6,0.45377257903945406
7,0.3608626386800235
8,0.18070669737070116
9,0.5097959521856595
10,0.4183279267392626
11,0.440728527195696
12,0.3346982063932369
13,0.45591014114943135
14,0.400551062130991
15,0.35390274757348206
16,0.30990828428238903
17,0.3937204983722662
19,0.30789046029410533
20,0.3988960310652194
21,0.4339149664216364
22,0.3775712337055707
23,0.3929001020341816
24,0.4019468445899558
25,0.42986605945467193
26,0.3369793611294513
28,0.3888910623534666
29,0.43179396413041715
30,0.4506355833832204
32,0.36041691002782594
34,0.47517887842515405
35,0.5121901153230917
36,0.42552389001749286
37,0.5146584400067582
38,0.48279302196906065
39,0.2609767484623648
40,0.5037040071578911
41,0.4045401993781027
42,0.4680679094949374
43,0.33882178963316356
44,0.4581772308257107
45,0.3621039867769218
46,0.5070740295413796
47,0.4617668575466157
48,0.420770502702316
49,0.4807721298984096
50,0.4056892256909954
51,0.3549885301356476
54,0.5205730891960088
55,0.3637345760213134
56,0.22789816301369595
57,0.33455713797494185
58,0.6140404888698721
59,0.35460643010229254
60,0.42498646519958
61,0.5498947314431558
62,0.5086037422507994
63,0.3251000618851724
64,0.33921495660531037
65,0.3846579851810591
66,0.36324349212414586
67,0.37713886341343417
68,0.44249295404645744
69,0.4527687535349489
70,0.3406945319302331
72,0.5127237530093866
73,0.47480926451500477
74,0.36364256213785145
75,0.35827812897690625
76,0.31789975863589237
77,0.2936716524637473
78,0.4731479553448268
79,0.4870084636473398
80,0.3572218240588652
81,0.4973390374403562
82,0.2662654402204457
83,0.7511060720236393
84,0.357621691810846
85,0.3827862026835339
86,0.3324331290387224
87,0.46801531620372483
88,0.32870624823262673
89,0.48774023250508214
90,0.5057834320589054
91,0.2971291295195011
92,0.3550695856937831
93,0.42201165394334716
94,0.3225709811121518
95,0.35844981179750673
96,0.3662905544862596
97,0.5008556520754197
98,0.2605334578740819
99,0.6091032030448231
100,0.4416199425591057
101,0.38678293260612473
102,0.34835544528838125
103,0.488385868509668
104,0.5516347989439534
105,0.4283313709306926
106,0.30003906397219515
107,0.36114730599060235
108,0.31734244622127156
109,0.4185289461604239
110,0.3416366684850593
111,0.37727154266229135
112,0.31466925539954144
113,0.3777411623755871
114,0.3303363516462525
115,0.39580276849138046
116,0.4922598322772112
117,0.39368070344855477
118,0.34384380180350527
119,0.6145570430805507
120,0.3750418855284306
121,0.3759156314162924
122,0.37324866393344136
123,0.5029839959897253
124,0.36768477902517516
125,0.502764155566379
126,0.5208303248604563
127,0.3774322322919045
128,0.33707636771352756
129,0.45282781597373206
130,0.42540092818372455
131,0.5152195343564407
132,0.49221924008652324
133,0.4899698569114063
134,0.3729142668944162
136,0.45989280300877733
137,0.48456500691726945
138,0.5810139402263537
139,0.3594728914589581
141,0.48223365961551945
142,0.612339386565037
143,0.36731141854121957
144,0.42226598350501526
146,0.3537645458475202
147,0.4966928397556922
148,0.3071317390825498
149,0.3871173904544251
150,0.33328586605579685
151,0.46856969304671225
152,0.3937757531251648
153,0.43712330626203766
154,0.47411375753966867
155,0.5186716937411997
156,0.5190860332996953
157,0.3335826834675073
158,0.45323937205811077
159,0.430619199348963
160,0.35807207344640957
161,0.34986733279335275
162,0.49558623029042004
163,0.37498220746693034
164,0.31327472476641277
165,0.45796928886443716
166,0.4166560278157531
167,0.5010486304279191
168,0.5010871424121138
169,0.2927865721235424
170,0.3419468586001427
172,0.2343976047203874
173,0.3500246350867586
174,0.3564879529134013
175,0.3921960691810583
176,0.250715767896771
177,0.30390340547023786
178,0.32703435638814526
179,0.3591371562694743
180,0.3391020299908998
181,0.3324999419781748
182,0.4993785352456722
183,0.4400743663682438
186,0.37909322093974374
187,0.43690621729157203
188,0.4745574571804918
189,0.38144071287025466
190,0.34524211533400545
191,0.4945787097067685
192,0.47515822249314954
194,0.4458707748480808
195,0.5146994946641106
196,0.5101276897240756
197,0.349168774129925
198,0.38579492751653893
199,0.4180830607214314
200,0.5741383772050805
201,0.3815991477772266
202,0.37880481733658194
203,0.42447192670972284
205,0.3085674804408198
206,0.2640541586044329
207,0.5264390611816663
208,0.3490013002396001
209,0.47512839922754296
210,0.48597981042125465
211,0.5288836095863259
212,0.5226274482919707
213,0.43525132359989355
214,0.36269217265294895
215,0.34520572692290596
216,0.3356439142031612
217,0.394002392649996
218,0.4859815959714239
219,0.36869779922587564
220,0.4278388769431673
221,0.4744895544783937
222,0.39039905668871183
223,0.4864002020506017
224,0.4609192899302431
225,0.27667478958886504
226,0.2829087262489821
227,0.4203537685427345
228,0.38808467552753545
229,0.45507864177085144
231,0.3127581096631032
232,0.3704575627162777
233,0.7674273660958352
234,0.39604295928113165
235,0.5087118948905806
236,0.3668823571222215
237,0.45651533932914723
238,0.34378552479865826
239,0.34398709652028897
240,0.4749255670316872
241,0.44051051200108404
242,0.39997837022484983
243,0.44811037250684965
244,0.4269649528473449
245,0.5029614707752403
246,0.3082893791406462
247,0.4236097970454888
248,0.2796762590248281
249,0.3580179502991354
250,0.4296237396107327
251,0.7675546310330662
252,0.39576095132195904
253,0.5140936223646012
254,0.4501521801074066
255,0.40739365582748555
256,0.3379643393011444
257,0.524176701277161
258,0.37499925296977527
259,0.43482788620467183
260,0.36686787299073287
261,0.4122244990694752
262,0.4225692923576671
263,0.3328213538277382
264,0.4118921678590716
265,0.2894860779721075
266,0.5013773146737476
267,0.3334626072481612
268,0.34726221481608766
269,0.4269815208050942
270,0.2857416923318046
271,0.4037376596765556
272,0.5086704919479755
273,0.5086150271600449
274,0.2779206905523606
275,0.576638318881979
276,0.45692391095051693
277,0.3618314844571807
278,0.41875846090268104
279,0.33593476364805647
280,0.32972268782509573
281,0.47862978659948224
282,0.377496954107397
283,0.38776169029959845
284,0.4904971406511953
285,0.3896676289224478
286,0.47198792928457506
287,0.17460467893499765
288,0.3834987582425821
289,0.4802686696377945
290,0.5369967752564884
291,0.3319116632759497
292,0.4753645953067849
293,0.4332437244286472
294,0.25941754748800727
295,0.3304374182560858
296,0.41086298977071106
297,0.3389674644622118
298,0.3343961768035661
301,0.3816502482217243
302,0.4528973010420744
303,0.3599107720457499
304,0.34914735653401824
305,0.47015942954233686
306,0.5106483606518618
307,0.40336792418370715
308,0.33118974772741905
309,0.3317164965370788
311,0.42840779934622647
312,0.39224230169651647
313,0.4239878972360476
314,0.4463714277155156
316,0.3251259609192274
317,0.5406120934479105
318,0.3965107650205715
319,0.3274416059831133
320,0.34698077775701963
321,0.4284657458944447
324,0.29646146045421445
325,0.46225408196842505
326,0.49437568097552176
327,0.36522948891784457
328,0.26416590711913984
329,0.28514412055610094
330,0.37234963529546017
331,0.40401545531545724
332,0.18882597402174744
333,0.5189325273776306
334,0.33674870119197026
335,0.43264178378343243
336,0.4577867071604508
337,0.41879408515854827
338,0.41688490195281885
339,0.39097514571277825
340,0.4473601332112883
341,0.40378914390671183
342,0.4382079196414397
343,0.45129369657464774
344,0.4306292056955832
345,0.5233528411253042
346,0.30937205049921196
347,0.3768421390742036
348,0.48981907020618504
349,0.4600781088326952
350,0.37873967460300784
351,0.48283331192968865
352,0.41133498076310837
353,0.42350953176292716
354,0.4122586849390168
355,0.5385186826291387
356,0.33622779625681637
357,0.5075535849244885
358,0.31241723272439564
359,0.45471392760569435
360,0.37439057912023677
361,0.38157957818443894
362,0.43147759990221657
363,0.45697407699905723
364,0.41931955969143336
365,0.48230218127497876
366,0.36235840611671954
367,0.2990703966206453
368,0.4973561444658858
369,0.3382335787525911
370,0.4436144250197732
371,0.4277010549922736
372,0.36689980225622243
373,0.4745963859964019
374,0.4516875233282955
375,0.4941353347264699
376,0.4786795250866345
377,0.4444548853671899
378,0.38936214037800176
379,0.4217571941141912
380,0.5065301663074923
381,0.5985697559911904
382,0.3760208726769682
383,0.8776343821915477
384,0.4133753907278781
385,0.46345322386466786
386,0.5751058448494484
387,0.3708646003761177
389,0.3505764527853246
390,0.45882672180483397
391,0.40378430591990394
392,0.3462471604898635
393,0.3363991915998314
394,0.39793148365643777
395,0.5032242616120278
396,0.38661961151793195
397,0.35949327953637833
398,0.3453374728449837
399,0.3210720830101373
400,0.3551324279226765
401,0.37387541922355394
402,0.3882052110541916
403,0.4953000468971832
404,0.38845356555988975
405,0.6220807252373729
406,0.41424944003752595
407,0.47870775090009815
408,0.46338221007025826
409,0.3511307363099448
410,0.4162632894249793
412,0.47336509039752983
413,0.3378828994204074
414,0.42025348810195334
415,0.38459362864977775
416,0.465097511194592
417,0.3477705120775103
418,0.46614276716501873
419,0.416278097672688
420,0.3883078004183304
421,0.3880513323785732
422,0.4745466126900275
423,0.5059683516085262
424,0.5161953917321929
425,0.29928393970002504
426,0.44691758081001093
427,0.36472943466406366
428,0.522921970293785
429,0.2954419788747197
430,0.43007231206267565
431,0.5144674472002971
432,0.3350633880719819
433,0.4730076880881585
434,0.5039490443214135
435,0.5248030480257045
436,0.47943277173645715
437,0.3238855242159842
438,0.6404066446557888
439,0.33268643261680575
441,0.4820947677020576
442,0.49528685422141533
444,0.5211325541658741
445,0.35219663963488274
446,0.40480378930688066
447,0.41959600065332747
448,0.4850110360352626
449,0.5082307755306155
450,0.3527638975044711
451,0.38396330063181894
452,0.4399750040557348
453,0.34756261693733326
454,0.37720628186530614
455,0.48019035182049585
456,0.465140876921821
457,0.5172916945610143
458,0.47388597491873946
459,0.42512941101259827
460,0.36584719911275293
461,0.3902898565019761
463,0.4261602513330122
464,0.3372671868093726
465,0.4293838015960476
466,0.630124701731734
467,0.4121611503812547
468,0.5276151085161505
469,0.36117598074952134
470,0.3515225256898102
471,0.45827161789389775
472,0.27628741684322106
473,0.5116628108353705
474,0.5041085818431541
475,0.4667930706497566
476,0.43063975243387664
477,0.4107548271038961
478,0.46005295256319423
480,0.42371947053878956
481,0.44238313759157655
482,0.45220965367604776
483,0.4854526160409102
484,0.3553260938396289
485,0.4082098281022716
486,0.41310043961717097
488,0.33801701446144145
489,0.4313247003987029
490,0.48218128213053013
491,0.40305791757784504
492,0.6693887973089294
493,0.4732505521281453
494,0.42120595508119807
495,0.45036012566249944
496,0.35356639442650445
497,0.3957184129296088
498,0.3992103162216005
499,0.26902760672622617
500,0.4140615036023722
501,0.3504994263925418
502,0.3230474634663042
503,0.46245144870260635
504,0.45086528573166634
505,0.36153183317479487
506,0.351628004075237
507,0.3617108133136226
508,0.3989193380319552
509,0.3970342728292175
510,0.3735571382577743
511,0.5972600585703493
512,0.3974794657211352
513,0.37791429593296266
514,0.36543732204084767
515,0.4275583625408309
516,0.44685994792197214
517,0.38174032458820173
518,0.4525293099233481
519,0.42452901199099785
520,0.4264342454114546
521,0.4806322347307488
522,0.33936224108938434
523,0.4447223902446176
524,0.2962324028775479
525,0.4604279473158791
526,0.3269059924920056
527,0.4626166849571956
528,0.3074471709956565
529,0.5280489443714186
530,0.4504100246114367
531,0.45014230397821214
532,0.4170403995209458
533,0.5728533242523961
534,0.5402814844324629
535,0.41134045406497155
536,0.4608721995792553
537,0.31778295529746237
538,0.4188354411037304
540,0.3967359373592003
541,0.4336066221841311
542,0.5190664065333952
543,0.45848708394318166
544,0.7075174646644624
545,0.508955567513846
546,0.4392008934305778
547,0.33332000636472786
548,0.4376656903540674
549,0.33672565901135326
550,0.5473182538982686
551,0.46085340786315876
553,0.4775158952177352
554,0.38840772346682434
555,0.332068958090634
556,0.3452364014348242
557,0.5010049180713246
558,0.3456018481196905
559,0.4793750670824727
560,0.4234744681711828
561,0.39633209634653216
562,0.4794170256461592
563,0.6637975323577826
564,0.3713591569423819
565,0.46656802865679003
566,0.4389135027446748
567,0.4190918733867216
568,0.6784333819521
569,0.45307644890482407
570,0.5160460901032736
571,0.40658612908628955
572,0.42509046087206104
573,0.35318697798668525
574,0.5156055632774497
575,0.5102319675422565
576,0.3722206700789132
577,0.3710137916838991
578,0.3608920415185961
579,0.38250032880884105
580,0.4147022839752689
581,0.4626032846786731
582,0.41057764348487485
583,0.5196506969154281
584,0.38264187732780536
585,0.5127437433885418
586,0.33856724913755815
587,0.44109444669274384
588,0.4131653734721708
589,0.6855666549790504
590,0.4411229464579069
591,0.4151078833644573
592,0.5197979198694659
593,0.44786352613553604
594,0.5338597985045009
595,0.1155199967498084
596,0.4475523345040912
597,0.3761355380620238
598,0.40530176735886103
599,0.5794065710424247
600,0.49592178894023686
601,0.4996458788903661
602,0.36038586706587916
603,0.34555021258719787
604,0.45809197841784577
605,0.46778984673472146
607,0.27454905931862394
608,0.5158432356290552
609,0.568114423179201
610,0.34950492038508135
611,0.5202845858645552
612,0.5121195327976685
614,0.49793651776754155
615,0.475854505338908
616,0.43200033592585146
617,0.42807882460144714
618,0.33129687981849215
619,0.3476622049057471
620,0.4851147528394595
621,0.5267218632906948
623,0.3594725098410904
624,0.3714832334013952
625,0.43500201659137916
626,0.3536969576843669
627,0.24479568704198698
628,0.3638504496469929
629,0.40731863714863864
630,0.4134722225590131
631,0.45769710335407426
632,0.2994387936873146
633,0.5100673699171092
634,0.47566467312129973
635,0.32954071777055627
636,0.4455113612913685
637,0.4278194466209729
638,0.39684282644231617
639,0.4721525884605883
640,0.49212679949431887
641,0.5535178623787947
642,0.5953411402377885
644,0.7159268267853244
645,0.33951561460791363
646,0.4267200836175434
647,0.5472018251940367
648,0.379843038240179
649,0.4247447618231759
650,0.48449149917224693
651,0.4060517853329464
652,0.4685186355804699
653,0.25373925539861164
654,0.45274162790491274
655,0.3890749644704828
656,0.3291432875980515
657,0.5176795853104963
658,0.5424776349011275
659,0.4975033641974881
660,0.44484813310712484
661,0.5118428992430156
662,0.46815143483303345
663,0.42961945172661925
664,0.382084906847937
665,0.5161340840239436
666,0.3445544804109618
667,0.373036049204563
668,0.40416778597471725
669,0.2917379994636845
670,0.39647685403251587
671,0.4843439614105506
672,0.3401390918510931
673,0.4800135816702743
674,0.5255332882088315
675,0.5687998611244628
676,0.3858576672194456
678,0.7267355436408013
679,0.347730700133577
680,0.3694583223110482
681,0.44187140979428774
682,0.3441866365613593
683,0.36387490923136434
684,0.37857602528883894
685,0.37554933844179467
686,0.4051640570736525
687,0.4515995925095703
688,0.6064683903766327
689,0.3954387681047472
690,0.450510358528824
691,0.5216448824171129
692,0.4017189870463237
693,0.3682010695630629
694,0.3442064018600039
695,0.3470439124554015
696,0.42047981277498925
697,0.6645781841322298
698,0.36698130738083756
699,0.4096144294159557
700,0.47128564342765106
701,0.44388559105359954
702,0.36163792274273326
703,0.4624885596085541
704,0.35528386861549704
705,0.34582052438214766
706,0.47584841408124434
707,0.40370247769433076
708,0.5034300149029629
709,0.4184270329412346
710,0.4614331470171469
711,0.45302026228626024
712,0.4554571541956472
713,0.33822495403591246
714,0.3637399419059477
715,0.3624511071225373
716,0.3323578436586637
717,0.4330596472783186
718,0.5307114034364699
719,0.48093618298298585
720,0.33347042807226723
721,0.5119945811125096
722,0.3815674511046591
723,0.3631774153312756
724,0.42915418817643836
725,0.4403777813190717
726,0.39172471092424765
727,0.4167210884838634
728,0.19476763254800744
729,0.36506005119088186
730,0.453663589880197
731,0.48760468567878784
732,0.48749587195416094
733,0.46677764002589217
734,0.40325046078130616
735,0.4462275678928598
736,0.4052202697581926
737,0.5130273681723039
738,0.41410307131446833
739,0.37592550907023686
740,0.4574259414626623
741,0.6267291066181521
742,0.411472646695615
744,0.3469866742072757
745,0.5099150817491651
746,0.42893658143382857
747,0.46176765384276164
748,0.3294055103800993
749,0.3634814634509787
750,0.45173740962077746
751,0.5260064857876964
752,0.5497604603688113
753,0.2995265978658005
754,0.3633426354031057
755,0.38322129431546154
756,0.30607343404696236
757,0.6874402589262611
758,0.4836768570819017
759,0.37811119408187116
761,0.5061643389130963
762,0.4850703914724864
763,0.5137581578241812
764,0.5128829669038661
767,0.3602048599958572
768,0.3331411507846975
769,0.4336229298551963
770,0.3970777876914958
771,0.2935095471696932
772,0.28275754266004216
773,0.7053062212628125
774,0.3450094868908721
775,0.4960033788320031
776,0.3380051615395275
777,0.6259645678889552
778,0.8216471511588397
779,0.3552478432128668
780,0.5071324194551219
781,0.460100480253906
782,0.46125452336530004
783,0.41449278709198206
784,0.33310040950092884
785,0.5121658809017602
787,0.40423953732832385
788,0.44251980754697656
789,0.5156568331244424
790,0.421341565955979
791,0.39072138252006583
792,0.25964627031544046
793,0.3670055024822732
794,0.3390780817246457
796,0.356874584480755
797,0.4807436390739075
798,0.4483466251086918
800,0.3431903588229469
801,0.4793026039532483
802,0.3525278285798833
803,0.46689995678939533
804,0.3252835544503798
805,0.26022686496379166
807,0.46910604827662733
808,0.4959673046972263
809,0.5514477209302584
810,0.642445375745457
811,0.3828627575247211
812,0.3589098164461542
814,0.6898368180985595
815,0.38916408554650733
816,0.40357981868255294
817,0.4610759918409839
818,0.3964111815891085
820,0.44992781599275905
821,0.5026685654366623
822,0.49342750984957
823,0.44378295618631414
824,0.38084727251285455
825,0.4826938632670537
826,0.35307478502867057
827,0.501448841539548
828,0.4527848997544818
829,0.35636910008069095
830,0.4272775680214443
831,0.3520510208187149
832,0.3325771338993484
833,0.3653548801641323
834,0.40244961537778823
835,0.32003938029659523
836,0.4858057055398216
837,0.46673280274028134
838,0.4371100834037218
839,0.4447194867943162
842,0.3877719412898381
843,0.4126540757435341
844,0.5158520169446849
845,0.41998556254210373
846,0.39213997975218445
847,0.44479297887114533
848,0.3605004206059177
849,0.36645829966818216
850,0.3993727941707097
851,0.5094535384003437
852,0.40026412242327464
853,0.3016230592495972
854,0.4380173408918375
855,0.6219479935140718
856,0.601423080212239
857,0.5047185379235807
858,0.7580640753570027
859,0.33579491776012443
860,0.3912865119140929
861,0.34030307601914944
862,0.5213149709716346
864,0.3299258291494352
865,0.44803974021075876
866,0.5051656670976508
867,0.3416803424918709
868,0.443258587956461
869,0.5085870255974073
870,0.6397487183089859
871,0.5756160779704499
873,0.3524560692333209
874,0.4951019918032463
875,0.27701312402859124
876,0.46778169673293774
877,0.5846901371834644
878,0.3564608869057289
879,0.43872259288621906
880,0.36941588078619864
881,0.40569299663977804
882,0.8463939173732021
883,0.4044946892358072
884,0.502064493351385
885,0.38391978634292817
886,0.6704542833141218
887,0.47696812942868744
888,0.7324846151083488
889,0.42604403558446774
890,0.41788225774910853
891,0.365281021136107
892,0.4910207771881899
893,0.34555247549648865
894,0.3743266607641098
895,0.5606702130205311
896,0.5139224045426763
897,0.3822549094969399
898,0.46256740444041367
899,0.3338850366022627
900,0.40920314538590513
901,0.5726445609349948
902,0.39685622696263634
903,0.5409815712607173
904,0.5801635724315967
905,0.5796619907043502
906,0.3743305222089103
907,0.3755800610025769
908,0.41927375304171033
909,0.5115659063207456
910,0.3646264375322375
911,0.44667243396468814
912,0.3960748976946234
913,0.49814329655055983
914,0.4845178084048977
915,0.46519686743270144
916,0.546883824755049
917,0.34458744358130655
918,0.5202356263059004
919,0.536552665278483
920,0.3383064789956728
921,0.33668032885919535
922,0.476178061485765
923,0.42946297820805246
924,0.34189273267828246
925,0.42765510886504776
926,0.6561010445204544
927,0.3715280573039934
928,0.47821404523944977
929,0.5221845595682719
930,0.3442805560228357
931,0.44945967024093686
932,0.44384298613322615
933,0.5042058703576393
934,0.5461825122068891
935,0.284130693136599
936,0.38861820520536583
937,0.6296866083246164
938,0.519545168790607
939,0.4170932096897645
940,0.12976885142983577
941,0.38333281666742547
942,0.39980805569039685
943,0.48753042466338764
944,0.6281464583106102
945,0.4720174110071563
946,0.3404794131567293
947,0.4425513219873329
948,0.43196834361440206
949,0.605118673580158
950,0.38570461566129915
951,0.5150324438075068
952,0.5008299881250953
953,0.15986648512992022
954,0.42671923136264683
955,0.38278697305862913
956,0.35727638720588617
957,0.41716705554937994
958,0.4347514053657883
959,0.28598984749529704
960,0.5504896887282349
961,0.31066395347419395
962,0.39060138902842734
963,0.5026559469066351
964,0.5176551719796532
966,0.48652930874988476
967,0.33451862997866216
968,0.41488510493439246
969,0.34814953139165083
970,0.42499277663150725
971,0.436599064048262
972,0.3882342536335126
973,0.3716024075511819
974,0.3654975935299944
975,0.4674371459676497
976,0.5123243648086149
978,0.44681797592895633
979,0.5889292297187498
980,0.7094505342299129
981,0.41438471337608707
982,0.5875936067109409
983,0.6080259203116839
984,0.5761625900090248
985,0.4353185537463547
986,0.512585021924725
987,0.45404249359126675
988,0.39182229697131465
989,0.30884558616756214
990,0.3555828363477076
991,0.44286257917059385
992,0.45457384336715173
993,0.4006038049344169
994,0.37871504268546763
995,0.4713885444388786
996,0.43913338658887735
997,0.4830919601443438
998,0.3681470087781618
999,0.48423794418768373
1000,0.5830764249301442
1001,0.35636348702629717
1003,0.403612279143402
1004,0.45544539256271516
1005,0.4550335014955843
1006,0.49881049147656
1007,0.4539601580833053
1008,0.47205194329809985
1009,0.42960755059102296
1010,0.5046665722240441
1011,0.5846149319779096
1013,0.3695620476875621
1014,0.37731432027558554
1015,0.36028703505224685
1016,0.5089746804568602
1017,0.3235659633655824
1018,0.5800848039059292
1019,0.6040258547463634
1020,0.49452804895138586
1021,0.37737425567253013
1022,0.4453041487735114
1023,0.4476014330359344
1024,0.44903157244515296
1025,0.39648763092528866
1026,0.3659804932811805
1027,0.4415290113354796
1028,0.47977503575115826
1029,0.36858318721392647
1030,0.4427813914961045
1031,0.62079087166459
1032,0.4056203313899288
1033,0.5051677031249193
1034,0.3332454629634577
1035,0.24157540942111827
1036,0.35241864789396354
1038,0.4690827251800693
1039,0.40015100852916197
1040,0.5048686672670063
1041,0.4289541915726862
1042,0.4943987241538637
1043,0.3865826897751321
1044,0.5172554746863514
1046,0.36260819946466794
1047,0.4005014985246603
1048,0.5335931384420219
1049,0.45026473515115834
1050,0.3189181940643942
1051,0.3190570646705608
1052,0.28662539457063707
1053,0.5230660380117441
1054,0.48568918397629274
1055,0.7100514631289557
1056,0.18636772970264484
1057,0.4126054371553615
1059,0.355531909023864
1060,0.43665944916063665
1061,0.6223026591099329
1063,0.39105670304616436
1064,0.4192196373419564
1065,0.3808261360215807
1066,0.6498984881999397
1067,0.5012340877238535
1068,0.2163756702993567
1069,0.4588170875032183
1070,0.647164870395942
1071,0.35579762973164797
1072,0.435360873962434
1073,0.351175541884415
1074,0.5224118071204302
1075,0.4501402262871356
1076,0.45942881937472335
1077,0.5301627686233762
1078,0.36744556326614836
1079,0.5026296053191047
1080,0.5242504696120235
1081,0.408868868113261
1082,0.34494153555344337
1083,0.2841672291028812
1084,0.50680622516064
1085,0.43643849091453174
1086,0.5250338966559996
1087,0.24499704967818084
1088,0.4420356607742385
1089,0.3614875593803073
1090,0.4125090952876749
1091,0.4445187126432756
1092,0.4099613034537386
1093,0.24574973234269384
1094,0.37777238566264276
1095,0.35694290389515476
1096,0.33675067885036364
1097,0.43677646778734136
1098,0.37586735276315825
1099,0.43278112235971633
1100,0.3464923096399924
1101,0.37147926120874075
1102,0.39945924699112817
1104,0.49742586049000415
1105,0.3788914489369422
1108,0.8016644467926981
1109,0.37322387244434063
1110,0.49158968052721214
1111,0.7473447073570025
1112,0.5199852971579146
1113,0.599329707045683
1114,0.37042140140108193
1115,0.5013910355269916
1116,0.5794829537658138
1117,0.42695503135931295
1118,0.6706524988074409
1119,0.6764464482125008
1120,0.40206639008932676
1121,0.3766660482088673
1122,0.33704885071935
1123,0.4136663449554221
1124,0.4276968573061002
1125,0.5580896425849071
1126,0.5650710358807465
1127,0.49728818361147226
1128,0.3913183845415721
1129,0.5225939812954323
1130,0.3357368041863023
1131,0.37412570428267655
1132,0.33809884826737835
1133,0.3654920193133349
1134,0.49600002938268756
1135,0.5309899838989235
1136,0.5802395944877526
1137,0.3664253950381949
1138,0.6392008201689621
1139,0.3510962585646734
1140,0.3528826980950643
1141,0.5920460738060234
1142,0.3757015282471233
1143,0.4982220969688594
1144,0.424806768878486
1145,0.697211539786637
1146,0.5114365149651022
1147,0.6280564092141786
1148,0.48339011963060446
1149,0.3365231401523047
1150,0.5692865233592688
1151,0.5097533501097548
1152,0.4643515051776613
1153,0.4922118560399249
1154,0.5435201729048639
1155,0.39513952714498896
1156,0.5875117529792172
1157,0.5689199951369003
1158,0.45230554043645355
1159,0.3831090917506847
1160,0.4435718612613118
1161,0.6856569275988493
1162,0.46264369141496975
1163,0.41301564536693197
1164,0.37677268622866084
1165,0.5246025121583859
1166,0.6579429116272218
1167,0.6385077751706209
1168,0.4501392439549858
1169,0.458398053844592
1170,0.42245823533839144
1171,0.4904688951338632
1172,0.5206818610489611
1173,0.44408055326228124
1174,0.4205212086739074
1175,0.32780271465953426
1176,0.3133022359320781
1177,0.39893324007710507
1178,0.6766798846542948
1179,0.5123476775918338
1180,0.5144501178001308
1181,0.2722732887359394
1183,0.3959098985549509
1184,0.5079194979270627
1185,0.4901633622278088
1186,0.2610909063553847
1187,0.5384901581996836
1188,0.4387856048604394
1189,0.4701382461088796
1190,0.5205937115357111
1191,0.5024306292864076
1192,0.32233576841395367
1193,0.574181107993604
1194,0.3506351778057351
1195,0.3449521006088547
1196,0.5029181727717303
1197,0.48611765347402985
1198,0.5108751918636332
1199,0.36673392033315594
1200,0.41272958337298793
1201,0.3962532107024107
1202,0.4391759741038242
1203,0.8225858095089492
1204,0.5365312579859345
1206,0.3434348210258949
1207,0.44360525160554676
1208,0.4955191495143136
1209,0.5246299391534972
1210,0.38044679968437073
1211,0.4032818452523014
1212,0.5060646795192469
1213,0.3381098943303244
1215,0.3150089010561279
1216,0.42131483763505406
1217,0.3436786691089551
1218,0.3777273106974026
1219,0.506587996615278
1220,0.4606623772707504
1221,0.5176133011239812
1222,0.4090193473511653
1223,0.5205920411452566
1224,0.49980914460601683
1225,0.4101979934215456
1226,0.39905282350610394
1228,0.5297152430048964
1229,0.4461108473954677
1230,0.3501375182841964
1231,0.6608644352588503
1232,0.3573442317386079
1233,0.39189094546630515
1234,0.5263502122877106
1235,0.4377443488232525
1237,0.556497587865021
1238,0.5534750307427497
1239,0.3704507664292128
1240,0.46538789219777066
1241,0.4140031220464808
1242,0.3715356991942363
1243,0.5058382678824408
1244,0.3953669263315494
1245,0.5315924600612152
1246,0.3406802460118654
1247,0.46030443540848237
1248,0.5697488802596481
1249,0.5348917645371465
1250,0.7939525453765087
1251,0.54988148917103
1252,0.45513182784784745
1253,0.40644115963122984
1254,0.49425400295894717
1255,0.4020291478998911
1256,0.42131273865664703
1257,0.5051792446685138
1258,0.7326466861227229
1259,0.489605397552824
1260,0.5690373069914371
1261,0.3600541848100837
1262,0.45683338088969294
1263,0.5098966637147602
1264,0.4206791051635078
1265,0.5124717171354551
1266,0.35857436925739833
1267,0.41407494162685937
1268,0.3675058446166667
1269,0.4744082802879028
1270,0.47609190371309723
1271,0.6013619905269616
1272,0.3521088701483382
1273,0.4749388964310521
1274,0.5356262574671312
1275,0.3595090883999552
1276,0.5637997454345761
1277,0.7173169909271241
1278,0.417851631669954
1279,0.488084284520866
1280,0.3972149907287645
1281,0.5139112502879081
1282,0.396198939835041
1283,0.4886540770488034
1284,0.47615299476858175
1285,0.472143886373836
1286,0.3349615188625355
1287,0.48396897736481725
1288,0.4664408677302186
1289,0.37688857529984093
1290,0.42305860414174684
1291,0.4228688803671867
1292,0.3772919657093766
1294,0.33766760334879103
1295,0.4208834814484269
1297,0.38517044809575746
1298,0.3683395995460324
1299,0.4578055438126964
1300,0.46045851030659757
1301,0.3875109697916221
1302,0.33464491033850496
1303,0.35549802472552067
1304,0.45377665008146095
1305,0.4491459810980494
1306,0.271259757261119
1307,0.46514929679778355
1308,0.5277918743136669
1309,0.4685324721821517
1310,0.38795479710214986
1311,0.4333165749627648
1312,0.35202551188851217
1313,0.606072841176179
1314,0.37561508622975115
1315,0.38528416935270404
1317,0.5213618629278471
1318,0.5837801569253459
1319,0.7533078171678776
1320,0.41690483361942554
1322,0.4193372739945376
1323,0.35475958714261824
1324,0.45669895760203355
1325,0.42350513313062904
1326,0.5245303765038104
1327,0.3803149067104651
1328,0.33356942632287856
1329,0.36516199072458283
1330,0.39181179273571115
1332,0.41431712036743595
1333,0.5149984470948572
1334,0.5223507792231944
1335,0.5135162425422687
1336,0.42885275322558053
1338,0.569473573913671
1339,0.3324527692883059
1340,0.3237939633481297
1341,0.23900713093867135
1342,0.4076675745577117
1343,0.7290698506949671
1344,0.6217979503124845
1345,0.5134775349320916
1346,0.34902589197231454
1347,0.35099347595171315
1348,0.578456847688175
1349,0.4088724692718239
1350,0.4512394923392848
1351,0.40549464401802626
1352,0.383113540245949
1353,0.5261914993991563
1354,0.3462920853895287
1355,0.3336220428346231
1356,0.21064639328994883
1357,0.3826709555631575
1358,0.42747236855723497
1359,0.4427988807757408
1360,0.3449544584615154
1361,0.45864736472247863
1362,0.7468106166358233
1363,0.34715365836489215
1364,0.3179005861038551
1365,0.5572833308643668
1366,0.3637087606458685
1367,0.5192577504484011
1368,0.791226992123366
1369,0.44184835899647773
1370,0.3616467501337381
1371,0.660259941311145
1372,0.5427724791953933
1373,0.49282635798722907
1374,0.3337440479672941
1375,0.47425728230575837
1376,0.4859147021639422
1377,0.39801347676211474
1378,0.42946682889515925
1379,0.2911859559778658
1380,0.5504599929585305
1381,0.41199773223878006
1382,0.4439508679236271
1383,0.46195837217721447
1384,0.4106012938322378
1385,0.39965001265022027
1386,0.36268178993759226
1387,0.6566270400160235
1388,0.4255153782770788
1389,0.415663061951448
1390,0.3826780416710367
1391,0.35620932846655706
1393,0.4862689607271748
1394,0.5588147481273998
1395,0.5205985508543121
1397,0.47936026373234814
1398,0.32874610483359507
1399,0.4588736064851535
1400,0.5718718239454391
1401,0.5164380703727753
1402,0.4139374264018477
1403,0.39806204437269943
1404,0.5064868714873676
1405,0.5475366517416682
1406,0.521079587809239
1407,0.4131007835355163
1408,0.46780327802808375
1409,0.4560259596812537
1410,0.4177459975015575
1411,0.3590314893396713
1412,0.4678764308650291
1413,0.6364089623717535
1414,0.44331015980437855
1416,0.501120394612529
1417,0.4429289820311898
1418,0.6774219030647515
1419,0.39600468715839565
1420,0.428871505225505
1421,0.7899988025385691
1422,0.38044475615439705
1423,0.498217506551311
1424,0.35667589373911474
1425,0.4422836888219045
1426,0.5665303060185505
1428,0.49761235923778496
1429,0.25440523218270183
1430,0.37354061932506794
1431,0.4211984563311825
1432,0.46604917741406837
1433,0.3255731515769954
1434,0.5933762703468138
1435,0.29627009214936556
1436,0.4903421065665697
1437,0.6895931932696794
1438,0.5049155022836829
1439,0.5379428935624307
1440,0.37184499994947096
1441,0.3569736377498683
1442,0.46939892979902376
1444,0.5278275176211237
1445,0.5902961668045137
1446,0.4752069890789912
1447,0.6530168886798513
1448,0.33887950163992525
1449,0.5223867834892802
1450,0.39300564951308187
1451,0.44071511184473455
1452,0.629265474022797
1453,0.40384640132411764
1454,0.5656900906046824
1455,0.4031761073067307
1456,0.7268030795757399
1457,0.43629325084304255
1458,0.3968475982474083
1459,0.4282278290730415
1460,0.7092550413373439
1461,0.3846064437677993
1462,0.42030366554875764
1463,0.6902927248108304
1464,0.5184936775956189
1465,0.6288839312525242
1466,0.45388542963516676
1467,0.5278985956478797
1468,0.4780430808973564
1469,0.5094078937656069
1470,0.6908395639755847
1471,0.4214872835652068
1472,0.573835854431923
1473,0.7008220413155134
1474,0.3480982717357248
1475,0.43873851109737877
1476,0.425454919342082
1477,0.678718069352137
1478,0.38705203508202235
1479,0.3365133922761145
1480,0.4499157260309419
1481,0.4322073952745072
1482,0.35787294264126446
1483,0.4779002828582431
1484,0.4791983794501508
1485,0.5927871903414477
1486,0.4036692515496651
1487,0.5362969489648384
1488,0.3929943313681491
1490,0.3750058016956293
1491,0.509437110487808
1492,0.47928882339731405
1493,0.37545737183261274
1494,0.4026855775662532
1496,0.6368926985511607
1497,0.8225252941834353
1498,0.36637595963483977
1499,0.37122444440213476
1500,0.5466786233128064
1501,0.7132525209045665
1504,0.4505933910975112
1505,0.354617107675164
1506,0.4469883757763999
1507,0.364819935016808
1508,0.3582186712690868
1509,0.39549434493316254
1510,0.5054997185549773
1511,0.43353804299098575
1512,0.5453492367067169
1513,0.526418593561208
1514,0.37185175861442854
1515,0.5067460784753358
1516,0.37863582288963726
1517,0.3771194936840486
1518,0.4404533453195003
1519,0.3096149679984071
1520,0.40055006752604333
1521,0.3560547528890236
1522,0.5278564082183944
1523,0.5699775176805293
1524,0.3014241093491372
1525,0.38335333164306495
1526,0.5009388796890861
1527,0.2369061675464295
1528,0.5808689184868161
1529,0.6014820680783373
1530,0.6083341586111144
1531,0.47161251418877925
1532,0.4757442974768664
1533,0.5925930633896186
1534,0.48030179615786833
1535,0.40459410712756594
1536,0.5259517862093432
1537,0.5492779026275285
1538,0.32010901882760684
1539,0.426597369837393
1540,0.3599647573581307
1541,0.38295565641622353
1542,0.5358615429841497
1543,0.5015230926271169
1544,0.362839933555234
1545,0.47204132522056264
1546,0.42963253521261074
1547,0.33868879132751806
1548,0.39258654195644305
1549,0.5097641515768812
1550,0.3861727190224436
1551,0.33431225217402555
1552,0.3702677639054729
1553,0.4046841386160786
1554,0.5708301084753535
1555,0.580990812557993
1556,0.6435218156691896
1557,0.41783537577974594
1558,0.5221796763425128
1559,0.424433061095368
1560,0.5284957829398664
1561,0.5088646067468321
1562,0.48634647274785137
1563,0.36882687855393903
1564,0.5536685739991208
1565,0.4645860412651648
1566,0.2481332505401179
1568,0.43261270608336005
1569,0.5107800569562051
1570,0.4377780111408415
1571,0.46559474572104176
1572,0.7739853000726999
1573,0.6228551398805089
1574,0.44424156018570493
1575,0.4064357345977287
1576,0.4342056507337127
1577,0.6855703669914118
1578,0.535308459172934
1579,0.4522125337630606
1580,0.6473273436400517
1582,0.7224836792761979
1583,0.41963448927777164
1584,0.7146245425375877
1585,0.4675671838745245
1586,0.6371290672857918
1587,0.3924663392454608
1588,0.6248034394951427
1589,0.5665812159470824
1590,0.377079819972856
1591,0.6231505362589258
1592,0.3560110306634195
1593,0.363707273857366
1594,0.7884740108932863
1595,0.6289712418613103
1596,0.5480230719833339
1597,0.36906795698410866
1598,0.3467965109637456
1599,0.46526728792618166
1600,0.3982180411218552
1602,0.5004121967357058
1603,0.5117071073365097
1604,0.5070085977922109
1605,0.7861981735343749
1606,0.4391415920776677
1607,0.30914523310424546
1608,0.6717492595316237
1609,0.4093953203920094
1610,0.6770750038513395
1611,0.6141243857088869
1613,0.5409295581675624
1616,0.711149974813558
1618,0.7550091205196273
1619,0.6758714002645702
1620,0.7451901397323412
1621,0.5191137262960054
1622,0.43046835664746
1623,0.4961128558955258
1624,0.4890732440787215
1625,0.42805368093071866
1626,0.45364251269342143
1627,0.3492911645779803
1628,0.5283391301208277
1629,0.47669104905365245
1630,0.5260404567053607
1631,0.521443585260468
1632,0.5616685139441338
1633,0.7044003922241512
1634,0.5430742952009904
1635,0.3989570442347492
1636,0.6700487904676822
1637,0.4148833026209271
1638,0.5038743212187343
1639,0.45500346610473813
1640,0.41413440476806945
1641,0.5593180144345596
1642,0.599431024382296
1643,0.5587547575522047
1644,0.4419403522229234
1645,0.40644752492532477
1646,0.49103494119721147
1647,0.49242765893865553
1648,0.2506095946929128
1649,0.45977465444789445
1650,0.48960954745170165
1651,0.4256070558891676
1653,0.5716872287999926
1655,0.276413666697482
1656,0.5116091637732577
1657,0.5012917232866781
1658,0.40122286949019903
1659,0.48870870962591023
1660,0.3563290878072713
1661,0.3396390513933607
1662,0.3795492292842648
1663,0.5986732852312172
1664,0.5129198294190855
1665,0.49021245431286553
1666,0.4436180643177321
1667,0.3814589427829969
1668,0.34894517507797423
1669,0.36208260191058056
1670,0.540916088508631
1672,0.41971816279909285
1673,0.4997451125525796
1674,0.4302548544358974
1675,0.6559102736457857
1676,0.4148031439358087
1677,0.36412674201137457
1678,0.538816664920446
1679,0.37899091646516264
1680,0.4820059186994431
1681,0.3937618551169809
1682,0.3548873406965385
1683,0.48570781849653283
1684,0.26409679479289583
1685,0.5335780868655081
1686,0.3973284607586991
1687,0.6797770088293619
1688,0.47824857305117346
1689,0.46688240602953507
1691,0.3313666217668483
1692,0.5005662257607915
1693,0.3321277433148319
1694,0.6507867272323461
1695,0.46569538786548836
1696,0.5077160324711656
1697,0.4235529120148925
1698,0.5226315678005805
1699,0.5344946757253632
1700,0.36883701615151787
1701,0.5280038699400589
1702,0.47625707561053715
1703,0.5896827884982209
1704,0.6216217011831111
1705,0.31726920495681227
1706,0.4386287642579132
1707,0.33012810997426145
1708,0.36656807705276734
1709,0.3483024748915632
1710,0.4403843448136174
1711,0.3591332152600295
1712,0.4934355903498638
1713,0.48444103368828223
1714,0.5752851168180947
1715,0.40312183134216073
1716,0.3573852310127688
1717,0.36051649453815
1718,0.49406597047800693
1719,0.47643556822269234
1720,0.33974488240418843
1721,0.4140692482054647
1722,0.6359230680872874
1723,0.5889871356016453
1724,0.4061423954887594
1725,0.5359000825842081
1727,0.4985599947720904
1728,0.47518107165178275
1729,0.434987853187333
1730,0.5411969448839855
1731,0.35726066239460835
1732,0.3395069298675761
1733,0.5298681815941153
1734,0.5614748307022532
1735,0.4193448442224773
1736,0.44076142965355464
1737,0.720775645309816
1738,0.40472711185608773
1740,0.6834066162086702
1741,0.36288497485614357
1742,0.5247977936334631
1743,0.5726424643784478
1744,0.43463456180341314
1745,0.5477312299611832
1746,0.5106879319641504
1747,0.5039648378970825
1749,0.6260329692427896
1750,0.5415919542021154
1751,0.4495042813729442
1752,0.45027959701074616
1753,0.5393888370113142
1754,0.4748483746953457
1755,0.4538571226311343
1756,0.37533721696046957
1757,0.4518140404141395
1758,0.628261222337949
1759,0.41136338124531596
1760,0.5798232934537695
1761,0.7297015122135151
1762,0.3531583543779186
1763,0.8832100953134681
1764,0.3290949936101882
1765,0.24807591950645927
1766,0.42609530060226175
1767,0.6877579633762565
1768,0.4987336072232698
1769,0.4367183230580268
1770,0.5588051815746702
1771,0.6388302973768947
1772,0.4769449494057156
1773,0.3667009845312917
1774,0.4733537537532082
1775,0.45857998628719854
1776,0.5016512419889968
1777,0.45290852370053647
1778,0.6446542371230187
1779,0.4612390096199477
1780,0.4953159640633929
1782,0.42830678636535935
1783,0.3493276640546862
1784,0.46292127751163165
1785,0.437919480353923
1786,0.7034789688935432
1788,0.49073142286227356
1789,0.40329760009030796
1790,0.37610011058356085
1791,0.5132008851158691
1792,0.5546180336554529
1793,0.39269814586271506
1794,0.4380816720102061
1795,0.48112229638426696
1796,0.40654051234882943
1797,0.5441778255477461
1798,0.7012843147219725
1799,0.44470694163234337
1800,0.4735564283959406
1801,0.47165216679142763
1802,0.722429202907877
1803,0.5761310609721577
1804,0.39265160667587146
1805,0.33159534308271116
1806,0.3926453652934285
1807,0.3529956895088797
1808,0.5460708575885992
1809,0.6324676143593133
1810,0.3522226857738235
1811,0.380231901029587
1812,0.41304485913383565
1814,0.37710195614944997
1815,0.329320464563121
1816,0.34261193018076935
1817,0.5655739240620624
1818,0.41597798787022766
1819,0.4370829766686646
1820,0.36256481356035763
1821,0.4768030647059859
1822,0.35115449559113765
1823,0.34865236433788516
1824,0.5565470841314446
1825,0.527192477251097
1826,0.8487416366367717
1827,0.44834670734854803
1828,0.43317951279811656
1829,0.460832896184681
1830,0.47714745607408243
1831,0.8016506898270012
1832,0.3645125322466609
1833,0.5373499079497823
1834,0.3300823077263262
1835,0.4396739380955018
1836,0.34031924249584333
1837,0.5435950572442391
1838,0.3919068354404162
1839,0.33105904665551106
1840,0.4334866663580181
1841,0.4146240994436273
1842,0.5053322889991657
1843,0.3032022946162998
1844,0.4841944044263004
1845,0.7400782039794712
1846,0.505903540840898
1847,0.5529291139249105
1848,0.35188449922499626
1849,0.32699849820156407
1850,0.40310603896053726
1851,0.35126915293400296
1852,0.5730143732276969
1853,0.2711744955337123
1854,0.7828034033955854
1855,0.3415283053587304
1856,0.6505360243449434
1857,0.48387512379000863
1858,0.3878609023982059
1859,0.2816588012327963
1860,0.3535023917847645
1861,0.3651557755599819
1862,0.3740970190750744
1863,0.47342897343952905
1864,0.35744612390510455
1865,0.6706772845769036
1866,0.46174483386497844
1868,0.3158936146793886
1869,0.5663165590262665
1870,0.7212893897912287
1871,0.3590268432528065
1872,0.5009017863760676
1873,0.4639886954983357
1874,0.570224527525784
1875,0.8452201157169273
1876,0.7363163860402885
1877,0.5585134793359002
1878,0.35203481975012924
1879,0.4514808403350642
1880,0.6369891747458691
1881,0.5035893210082562
1882,0.4119484140133638
1883,0.555457167997717
1884,0.5207772706478097
1885,0.337496807730069
1886,0.5822729234862342
1887,0.4571348969084705
1888,0.5407735387422354
1889,0.4279686254969743
1890,0.3419195630512552
1891,0.5913632967677412
1892,0.4734940095333101
1893,0.6572145922578262
1894,0.4775385929013401
1895,0.42066864261681824
1896,0.3617607989165231
1897,0.5315232046487324
1898,0.3191049463461413
1899,0.41913406764908695
1900,0.36658532972910474
1901,0.571797056834195
1902,0.434983213264318
1903,0.3540198142123297
1904,0.5431396067148029
1905,0.3431067256514966
1906,0.2326202521521147
1907,0.3275018288102915
1908,0.5011261405203605
1909,0.5976487621141009
1910,0.42789763606141723
1911,0.3383168068094781
1912,0.598151341831452
1913,0.3400099758957958
1914,0.6016031542402699
1915,0.5683494911439823
1916,0.4853752787022152
1918,0.5898576132471096
1919,0.39406144967350026
1920,0.418846267423919
1921,0.33703030865306444
1922,0.45118715553991534
1924,0.3885433761648708
1925,0.36706014992355607
1926,0.4701652143512656
1927,0.3409341201449288
1928,0.45746514096077784
1929,0.4005971902268361
1930,0.37078214759273714
1931,0.5824747082000237
1932,0.4096675247822468
1933,0.5436279426166053
1934,0.4222007272006953
1935,0.49250415940384495
1936,0.49420335010171035
1937,0.5000222851961902
1938,0.41775942698766866
1939,0.4310408246408893
1940,0.38880094949438865
1941,0.4370110452669478
1942,0.4051548066423082
1943,0.5132652291083968
1944,0.34051752430915067
1945,0.6846387384355059
1946,0.8314283262741747
1947,0.33483261899025246
1948,0.661919987123654
1950,0.7425862074213423
1951,0.4635011322224215
1952,0.5431678839185282
1953,0.5067554272560972
1954,0.3157933496111824
1955,0.5948827542829153
1956,0.46775636807870224
1957,0.37461059811176334
1959,0.4399103876362914
1960,0.5056557587790702
1961,0.5328582869883752
1962,0.6357450818712059
1963,0.3490754427460809
1964,0.4877038275195197
1965,0.4979479425264322
1966,0.6000628714294168
1967,0.47186026217968696
1968,0.339119194201763
1969,0.37151073367989274
1970,0.46434029447593
1971,0.4292236770849742
1972,0.7230605820406351
1973,0.49265844293961725
1974,0.6712663967639708
1975,0.35867983949029103
1976,0.35872816795837587
1977,0.4817048915865701
1978,0.6684228433668499
1979,0.4455091613529154
1980,0.43749194120561213
1981,0.37058514039978446
1982,0.46358506497352586
1983,0.7583908400942216
1984,0.7309250841330175
1985,0.4762332015561922
1986,0.571802017467559
1987,0.6715315957356329
1988,0.6915864487147586
1989,0.5424032088921342
1990,0.3918040731579287
1991,0.38745826857080184
1992,0.49079348724391647
1993,0.5158969055758524
1994,0.6061775486171203
1995,0.6679208410742755
1997,0.5847142297515509
1998,0.5178827734239494
1999,0.45632236960356937
2001,0.4885083287489489
2002,0.4498810450133126
2003,0.3429615828210759
2004,0.5173762344912642
2005,0.49966321497890087
2006,0.4876379976330082
2007,0.5122858140624328
2008,0.7536536526587528
2009,0.35265130961511426
2010,0.5203243611914523
2011,0.43926354591117883
2013,0.4564486410390624
2014,0.4919723153681006
2015,0.4958398952894155
2016,0.5658900911575521
2017,0.550920648093354
2018,0.4206887167652153
2019,0.47973150661172037
2020,0.3860478656350288
2021,0.414360100930089
2022,0.49848844306893675
2024,0.41600117742078646
2025,0.3367040695982196
2027,0.543589020260931
2028,0.4307162720085682
2030,0.3453647349997841
2031,0.5686484512036789
2032,0.5269710347798502
2033,0.43857391050734
2034,0.4540254506065713
2035,0.41804899108037225
2036,0.5200505786470477
2037,0.755964369729965
2038,0.4362445092502733
2039,0.42312963164685713
2040,0.6097301475670316
2041,0.3830659703578829
2042,0.35901991326058724
2043,0.4823904180377853
2044,0.382802032751859
2045,0.7385537343882921
2046,0.3838936758476973
2047,0.7417897455324154
2048,0.39756293248325625
2049,0.45360245885612477
2050,0.3723363990348154
2051,0.3387325815546128
2052,0.6075983527564487
2053,0.3452744344761744
2054,0.7211205556471142
2055,0.4074349701209893
2056,0.5049191698357519
2057,0.46794749496401017
2058,0.5029079220531738
2059,0.4446617279250353
2060,0.4160372139688279
2061,0.4916799684049644
2062,0.27847386530715745
2063,0.6185655414930276
2064,0.37365862812111195
2065,0.3725141682335295
2066,0.450629122465774
2067,0.5038050353679825
2068,0.5336441892172881
2069,0.461110830485185
2070,0.6570087719793616
2071,0.5923821498383403
2072,0.5237922039642873
2073,0.5487069267642031
2075,0.6064047255926195
2076,0.3349958410421602
2077,0.39830879817571935
2078,0.4475121635673793
2079,0.3590449025660583
2080,0.3693182895504423
2081,0.45792174181489287
2082,0.8455682391463251
2083,0.5128254695477751
2084,0.48352541732048004
2085,0.3801764778097363
2086,0.6176191047345067
2087,0.572786041903323
2089,0.5433290273302981
2090,0.35499127060107627
2091,0.6386175760097534
2092,0.33264921131686537
2093,0.4041810197979468
2094,0.347940942732779
2095,0.48334007450828986
2096,0.6492127860657277
2097,0.43685623886602654
2098,0.5865646599023733
2100,0.5470312390694189
2101,0.4615830836145136
2102,0.41778064102317575
2103,0.42373444615386757
2104,0.7642405769363713
2106,0.567666134948675
2107,0.5196622703636309
2108,0.6221905591660647
2109,0.8807348414248523
2110,0.3067519847935021
2111,0.6234350253350279
2112,0.4673644068347911
2113,0.7016456685701987
2114,0.35797220108532124
2115,0.4735612107199063
2116,0.6718275714906096
2117,0.5860591924828539
2118,0.5009228343297484
2119,0.6983289488047574
2120,0.5014632966337292
2121,0.7525897629905184
2122,0.4695413820938319
2123,0.5032140628160834
2124,0.5076797696980581
2125,0.5470828095806008
2126,0.4628658836389698
2127,0.599549899091042
2128,0.43471890719777184
2129,0.661460151941046
2130,0.33341284690458317
2131,0.506802171719905
2132,0.3549732168726827
2133,0.6260540127201636
2134,0.4869922218210528
2135,0.41637572599147044
2136,0.6648013686389792
2137,0.42369618770725004
2138,0.47163944104311223
2139,0.5862150875986875
2140,0.42395458624777155
2141,0.47166509982273314
2142,0.38650503754444426
2143,0.37317340936427557
2144,0.6468894315944888
2145,0.5152801327717509
2146,0.559609908859573
2147,0.2845250873024133
2148,0.41967928415174444
2149,0.3973039288262717
2150,0.5388656351459489
2151,0.7615703172033733
2152,0.624266565821112
2153,0.4483906943136788
2154,0.49175046671969525
2155,0.35163367424855263
2156,0.6279557406635975
2157,0.3799096093772533
2158,0.4847224502726961
2159,0.7348181690884212
2160,0.35914505705392874
2161,0.8315688821884114
2162,0.5262845880895506
2163,0.5136470013222871
2164,0.4096929412619874
2165,0.3760013911983113
2166,0.7251891879695557
2167,0.5828357236353009
2168,0.6626626885237462
2169,0.5446056284096745
2170,0.45197417603728246
2171,0.39016896993547356
2172,0.5151775543105768
2173,0.5685787695432797
2174,0.6133362791647792
2175,0.5713769471295724
2176,0.43445385026341005
2177,0.5212880525868756
2178,0.5674764770068476
2179,0.49999098584865587
2180,0.4297160225907927
2181,0.3495076149820559
2182,0.3996945797428548
2183,0.33185596432366987
2184,0.41216696527542235
2185,0.5213390766448871
2186,0.4301122831249623
2187,0.32658377399536626
2188,0.3452274870442535
2189,0.6543501944645672
2190,0.26008472290197643
2191,0.6239407735088695
2192,0.7219798044989615
2193,0.4402946691818832
2194,0.26631141138773845
2195,0.3438232757634052
2196,0.46787250456923024
2197,0.45333160201473877
2198,0.5624506468555598
2199,0.53148430254239
2200,0.6874041661087336
2201,0.12219552427673977
2202,0.4361857302524681
2203,0.42847819171350005
2204,0.7947269376972101
2205,0.33902161720034846
2206,0.36544468112910955
2207,0.6406678338040889
2208,0.38165437989687906
2209,0.4297267023342583
2210,0.39137602537225663
2211,0.49373831398657925
2212,0.6173236854487614
2213,0.4254812777105236
2214,0.3448335158337861
2215,0.5721023285288787
2216,0.45335160281462644
2217,0.42384486900440793
2218,0.6529297858308212
2219,0.5465744913940859
2220,0.643329871657907
2221,0.3880609787738272
2223,0.35968180008080436
2224,0.3926677798800009
2225,0.7854340168613672
2226,0.46979817203984336
2227,0.3187023213817173
2228,0.4067253577941523
2229,0.4852350946519254
2230,0.3649978936987191
2231,0.46801743465758366
2232,0.3503380852154761
2233,0.6094836751409328
2234,0.6411195030416996
2235,0.3962803264090309
2236,0.40455623295865434
2238,0.5471889365325694
2239,0.6826160474016743
2240,0.5553575656292038
2241,0.3974282089500396
2242,0.5763072738575163
2243,0.3936774728410057
2244,0.424203464361835
2245,0.49307914051952717
2246,0.5301123267510033
2247,0.5690243892406794
2248,0.54919104645374
2249,0.38888995628259404
2250,0.40241480622531267
2251,0.48976169024867117
2252,0.33606425684577873
2253,0.7007222915663032
2254,0.49144489421012894
2255,0.6511908573503877
2256,0.36530922118993403
2257,0.7696416912101935
2258,0.5772473178943074
2259,0.7607857800404817
2260,0.6450898890196001
2261,0.6600993416189606
2262,0.39123391072333324
2263,0.5173657484918677
2264,0.6943440179564215
2265,0.426562977284449
2266,0.4102319402520539
2267,0.36855936522928384
2268,0.44741171313420636
2269,0.5371482314866599
2270,0.4998587744601542
2271,0.3748317818796697
2272,0.5217549883520199
2273,0.3889878437821791
2274,0.5105973229458054
2275,0.33264797717712175
2276,0.4847479461106826
2277,0.5875040683482405
2278,0.6784054464654001
2279,0.5219201762475074
2280,0.32957245391990975
2281,0.49561465335105365
2282,0.466333576767663
2284,0.7281021208871586
2285,0.7222390468210133
2286,0.6730249120678465
2287,0.4671952394667251
2288,0.49880844012646486
2289,0.4039775093886384
2290,0.8120854824788878
2291,0.46387362908304614
2292,0.41575162487159806
2293,0.5126103020975858
2295,0.5909225383016983
2296,0.3952289496133461
2297,0.4199841890539672
2298,0.33632127865926903
2299,0.7442846532912738
2300,0.5311053990876743
2301,0.6790104143082198
2302,0.5006544267493794
2303,0.5592523591428334
2304,0.6807943709337556
2305,0.35819220944874436
2306,0.6342554724937713
2307,0.6422564017257272
2308,0.5453587615942601
2309,0.5400605599935381
2310,0.4299519227159247
2311,0.5046175754191107
2312,0.5538204659381294
2313,0.4138637347302329
2314,0.42810657924677314
2315,0.4575069767239543
2316,0.35076203218233903
2317,0.6604507631468601
2318,0.39283002278401014
2319,0.48539994622302
2320,0.6276604481007271
2321,0.6875286472398865
2322,0.5613328747298659
2323,0.4230872173594798
2324,0.34702406197334906
2325,0.4713102336138659
2326,0.46769306285216555
2327,0.6092481863994365
2328,0.4089756618194503
2330,0.5399161816703004
2331,0.598142393561962
2332,0.38856137409254654
2333,0.4071163425454119
2334,0.6842360782622562
2335,0.5499821327138359
2336,0.3502338310830902
2337,0.34002143901710463
2338,0.437259070593131
2339,0.7443704473064368
2340,0.3802639217306246
2341,0.3446199624165616
2342,0.513624612945881
2343,0.4376498286807435
2344,0.5829290171134934
2345,0.5622623282186491
2346,0.4571430013108552
2347,0.4650195318894679
2348,0.31278707672798506
2349,0.44691853302970513
2351,0.5637205768259219
2352,0.517021660890905
2353,0.3648681310926816
2354,0.49816282358730696
2355,0.4889067484155399
2356,0.4078173889740171
2358,0.5052239494113258
2359,0.6161552119535035
2360,0.34104723811381527
2361,0.4431077727790784
2362,0.35650547396294646
2363,0.522680655314096
2364,0.37296745613986043
2365,0.5313540575354887
2366,0.36747661075130666
2367,0.3906889833642243
2368,0.7755868194252183
2369,0.264396541036109
2370,0.3527948882172227
2371,0.3760305895237864
2372,0.49652591700616683
2373,0.39870774735278547
2374,0.46828719161539
2376,0.4281013553922425
2377,0.4614775364959121
2378,0.8286498168845007
2379,0.575222566805758
2380,0.4720900792660881
2382,0.5721876292259201
2383,0.329973345046478
2384,0.42698744448910925
2385,0.3861741742921705
2386,0.4885073712844334
2387,0.5387735702323992
2388,0.6934891595270344
2389,0.5415461980915437
2390,0.6298873374774113
2391,0.6993044197211694
2392,0.5663712777350322
2393,0.351142389349629
2394,0.534130169579249
2395,0.3402796773585249
2396,0.45285411038096446
2397,0.5394485152699152
2398,0.340681844831793
2399,0.5035660131767115
2400,0.4450555577802623
2401,0.2649602346957467
2402,0.4298430650296712
2403,0.5706720228611225
2404,0.6491846428416382
2405,0.33982912169978674
2406,0.4445241269592265
2407,0.41735978629042864
2408,0.6585690747970441
2409,0.5332181491512655
2410,0.3409800590256416
2411,0.3963310537787143
2412,0.521839637895513
2413,0.5332970545258914
2414,0.464581402131875
2415,0.4944581467999126
2416,0.531462663575022
2417,0.5748688096165842
2418,0.33678153551327067
2419,0.526063773485021
2420,0.3556473604745649
2421,0.40029687938584707
2422,0.5091131908838337
2423,0.4868241704195446
2424,0.5515390642408186
2425,0.5641068056745173
2426,0.44812647300678676
2427,0.6962360681302364
2428,0.7725572364759624
2429,0.5232453917472912
2430,0.4956755868436898
2431,0.7401963916518927
2432,0.5186309017430971
2433,0.5501741365190811
2434,0.46071466490351914
2435,0.4216023510012351
2436,0.5202737080680938
2437,0.48823545436113674
2438,0.592401837446296
2439,0.5703582014958757
2440,0.687061285346814
2441,0.42404040158020667
2442,0.4263427982483114
2443,0.49663789444592304
2444,0.6069762811612256
2445,0.47634651393620897
2446,0.6750614547420204
2447,0.41182450850881963
2448,0.4628619760114493
2449,0.5828724999608259
2450,0.6456420061302282
2451,0.4756205671704038
2453,0.3402594700490542
2454,0.469481132148038
2455,0.6141726663048909
2456,0.5099739236978007
2457,0.4278622673686107
2458,0.5681371437128221
2459,0.4316695161428553
2460,0.4666681232199706
2461,0.5807059347707415
2462,0.4739286230410524
2463,0.42514832418059617
2464,0.46134658573406806
2465,0.4062947648288124
2466,0.6909371111287668
2467,0.4652608553179866
2469,0.40235327670245413
2470,0.4307028525909854
2471,0.5515116047820312
2472,0.4252110360433659
2473,0.585119582232032
2474,0.5427060472647228
2475,0.4801022295978781
2476,0.6191291841995183
2477,0.3412509904774357
2478,0.697564054853354
2479,0.41930988650122863
2480,0.3440014758339447
2482,0.541231437465466
2483,0.7168165002770678
2484,0.4407276128365332
2485,0.511437542948587
2486,0.47547406706760886
2487,0.5017595988282406
2489,0.5430480273618296
2490,0.33695578687386885
2491,0.395334156353436
2492,0.7122298098229755
2493,0.4862247431224704
2494,0.5459367825173056
2495,0.5239491521445162
2496,0.43670241972365903
2497,0.4049615319242567
2498,0.3450256244732531
2499,0.5416330216682468
2500,0.42849740031176115
2501,0.4094768724445232
2502,0.4336038211033833
2503,0.5966380101576017
2504,0.38989705223702303
2505,0.4923607963084166
2506,0.6921414817497682
2507,0.35100045146746056
2508,0.5787152809598581
2509,0.543572024821473
2510,0.483821070492062
2511,0.5153945749305497
2512,0.42440971446157744
2513,0.5627642697873287
2514,0.2615103710616756
2515,0.7083733911731378
2516,0.47890225961070587
2517,0.5670225489589876
2518,0.25275277065017704
2519,0.4762784413888624
2520,0.45353529309238644
2521,0.36027460053720434
2522,0.35880315210505304
2523,0.6263552110972758
2524,0.3329432462795488
2525,0.638637918708781
2526,0.3524818974593397
2527,0.5398053307164725
2528,0.7977908327995624
2529,0.6684445754667045
2530,0.3817070387611846
2531,0.5726681865533163
2532,0.4837778856114722
2533,0.33158918241334
2535,0.6066982117068602
2536,0.4069421935735122
2537,0.40203564414488063
2538,0.4190641620561751
2539,0.3498501387779157
2540,0.42726428334544303
2541,0.2861238490549331
2542,0.6999268419227089
2543,0.32068540217081287
2544,0.5071582821368709
2545,0.5338391926470492
2547,0.49402048715345037
2548,0.3511061098789603
2549,0.5407286580215765
2550,0.42441514723984247
2551,0.6404942544461277
2552,0.3309850736309189
2553,0.4508590617436242
2554,0.5743323094563081
2555,0.3405480811952369
2557,0.6841032754051818
2558,0.18758207936150634
2559,0.7097694393954038
2560,0.44377375308803935
2561,0.6684581068246628
2562,0.5652325283079233
2563,0.6589947197913895
2564,0.4355002956011774
2566,0.6812815618483486
2567,0.5389348597129081
2568,0.39105744672343634
2569,0.6413962989674595
2570,0.4719756730618614
2571,0.5346648563931703
2572,0.4027482532430024
2573,0.4439854241185802
2574,0.4929050891011635
2575,0.5703718973324141
2576,0.6686902995528711
2577,0.3707133607634846
2578,0.3454337570892998
2579,0.45754721974618223
2580,0.8412977986520963
2581,0.4064044520627009
2582,0.4600797973862238
2583,0.48849117173728607
2584,0.5780142751390837
2585,0.8490423483074157
2586,0.5501764247709429
2588,0.34705134761396084
2589,0.6872151342524923
2590,0.2835342224754989
2591,0.48623800778839527
2592,0.5169070729877815
2593,0.5715950147571455
2594,0.5002450203055204
2595,0.4129876552988675
2596,0.3618032586819595
2597,0.4217300243310111
2598,0.6747152373701647
2599,0.5373769049732695
2600,0.4656764252309322
2601,0.6247614496590442
2602,0.5414087588082773
2603,0.37349401969997664
2604,0.3360422616589454
2605,0.34269072465816885
2606,0.7258586653311861
2607,0.41578477925712065
2608,0.691310019465659
2609,0.3828050200292243
2610,0.36004021632001837
2611,0.5628181239368777
2612,0.42044952674705816
2613,0.5495388475146333
2614,0.4846275383353295
2615,0.6479730985139497
2616,0.4835249551906911
2617,0.8094119977310958
2618,0.6282542360678779
2619,0.645742383708518
2620,0.3375769554695951
2621,0.6817489188775202
2622,0.26869969999261745
2623,0.5314061685277358
2624,0.543896444676292
2626,0.3609014034089661
2627,0.28752936167180493
2628,0.3404636165165514
2629,0.6418465667670741
2630,0.5071319649093559
2631,0.5212073740174544
2632,0.46976301905490975
2633,0.7471369956753594
2634,0.5778966356689466
2635,0.49820993799266167
2636,0.3711334435438489
2637,0.31784173569018503
2638,0.37394863257828426
2639,0.44941163301792875
2640,0.5501639016547094
2641,0.5538831894899175
2642,0.5824443037260657
2643,0.35405105866019126
2644,0.6036415072484894
2645,0.33453655203871663
2646,0.6426511217751792
2648,0.5308525181987757
2649,0.41939383781750933
2650,0.43989608406269526
2651,0.6480420145349521
2652,0.4103084187222633
2653,0.5316655179225598
2654,0.518627871276729
2655,0.407521805462339
2656,0.5523789995101778
2657,0.3339421826810179
2658,0.47489626705166604
2659,0.44991386410373213
2660,0.31393996950330705
2661,0.7297016040541598
2662,0.3919133905290436
2663,0.6682050935113151
2664,0.6319902896530613
2665,0.6836486514644912
2666,0.5445907051663877
2667,0.6500663211252404
2668,0.5272478147527331
2669,0.700188592437706
2670,0.654131527713877
2671,0.4874487398027412
2673,0.47241112424605686
2674,0.35072240621120865
2675,0.5012108008025884
2676,0.5862011679428683
2677,0.625747664096497
2678,0.4960395487834964
2680,0.6983117940067259
2681,0.4653553484506004
2682,0.5608631969913964
2683,0.6902151320654268
2684,0.16694344231336516
2685,0.410169896268034
2686,0.5793551045275411
2687,0.34671045844489917
2689,0.4852369494836634
2690,0.5281934636940283
2691,0.45738348148250313
2692,0.3466342277077756
2693,0.4594039782447879
2694,0.3087641720177428
2696,0.5052099940805151
2697,0.7916184826756986
2698,0.5397675122135706
2699,0.4670881492233112
2700,0.4321610947435776
2701,0.4478387621665062
2702,0.42163057955829736
2703,0.6261368087006599
2704,0.5456036653987291
2705,0.3371787238516535
2706,0.4440832662425874
2707,0.4094925348710394
2708,0.4362726101425003
2709,0.5901993654050433
2710,0.7581073328483438
2711,0.4529651223476692
2712,0.34492652427976467
2713,0.3817135872530631
2714,0.3736677745199499
2716,0.3475685194281072
2717,0.3579413243235897
2718,0.5856587144545112
2719,0.36172385068391727
2720,0.6529903895042514
2721,0.4715051580059983
2722,0.4059409024996914
2723,0.5973191382256716
2724,0.7672954900285401
2725,0.5706186329916054
2726,0.4451869561147309
2727,0.5264053087036387
2728,0.7427077153811146
2729,0.7000246664148553
2730,0.5579730654261055
2731,0.44878055468115247
2732,0.5777134336057435
2733,0.687918191484811
2734,0.6130056563236608
2735,0.5237668735815011
2736,0.42093845835707444
2737,0.4941963515630206
2738,0.39398179360094226
2739,0.4172968207813113
2740,0.622226988620327
2741,0.4586006957435547
2742,0.4981896651543528
2743,0.5073135575971177
2744,0.7659678954268053
2745,0.5245639880418531
2746,0.5091637893216843
2747,0.4697456043430112
2748,0.6040362732055767
2749,0.6776255044314612
2750,0.7440037324551794
2751,0.5953640129475148
2752,0.46224251815343903
2753,0.5829284849571202
2754,0.43163893083277477
2755,0.714489959046543
2756,0.5735061410236146
2757,0.3581061020656612
2758,0.4303701546451744
2759,0.46419674462371313
2760,0.7688988932425892
2761,0.5182318722228133
2762,0.35680134973667976
2763,0.4909680759426404
2764,0.34994833222313704
2765,0.47636649475275766
2766,0.6762561914481858
2767,0.5236093368922254
2768,0.4840029617014393
2769,0.5877295148959698
2770,0.3868587970404921
2771,0.33943539844987286
2772,0.6014970310570632
2773,0.5430863304371741
2774,0.4208480044421482
2775,0.4120325463500916
2776,0.4800365966571735
2777,0.4737170070279155
2778,0.4510206518079204
2779,0.6177346103376131
2781,0.5415435398517697
2782,0.5161427514994422
2783,0.9061505983320903
2784,0.5965138200775788
2785,0.489497191805627
2786,0.5420123666693475
2787,0.5987045763412443
2788,0.6035287939282543
2790,0.5471310645509618
2791,0.34133997371905955
2792,0.6805565862723572
2793,0.4845444671267216
2794,0.5105957718860155
2795,0.4029918629265103
2796,0.5986415914303013
2797,0.7750753066274529
2798,0.39120834643457586
2799,0.34276043917690296
2800,0.3426494637295428
2801,0.36993686026031275
2804,0.39606592888403075
2805,0.4885669452363202
2806,0.7206348963376734
2807,0.7098309213328617
2808,0.6405842587609203
2809,0.48328491838263904
2810,0.43273114838630544
2812,0.5216569499142503
2813,0.8144230857990824
2814,0.7520668367670621
2815,0.5233291731749807
2816,0.7118867546767916
2817,0.6136054761751241
2818,0.4910668161955695
2819,0.8038502023138206
2820,0.588454197633798
2821,0.3605313399011815
2822,0.47130072100117654
2823,0.5835623113294705
2824,0.5223983067100996
2825,0.607593129007509
2826,0.6155292775335746
2827,0.7572790978697481
2828,0.538733499914429
2829,0.4799067054785236
2830,0.5911658874908451
2831,0.5790497915766287
2833,0.5195262831177297
2834,0.6103937807964888
2835,0.43005921637617484
2836,0.6407915218429721
2837,0.40106106942181563
2838,0.3604483256837498
2839,0.3952616776272589
2840,0.8029215958172674
2841,0.3750056291041524
2842,0.7607757162727554
2843,0.5044687066418195
2844,0.26730026611740954
2845,0.35361747554464035
2846,0.37685522750997474
2847,0.5227614386007351
2848,0.746892478713495
2849,0.5023006340001896
2850,0.45364362914468875
2851,0.37845657721046483
2852,0.39791397807538004
2853,0.5727958446537503
2854,0.4173310138583437
2855,0.5115766264119376
2856,0.5213712000791981
2857,0.44889116396506373
2858,0.4656316610096549
2859,0.399389327114579
2860,0.5130814550825746
2861,0.8202247806140068
2862,0.67891795231627
2863,0.4225860644857402
2864,0.4929540168709242
2865,0.45537480228370997
2866,0.8087240830371263
2867,0.2396165498531014
2869,0.4729797943780952
2870,0.37744696448742826
2871,0.6924587201557938
2873,0.3351824635494158
2874,0.41321551561364733
2875,0.535181878025801
2876,0.559444049420221
2877,0.5557922971985461
2878,0.4999485048626605
2879,0.44290707807909696
2880,0.5286203280978904
2881,0.3694229303351747
2882,0.529027379135064
2883,0.3541039271723858
2884,0.5167898369989775
2885,0.7002054164420454
2886,0.44998394853327783
2887,0.34071143550832533
2888,0.44418956400565346
2889,0.3774883553907555
2891,0.5890244924056472
2892,0.3442381076046529
2893,0.7592061595584255
2895,0.48549330085062664
2896,0.4611797969099769
2897,0.37808730710953825
2898,0.35396451171810267
2899,0.3537062862904973
2900,0.6285736721248217
2901,0.5260090484602764
2902,0.6960246368036072
2903,0.5858527970941938
2904,0.4701933749251502
2905,0.5889936844511366
2906,0.43218042954010266
2907,0.4353325805267866
2908,0.4015458271304433
2909,0.35063176889665965
2910,0.4366110305557067
2911,0.49689359786915893
2912,0.5292506818966307
2913,0.5858912682488185
2914,0.555384919273421
2915,0.54078587963554
2916,0.5013421572426056
2917,0.4444409831483825
2918,0.6434955899983745
2919,0.5031507188200717
2920,0.5449357323854156
2921,0.34486379012572826
2922,0.37944610781157173
2923,0.6639256150304168
2924,0.707089999661754
2925,0.42150238714754434
2926,0.43636395958887625
2927,0.7071725781281415
2928,0.46613559515183645
2929,0.5812601024187793
2930,0.4904824421884709
2931,0.5154250914503746
2932,0.41631891135540994
2933,0.4570484675566187
2934,0.5049728482964817
2935,0.47851955782480676
2936,0.3784780473501851
2937,0.2783943102529913
2938,0.3913811849863845
2939,0.6920126362427861
2940,0.38408319447828837
2941,0.41950902637186566
2942,0.7752381410975728
2943,0.6931662949586077
2944,0.5425623071348542
2945,0.3019795713738732
2946,0.482764023774083
2947,0.5939848697171664
2948,0.35288525345780886
2949,0.2084663720762575
2950,0.4105305968863507
2951,0.5013342102573486
2952,0.45597618426071296
2953,0.6053355780369446
2954,0.454920577695898
2955,0.34564258466343967
2956,0.39010898871727334
2957,0.6128376195530313
2959,0.5972191774416662
2960,0.38532637883557874
2962,0.4890716824846459
2963,0.4186495759225711
2964,0.582152260298023
2965,0.6390602420645399
2966,0.5766443232104765
2967,0.35826756929975695
2968,0.5956605181706595
2969,0.45687176666207546
2970,0.42361839658161266
2971,0.5392648379614193
2972,0.521269289962053
2973,0.5144990049320357
2974,0.7658931987621461
2975,0.5422205440194279
2976,0.3416712884358154
2977,0.5341541540710901
2978,0.470664605722732
2979,0.24251449525263194
2980,0.6276774069365469
2981,0.5610257888493102
2982,0.39187218433359067
2983,0.5742036145082832
2984,0.3759076187547626
2985,0.42672008075028756
2986,0.7339960832175441
2987,0.3966411377932523
2988,0.7742404016773083
2989,0.8062330600353171
2990,0.6404837738949273
2991,0.5508887452227813
2992,0.7346972621756773
2993,0.61504917800787
2994,0.7946839810328996
2995,0.4607790114386809
2996,0.5945435370194379
2997,0.582808299002369
2998,0.876909792186091
2999,0.5549079294830731
3000,0.7655086839951157
3001,0.4887845414772937
3002,0.6201354482443399
3003,0.4387146907982324
3004,0.6993290383334455
3005,0.5721626351147261
3006,0.5927746510913039
3007,0.8647643674061701
3008,0.7923501898995408
3009,0.496217498483341
3010,0.5641924852592096
3011,0.3697026044429816
3012,0.6255637215993173
3013,0.435268573948566
3014,0.7892627939865544
3015,0.5495385146209627
3016,0.5374785439798848
3017,0.4791096284212846
3018,0.6492410454515204
3019,0.5441259567972991
3020,0.5422022692078089
3021,0.5006527639900933
3022,0.4715608994074822
3023,0.5128878962623787
3024,0.592149256473817
3025,0.6785318994289486
3027,0.5373751076350503
3028,0.37074140521301563
3029,0.8131066830808782
3030,0.5022440716641274
3031,0.48939679984467355
3034,0.4707221863049341
3035,0.8276681661595858
3036,0.4262816431226582
3037,0.6610782191595067
3038,0.5954860547306139
3039,0.6840324309955367
3040,0.470378352301078
3041,0.7134187919380286
3042,0.6207565197781043
3043,0.35354104735410674
3044,0.5735825334530621
3045,0.49337249318465626
3046,0.4928010840689412
3047,0.49609887914687356
3048,0.4903403605128697
3049,0.6462725024430953
3050,0.864811191099607
3051,0.5509573242904775
3052,0.5716761618499695
3053,0.4184073303115532
3054,0.6126868129289279
3055,0.39845676150098785
3056,0.581181723227205
3057,0.37394065112789576
3058,0.32055257172817286
3059,0.45280107093298305
3060,0.6898369827852953
3061,0.6329707033209375
3062,0.8905817622353748
3063,0.4594330130441408
3064,0.8415380755791477
3065,0.3478431354948811
3066,0.5250422146267475
3067,0.5109175869870825
3068,0.3773751272633172
3069,0.3910168080191034
3071,0.5286080682899923
3072,0.5999939242880968
3073,0.5387869544725992
3074,0.6210657376708181
3075,0.6369034375375359
3077,0.7051498954372367
3078,0.6133416944094725
3079,0.5684226748303484
3080,0.572077134739727
3081,0.45696281231900776
3082,0.3863427292688618
3083,0.5459822957739183
3084,0.5647156423459709
3085,0.3671496842619816
3086,0.8426034041174004
3087,0.7970892679661387
3088,0.5071053856226705
3090,0.5690864060759223
3091,0.41368901125919544
3092,0.6558557496080311
3093,0.5886981571998765
3094,0.5071017239250326
3095,0.6256290014847605
3096,0.6194187782746116
3097,0.502565992974539
3098,0.5774963743817431
3099,0.4706020721249045
3100,0.3747906840374297
3101,0.7140589471005931
3102,0.44898120919236323
3103,0.34790178749441303
3104,0.6770085815376174
3105,0.3957478611630272
3106,0.6400053614791577
3107,0.42237070965513057
3108,0.488893480625759
3109,0.5582526930592931
3110,0.4316497180682893
3111,0.5559968325284121
3112,0.4475749876664295
3113,0.4961349555332009
3114,0.4056593507852079
3115,0.5761191570909706
3116,0.39387551666619813
3117,0.569012680930237
3118,0.7470555626929796
3119,0.3563405371704823
3120,0.318400774919431
3122,0.6932665893072426
3123,0.2559653936879063
3124,0.43427421191351295
3125,0.5565967131275955
3126,0.7336774861238181
3127,0.2870829723097964
3128,0.5650026460056549
3129,0.47231964047633646
3130,0.5704573151582524
3131,0.5246854093608846
3132,0.40713675332193283
3133,0.38375088042379357
3134,0.6782701232479494
3135,0.9276998583895203
3136,0.5318579408097864
3138,0.3730138355918014
3139,0.7360509649966946
3140,0.9094608753782207
3141,0.7622643565356187
3143,0.48817156336684747
3144,0.5748017904572249
3145,0.5865489220617649
3146,0.3653951727999086
3147,0.5228051665284232
3148,0.43811285087766355
3149,0.34900527636067996
3150,0.7018663846603881
3151,0.6943464696124044
3152,0.5799070590799669
3153,0.4854408816037434
3154,0.3653131784184432
3155,0.479660259757098
3156,0.5202750692919763
3158,0.3406874719379041
3159,0.5383760942299585
3160,0.49413950350918356
3161,0.3433559451168984
3162,0.1747443278446554
3163,0.465863967413332
3165,0.8249710552608774
3166,0.5204190031617854
3167,0.3660770179848657
3168,0.5458994023979966
3169,0.4880833493013938
3170,0.3537009298890135
3171,0.6142519284750495
3172,0.33791010163891055
3173,0.4758854502150161
3174,0.49857078144859523
3175,0.599958496117112
3176,0.5202639349081821
3177,0.4871800826925081
3178,0.4789553202049908
3179,0.46813239704273935
3180,0.38596677909512317
3181,0.5244642492486168
3182,0.3637087756270096
3183,0.36863665103006243
3184,0.7399029004809561
3185,0.6426575051899451
3186,0.6520010916613016
3187,0.4475142128748524
3188,0.5493550409219558
3189,0.4971181314605013
3190,0.5557701702355107
3191,0.6317980049052899
3192,0.5340569871543128
3193,0.5699188216402185
3194,0.3413315169904194
3195,0.235545122570288
3196,0.4412386849303492
3197,0.5399387482001208
3198,0.3272816229137033
3199,0.45738043869287126
3200,0.8717430009175474
3201,0.6666995624385641
3202,0.33757172255158846
3203,0.29725610337289865
3204,0.43617607570090666
3205,0.649710419358208
3206,0.3824986758543288
3207,0.6696907447099889
3208,0.6632667878140834
3209,0.7371286126795089
3210,0.7104766013693956
3211,0.6440773956079895
3212,0.5870406031354105
3214,0.6054297350791132
3215,0.5753951331996964
3216,0.5053837602591416
3217,0.2755536735787844
3218,0.836333993179291
3219,0.5836089412007209
3220,0.8422449731875966
3221,0.49429258496905487
3222,0.27105143545761645
3223,0.8330280463655856
3224,0.39321277692214124
3225,0.6015403411390035
3226,0.7165434387780271
3227,0.7118548398301338
3228,0.49032376260789207
3229,0.4743806297484875
3230,0.7111222037804217
3231,0.3847065505297793
3232,0.45525778152143676
3233,0.4340410256455574
3234,0.7567692269301846
3235,0.4514178721367208
3236,0.5334504041715934
3237,0.6150537678274439
3238,0.3293174467295283
3239,0.4882396426416049
3240,0.6072921472048337
3241,0.4591777937477282
3242,0.3363753769417961
3243,0.49436102705313034
3245,0.7339249094759358
3246,0.29611027720756583
3247,0.30259998713401187
3248,0.4245962786379346
3249,0.41642408172565687
3250,0.4392868172568128
3251,0.6773918708552877
3252,0.5962105176052573
3253,0.4871474966251464
3254,0.4234213919877864
3255,0.6865781279545328
3256,0.5901185865029211
3257,0.46917899945834335
3258,0.44095889473448824
3259,0.520917173778172
3260,0.5130890779269849
3261,0.6138051053304714
3262,0.5056065183242087
3263,0.5132677093409215
3264,0.8113934439357278
3265,0.45576890649532126
3266,0.501290931473492
3267,0.5161251658533597
3269,0.8636758374947453
3270,0.48708026709044105
3271,0.5945313223776751
3272,0.4832747535798239
3273,0.7050022911506626
3274,0.35027973217388775
3275,0.7132137574684435
3276,0.5115894597524139
3277,0.33712980547313415
3278,0.5584154198285979
3279,0.384302051981687
3280,0.6914599160084612
3281,0.7725913304050274
3282,0.40340481125325117
3283,0.39343281896755555
3284,0.45698256543674787
3285,0.384377510476348
3286,0.6210933764807786
3287,0.3902739153572458
3288,0.7215870598975128
3289,0.6803217275271415
3291,0.44231013548934295
3292,0.5539850297206671
3294,0.45265296501775976
3295,0.2847523942575079
3296,0.40588958254932056
3297,0.42391000863314776
3298,0.5529448945486328
3299,0.42041389447592864
3300,0.5994722267848549
3301,0.6998553258338333
3302,0.6038881743439017
3304,0.3559263857763444
3305,0.5660437195239035
3306,0.85169541744563
3307,0.8057843564905284
3308,0.6192192321419732
3309,0.4017941763071257
3310,0.5425451059462252
3311,0.4451285618213226
3312,0.4964419065206654
3313,0.5141337976283807
3314,0.38707102778002206
3315,0.3461243783329789
3316,0.5206662750381016
3317,0.2925728038989378
3318,0.3266136251773607
3319,0.8440836222428364
3320,0.4412604543454848
3321,0.5862537785999061
3322,0.35178002066996267
3323,0.5925575771765359
3324,0.42076736507549234
3325,0.4115339060950235
3326,0.3385781281153694
3327,0.7786375701466777
3328,0.4241257134104168
3329,0.7184733699240843
3330,0.1862902111981037
3331,0.44631718641144963
3332,0.7041253717505489
3333,0.4157752998082474
3334,0.5197549216709065
3335,0.6108050529391529
3336,0.6186299399471031
3337,0.622602842444909
3338,0.5637322088876924
3339,0.6257575842704738
3340,0.3255929937684947
3341,0.863743812292664
3342,0.6218439010764986
3343,0.6511803675981793
3344,0.6012834530534142
3345,0.4852074638563517
3346,0.5793638390550127
3347,0.6978430760521367
3348,0.30971965447143646
3349,0.8258461779906137
3350,0.48143586858705456
3351,0.5705850859499596
3352,0.5952111637918583
3353,0.3873326034217934
3354,0.3481665030975615
3355,0.44928237771900215
3356,0.7259896472090908
3357,0.807316064655151
3358,0.5484312088258086
3359,0.27731455262836563
3360,0.6575095186232022
3361,0.6004544949392597
3362,0.8270979703956391
3363,0.21349116395611586
3364,0.49085776305073425
3365,0.5350786341632368
3366,0.6598791197166805
3367,0.5208721752741021
3368,0.6521781996320933
3369,0.5655611178396682
3370,0.8087348694519051
3372,0.37941778150892563
3373,0.5200952300601145
3374,0.4613910312272705
3375,0.4740423819192538
3376,0.6326967400591543
3377,0.7705226219244052
3378,0.477223962078139
3379,0.6225711137729527
3380,0.35429591018722834
3381,0.5073665084338443
3382,0.650332969729499
3383,0.7886779848524456
3384,0.5632088266878542
3385,0.5544642464966532
3386,0.7035625532634071
3387,0.4835221759165968
3388,0.6584883426039887
3389,0.44241882029437246
3390,0.7176643040940988
3391,0.4549921381128721
3392,0.47084305724348663
3393,0.40631917527657696
3394,0.8462756777754221
3395,0.46791313408616914
3396,0.6698481872593308
3397,0.7322896082459103
3399,0.650377804254962
3400,0.39671958446997224
3401,0.7041380515262313
3402,0.3466434689118737
3403,0.6158252291164028
3404,0.5229747158703345
3405,0.5131719133969035
3406,0.868273623072088
3408,0.3440662555704077
