1,0.21615276056478117
2,0.13551928650692488
3,0.24628291297549512
4,0.2612299171764822
5,0.24056965710146372
6,0.31250404508412066
7,0.2754531677031118
8,0.15149075830614245
9,0.24014475429841464
10,0.2963553037603014
11,0.19332669760843257
14,0.2570090768720205
15,0.31408687188449697
17,0.15842021282286695
18,0.30993878755476967
19,0.35985620544689
20,0.3073751891537635
21,0.16165280690476766
22,0.18165330146124403
23,0.1512986333801204
24,0.20711070435628315
25,0.17460252444507618
26,0.18309459741757544
27,0.1864635575720673
28,0.20848333824901624
29,0.3064831547364428
30,0.26489291593162856
31,0.28977760158693017
32,0.1707454180535823
33,0.1655477680684474
34,0.19083064372282604
35,0.26019544177989967
36,0.18891186493758566
38,0.19355755472246086
39,0.2691808789509072
40,0.15804728946041924
41,0.33456187639353585
42,0.3104144008172228
43,0.23115265912581473
44,0.22686052035012347
45,0.20398724584535233
46,0.2881015553882048
47,0.3288082678913877
48,0.16654927863370642
49,0.2898618415213026
50,0.17791060165819989
51,0.20246432249772528
52,0.26503058749231967
53,0.16936290436940576
54,0.28146456671647474
55,0.23494582109423795
56,0.15369445220269762
57,0.28180493550743896
58,0.23207941349184336
59,0.30115010287241484
60,0.24596886856893807
61,0.23626954558760146
62,0.19967597965054495
63,0.16359248136520058
64,0.1811766915154429
65,0.17208312099592074
66,0.21605692612061408
67,0.17761051475628312
68,0.19628234207846795
69,0.16088053258098245
70,0.16668024437877432
71,0.18509747917056457
72,0.2184139514283571
73,0.14980264624023568
74,0.19139921659955927
75,0.181135531874238
76,0.2140174243679088
77,0.21161624384411343
78,0.21472937976458048
79,0.2376736816358525
80,0.13686149842806028
81,0.19341932282214686
82,0.18759319526449061
83,0.22923473529600175
84,0.21255152004186012
85,0.2058013507210782
86,0.14700031738875627
87,0.17331271514891208
88,0.25859130001941183
89,0.17796845347167203
90,0.16492250816938656
91,0.21151452266659426
92,0.21547409659054423
93,0.19371986948399575
94,0.21639548686750654
95,0.18990263887969114
96,0.2336296082353847
97,0.18748059157477778
98,0.1914503439345672
99,0.21343177435615396
100,0.1852586822541822
101,0.24549216564580395
102,0.15673987212228133
103,0.25510084020324875
104,0.17663270989944052
105,0.22609809288518257
106,0.17045471041666863
107,0.16489259626780048
109,0.1894314800229577
110,0.21672543392838886
111,0.2385902349010155
112,0.16018164719201478
113,0.1652501974135931
114,0.18382508715971224
115,0.16291752817449542
116,0.26041116634118733
117,0.16627438317007776
118,0.16570127690252587
119,0.1926492916626018
120,0.2259288642053334
121,0.23972858367403865
122,0.2126915278934282
123,0.2179997848830397
124,0.18130219975227127
125,0.23895559524265547
126,0.2169667656356724
127,0.19385557698511935
128,0.21632933171549945
130,0.1785511712528128
132,0.2581095864296086
133,0.22942731486825968
134,0.21596285099084142
135,0.15818243521473524
136,0.14606463587664353
137,0.18313361651117158
138,0.2199618177948112
139,0.20386113250826213
140,0.16720958179643242
141,0.1318198268833842
142,0.18757585809936908
143,0.22402229819032113
144,0.2294247103912031
145,0.23381263086792864
146,0.131290951044401
147,0.22717669224207648
148,0.22788360345458433
149,0.1761935299157978
150,0.25325466788625295
151,0.20577809036191458
152,0.14170345628178047
153,0.21294817800173943
154,0.21691751392765746
155,0.1965534517852726
156,0.2504540553232632
157,0.14237887845881628
158,0.15822334901572863
159,0.23968289059242767
160,0.21712251126829157
161,0.2706512538851899
162,0.3105619729572645
163,0.1576400570307517
164,0.2073227510850705
165,0.24190524889550183
166,0.18327922434252802
167,0.24384204075363258
168,0.18478914575244898
169,0.20671124538174088
170,0.1562545364687174
171,0.28187634191717587
172,0.0527073741546769
173,0.3224750281358156
174,0.17799153321889102
175,0.12871503951272717
176,0.2037544390825872
177,0.13770243303876384
178,0.2558584433606654
179,0.25898756032726095
180,0.18145237279440382
181,0.27266786957393124
182,0.20466623471030893
183,0.15778056216626155
184,0.17666714911991607
185,0.2067431395328279
186,0.2741153945460288
187,0.22594542964640651
188,0.16123414848440037
189,0.2227205712945686
190,0.20838417974637863
191,0.25471962109390156
192,0.1633213243865949
193,0.14650857603215603
194,0.1996770795165321
195,0.18302630113228618
196,0.21111142871639502
197,0.19133062416329444
198,0.1534443563742237
199,0.14739195455541673
200,0.27848928669366435
201,0.022527618012247154
202,0.2495080560529436
203,0.2570442642136405
204,0.16294537118531033
205,0.17060667772529328
206,0.2668514186246039
207,0.18107383790264353
208,0.16519715053947556
209,0.14707077961639564
210,0.17472258489496287
211,0.21422125352283886
213,0.22699636903366743
214,0.2584609243024777
215,0.24965902729128903
216,0.12987439766586384
217,0.2311520783953201
218,0.25577145189025013
219,0.22090263300099894
220,0.1736474188293705
221,0.19422885579809554
222,0.24096785935541395
223,0.2011425371783101
224,0.17859177637190865
225,0.13664448685265526
226,0.14074715239300037
227,0.16781827915678135
228,0.18791597517548458
230,0.14867602514717534
231,0.2685029948477604
233,0.12975276535782307
234,0.28263630861224637
235,0.2111149825297872
236,0.23865341843085588
237,0.16621155465621743
238,0.24626385891738212
239,0.16691926576192342
240,0.227778704681271
241,0.20158892004716508
242,0.21097627731174032
243,0.15702896332438113
244,0.1785164321155207
245,0.2448249209515828
246,0.25485040815615057
247,0.26118987012767725
248,0.18761023965205187
249,0.17718563718322794
250,0.17965989883367092
251,0.19929428421863354
252,0.20042993794039668
253,0.1541795896512596
254,0.13467996288199618
256,0.18604575767065568
257,0.15045162098030132
258,0.11964942906011647
259,0.13333987415981274
260,0.13588624863900015
261,0.19305803193737314
262,0.19123148470927492
263,0.18091199063453817
264,0.25064121250370763
265,0.1324346800330287
266,0.17916373754148432
267,0.25082018481650836
269,0.14672151994566765
270,0.14841564916157227
271,0.1508421243427827
272,0.259780708459549
273,0.17490824953111306
274,0.16342803246872628
275,0.17752139654377957
276,0.15186787990133016
277,0.22728614152189397
278,0.1845335896934522
279,0.16850588132337663
280,0.24129412575725148
281,0.18716541466018272
282,0.13137230333008143
283,0.21511378320929705
284,0.1693286679126015
285,0.2460417792868983
286,0.17795086205682684
287,0.010216073935010204
288,0.2079214902608814
289,0.190697676158617
290,0.19719304772660254
291,0.19408236647385146
292,0.16566668565698817
293,0.1907778908641378
294,0.1682553743875638
295,0.141546370797057
296,0.15334677973589925
297,0.23678474167619878
298,0.1394016497710654
299,0.18557068887420877
301,0.23335211897877
302,0.3040303401125371
303,0.33683321132205224
304,0.2512090641780108
305,0.2259859121809585
306,0.2113830428700532
307,0.30763836938530925
308,0.2712877475007158
309,0.24701669440993368
310,0.23140291893922482
311,0.2773132268588688
312,0.21452255646640972
313,0.19762908881732089
314,0.3333572401029832
315,0.18687806745043342
316,0.2734006648930794
317,0.21350483323614852
318,0.22951386502691723
319,0.15288798476617885
320,0.24056310866199548
322,0.17492231828193106
323,0.2685928685385316
324,0.18751859376750557
325,0.37592922809699025
326,0.35397377296733545
327,0.2536786981911946
328,0.2656051740673414
329,0.03130994133602547
330,0.3024268947239038
331,0.19130847280534338
332,0.2694668292922524
333,0.1946453151119742
334,0.26264199768868585
335,0.2595441492916829
336,0.18242731883561547
337,0.3292014363754562
338,0.1848461038637528
339,0.22343458026206237
340,0.20443784500747947
341,0.19259461434716718
342,0.30010603085735554
343,0.2294496360355321
344,0.23421782753678386
345,0.23476654146492582
346,0.2252129548405741
347,0.22029472145711848
348,0.28787799164177985
349,0.24708487534215795
350,0.22105216008563697
351,0.25112510129014987
352,0.23454492914098543
353,0.2568278922298692
354,0.2744733162916313
355,0.3957685605346319
356,0.2809638503699828
357,0.33624501448376887
358,0.25505802470261957
360,0.22009982182966312
362,0.1964533978428519
363,0.29289241938603044
364,0.257801804906242
365,0.22231804490963006
366,0.1567869140083279
367,0.2718104396816092
368,0.23008505019338044
369,0.35382957881654514
370,0.37998089718228345
371,0.4193120463010183
372,0.32558555254126165
373,0.28426915995141316
374,0.3366590328595768
375,0.262657534819721
376,0.18493636178028602
377,0.3467437971730565
378,0.19417438064132442
379,0.21529577976741926
380,0.1912434942354774
381,0.27235148198136844
382,0.22628258214663577
383,0.274926592949317
384,0.33742389100063114
385,0.2871863489420446
386,0.16591266272188301
387,0.3804385941578883
388,0.17116607221598923
389,0.15986412168118821
390,0.14582674806802137
391,0.3231143509617805
392,0.036295821436926536
393,0.17787922977834675
395,0.17850271022108463
397,0.305469893986944
399,0.20724448269670595
400,0.3723170451528731
401,0.19698366999508335
402,0.16663160120886486
403,0.2786670320175897
404,0.15044764087269105
405,0.20666758017667003
406,0.330444841477835
407,0.26955664600405904
408,0.31514701532890793
409,0.17365099760242345
410,0.3139874929267868
411,0.20803920505245185
412,0.38728090417818795
413,0.17266570297577208
414,0.1714217750160983
415,0.17282518905606847
416,0.17264485489535866
417,0.21423140924745965
418,0.15772876633768407
419,0.1438711685238449
420,0.16869900320556064
422,0.2172342938568302
423,0.14855307636925336
424,0.16618414358869313
425,0.20425810856258245
426,0.14222722068163499
427,0.21006749366671418
428,0.19769603386297485
429,0.1912486668662982
430,0.1941911465824061
431,0.18989451778338412
432,0.2590922320489425
433,0.13717893568385914
434,0.24966556042885094
435,0.19888969944616217
436,0.21778714869974977
437,0.22018908939739787
438,0.16838448552774482
439,0.16211128372323808
440,0.15013227824420228
441,0.2793476647936732
442,0.26802969475289223
444,0.2331360114528104
445,0.15939134912046315
446,0.1957938617944303
447,0.31293267273987385
448,0.29435075241719605
449,0.30248819607346994
450,0.18898464166179824
451,0.18364175240953942
452,0.15499509525043065
454,0.1889315214163199
455,0.21881008910642946
456,0.2342078282674815
457,0.27943351931324817
458,0.09380676941786134
459,0.25580814847730177
460,0.19843393477253748
461,0.04549785353399279
462,0.31564497866293617
464,0.2665207665828244
465,0.3436373103222805
466,0.25102204126573713
467,0.268870782236158
468,0.15334676399912084
469,0.21814884211081675
470,0.22677259092079005
471,0.2616866467368251
472,0.17284921013730029
473,0.2793020831007986
474,0.2391100428380702
475,0.27072836204519074
476,0.1808621722226733
477,0.18111896612922837
478,0.21676439262611172
479,0.21735730986367943
480,0.21171969005453128
481,0.18281405409247858
482,0.3384840424232299
483,0.2384820413931427
484,0.2923456200797184
485,0.13294634645768033
486,0.24255515155461402
487,0.20422928062648998
488,0.22691324120010417
489,0.2262290705386948
490,0.33633359226284687
491,0.15060627883375868
492,0.29497927919243333
493,0.18658691094974292
494,0.3473377267384691
495,0.2717531107018521
496,0.32264782783501755
497,0.2452869317513324
498,0.21279375165635267
499,0.3360398801199777
500,0.18406487781574962
501,0.18085813743582105
502,0.17205691876591517
503,0.20831284000745803
504,0.22095147089407455
505,0.18886816273400286
506,0.23957393459811122
507,0.2705170128203113
508,0.30244361129531927
509,0.22823043043208258
510,0.17740592638079933
511,0.20695422939892963
512,0.28426712798360965
513,0.1539623117295822
514,0.2129594408576282
515,0.30022791826724454
516,0.2661787611099411
517,0.26182854009704737
518,0.30523783032985535
519,0.28568476803957926
520,0.2795248688804816
521,0.22384816755967565
522,0.2572198926111594
523,0.19535110255123728
524,0.1841390730567032
525,0.29072131923045
526,0.2296652442929749
527,0.3045831578080445
528,0.1910442711195156
529,0.2905265919142799
530,0.3098095112449625
531,0.2966539677543096
532,0.28927259326222005
533,0.1937692695014642
534,0.14498314966268414
535,0.15901648468440005
536,0.35653790092547555
537,0.22388682243839486
538,0.16501250374253995
540,0.2318055831464352
541,0.11126091671257991
542,0.05110996862824897
544,0.28798531622088475
545,0.20096237252041182
546,0.2110280550634375
547,0.21204712333665632
548,0.2056561440530821
549,0.18363030173363631
550,0.1449545812167715
551,0.19019020858583804
552,0.325707568025123
553,0.17654221057137018
555,0.21220962629242837
556,0.27570208010141195
557,0.20265434596958495
558,0.01959613565726339
559,0.19473649343418348
560,0.32857706959212557
561,0.261257045971804
562,0.19466177488840036
563,0.17438850215078008
564,0.16156547957400633
565,0.2576491952472108
566,0.18832916732130664
567,0.23837545014189832
568,0.18080994566410227
569,0.2160258321740263
570,0.24420868978642216
571,0.20426466873439697
572,0.31166091124586415
574,0.2378808186943467
575,0.3245245292487306
576,0.29477449330303235
577,0.20334623681805844
578,0.3231374043716223
579,0.17109969112505485
580,0.3956465516944288
581,0.3532278886731152
582,0.26219347696970097
583,0.2276765381886139
584,0.34316383517764126
585,0.11493476563408543
586,0.21466597598111073
587,0.2125579219972273
588,0.1930859391745244
589,0.20026244445135072
590,0.3592093215708482
591,0.3436372846756201
593,0.4813403051483771
594,0.16716749768705647
595,0.07381385196915932
596,0.34862194602000424
597,0.14376008182881223
598,0.35794076858490226
599,0.22114414244999442
600,0.3025729849515428
602,0.32471547245395277
603,0.36713233244883187
604,0.23059016503331353
605,0.39167214036954523
606,0.30244463673243327
607,0.2534269425196352
608,0.34917210523458236
609,0.16118772068782272
610,0.31483031710630355
611,0.3917607836265062
612,0.3369390107985668
613,0.26003993016131766
614,0.2870150977159282
615,0.18978978026017487
616,0.34290366951360535
617,0.29933502607795515
618,0.20355983959735205
619,0.35731160500405396
620,0.20837639343705833
621,0.1876113325160944
622,0.31264375376617937
623,0.19647432882024674
624,0.19170710664874213
625,0.23598408323668998
626,0.2768836334560096
627,0.3641575409196069
628,0.31770918242380825
629,0.3219500737495872
630,0.21471631329038326
631,0.1864243781301695
632,0.21629212645971962
633,0.2562553157429026
634,0.24118458491282807
635,0.24963792724086042
636,0.22042529304006936
637,0.3186584135273312
638,0.19674923765624222
639,0.28499650446304997
640,0.25608520019395875
641,0.2674153455301698
642,0.23292867002130438
643,0.17261448920615868
644,0.21931294223274042
645,0.30611769644206893
648,0.22063565170203267
649,0.267461457050951
650,0.15780599136478424
651,0.2691592046766248
652,0.17121550910070654
653,0.16165356295568012
654,0.20506660029473167
655,0.33842975731618125
656,0.2440496917568203
657,0.3185247657201163
658,0.16032346429734623
659,0.17442610875998057
660,0.2540607265431374
662,0.26433076092821667
663,0.12015655073745944
664,0.2927156663135862
666,0.24763290899555168
667,0.22416494699892767
668,0.1483089530367124
669,0.2896546428733015
670,0.3233482043182874
671,0.2609209418598384
672,0.23874476499273944
673,0.3514658937388339
674,0.39926757114597006
675,0.270883268045359
676,0.1402925870251016
677,0.312023983696103
678,0.2796774777730824
679,0.20559269241977401
680,0.2999014450267989
682,0.20201419195003031
683,0.39945760683395465
684,0.2517361857384221
685,0.26534281266269666
686,0.31395802514447674
687,0.2734815779471123
688,0.3875408923417285
689,0.31257419541315185
690,0.2889262098727083
691,0.2801862126070504
692,0.28880647098236223
693,0.1935997515168454
694,0.2546403333251525
695,0.27949325089963456
696,0.17572088488209883
697,0.3234507584760978
698,0.3361868473397814
699,0.21616604164306155
700,0.27709302587689166
701,0.27054601917096804
702,0.1734085570382809
703,0.31635481647724184
704,0.43479088179178677
705,0.430784609696238
706,0.3926603572224012
707,0.31565150041430207
708,0.27109497710653374
709,0.4371494603551934
710,0.20962389784359406
711,0.17694617116644784
712,0.2762467575789964
713,0.300184013198227
714,0.2732355584696839
715,0.4021154438063043
716,0.36304569698584105
717,0.39635432425592126
718,0.28110505852760626
719,0.3731240855257909
720,0.3975864156524182
721,0.3908361992940409
722,0.415562891474148
723,0.3862175667944029
724,0.4374243025188824
725,0.389411368654847
726,0.4390964336252519
727,0.44244256273923566
728,0.20505462870980923
729,0.2347394726930057
730,0.25932070805717555
731,0.29848492666339316
732,0.15324011618833477
733,0.20377928684839602
735,0.34976820164582156
736,0.2922261476679784
737,0.24324980289496023
738,0.3400155795556668
739,0.34425885387083394
740,0.31370551690370035
741,0.38897228771729464
742,0.2526619288878039
743,0.29875974558146
744,0.19648839199432525
745,0.258704503591088
746,0.08552315084176064
748,0.42080184188036407
749,0.4056495857933418
750,0.30653213878456786
751,0.2277197337219313
752,0.21908327781624803
753,0.3574647959540323
754,0.27444041143158093
755,0.26040269754370216
756,0.41934301731154205
757,0.2709111449296445
758,0.39871261287770376
759,0.25128327652300236
760,0.37176120991906314
761,0.31015892560117564
762,0.30769292193611153
763,0.1986127811086367
764,0.19953545787697538
765,0.380165102072809
767,0.3434795547834658
768,0.241243700002032
769,0.19496032019677192
770,0.2122592622420366
771,0.12809201650996857
773,0.23829574761961286
774,0.28792400948565394
775,0.11211817962848712
777,0.34936116501321457
778,0.1696222308580538
779,0.2955662523740039
781,0.2532209489184833
782,0.34755331717504834
783,0.42084651067362133
784,0.2633790566233556
785,0.3744386959722915
786,0.3487546163120163
787,0.2016285578212267
788,0.3734096740012297
789,0.2627036821661261
790,0.2946127601834296
791,0.2355555926370952
792,0.337525360172504
793,0.21131599603997797
794,0.08553259447512711
795,0.3026573815525743
796,0.38783983438980957
797,0.1909757596576913
798,0.2134917428049153
799,0.20362504980868937
800,0.2630541359439334
801,0.236492495423494
803,0.39138514122116286
804,0.3660258130477977
805,0.3812779028010077
806,0.3375237060302425
807,0.2853784573058238
808,0.3295719753161434
809,0.4205941275829108
810,0.24645170852235157
811,0.4497656689170336
812,0.38235492543482713
813,0.31677618309274136
814,0.4485422213987795
815,0.45145965247011494
816,0.17117103180797272
817,0.3035961929158448
818,0.28459941048081744
819,0.25205571388805315
820,0.3261851350324836
821,0.19135397819580807
823,0.27584775579483456
824,0.3317378214114704
825,0.3325232848148006
826,0.41101203403031533
827,0.266321034966344
828,0.25746936105090745
829,0.21315144626362437
830,0.22662536318404192
831,0.2458083728579406
834,0.2448164335611633
836,0.274118013932876
837,0.35769017293432065
838,0.1954981663786161
839,0.37787746658747245
840,0.3663378454456843
841,0.3422385601773425
842,0.3214140234753248
843,0.3917533463943814
844,0.3212965608555975
845,0.3388227630149694
846,0.22173652151038933
847,0.36069453695580805
848,0.40032962784631115
849,0.3678794181166231
850,0.329036784649217
851,0.3120142608430274
854,0.298662808884846
855,0.2589762789742564
856,0.3523964696169925
857,0.33412683819280886
858,0.314691463335007
860,0.33553796574704065
861,0.1962188777087575
862,0.33136378636595293
863,0.33091877151562005
864,0.09776600392717426
865,0.2662718074415679
866,0.30714875916878676
867,0.2885067255613936
868,0.3165438676429366
869,0.40111608261999077
870,0.3586455533570166
871,0.23881775163459137
872,0.3949769521315141
873,0.3559185409991818
874,0.026539187290420613
875,0.2893839363934142
876,0.28547879533444637
877,0.45900072007077974
878,0.3889538427056152
879,0.35093405401415584
880,0.32612262795964636
881,0.19094538574738879
882,0.2469660843556511
883,0.297099742110909
884,0.37599632611501965
885,0.37808634055808527
886,0.27927647140208406
887,0.17416043308294088
888,0.48461997909089605
889,0.4721965271754343
890,0.31733024831994433
891,0.20873592805739966
892,0.19608681300166875
893,0.2602357680224235
894,0.4495695404844992
895,0.38109705435179164
896,0.15366453468532684
897,0.36962790801870815
898,0.5121034954946548
899,0.3046864853826194
900,0.3155195676459945
901,0.29575545960280314
902,0.44700102205821635
903,0.4452803686938457
904,0.20002223912582903
905,0.2337195841530522
906,0.33716623229960363
907,0.0912240828269644
908,0.26094943421823785
909,0.29186189700425186
910,0.35175497546082274
911,0.43714178287326844
912,0.4201403234196857
913,0.26200900922773174
914,0.3300071335124919
915,0.1617069257900652
916,0.2557283688200431
917,0.34741336074633894
918,0.3490765539004134
919,0.3210355477998825
920,0.2920108776043263
921,0.33530070284602
922,0.3851185736866115
923,0.28153280843748113
924,0.21726129237380573
925,0.38593022390582665
926,0.40175949822783746
927,0.2979319404061798
928,0.3280824200376651
929,0.4181219624301967
930,0.29386749163055087
931,0.08839682177297241
932,0.3843928595377555
933,0.37545413750700796
934,0.2591024814534075
935,0.2254262968260727
937,0.25015982930035163
938,0.3160045558416868
939,0.34643402404088613
940,0.10751432926073819
941,0.23119930409046965
942,0.21856074065985295
943,0.3368245813769465
944,0.25439719571706887
945,0.21288700089231644
946,0.33130717695557677
948,0.28097331858179847
949,0.4204458405032332
951,0.24063557819918066
952,0.08997114918045823
953,0.13669566982219958
954,0.21414087270487325
955,0.26910201180980897
956,0.3611975677138239
958,0.489127749548592
959,0.25281166466932037
960,0.44573871113566577
961,0.3418853005562192
962,0.39279143824213114
963,0.38908370796641956
964,0.47396013852391455
965,0.4329091299818197
966,0.2632346065461241
967,0.3877825034962775
968,0.38493421669312916
969,0.36111316107816094
970,0.35886848241912433
971,0.3028440819957877
972,0.3022076025481208
973,0.44417371763552776
974,0.08743700263665281
975,0.14724144642052792
976,0.3833987285843919
977,0.0661255803156397
978,0.2669667211695561
979,0.29759333213116024
980,0.39272510300039914
981,0.38365811142074535
982,0.26184170998447975
983,0.4483026475246326
984,0.3276867046365962
985,0.2277486808838374
987,0.17611554576399285
988,0.2430239658417625
989,0.36729133672181347
990,0.46880372961232963
991,0.25457896116145995
992,0.3465325426665487
993,0.22440347558797655
994,0.4519271003301313
995,0.32913537558797407
996,0.3490603734937971
997,0.5008305036277835
998,0.38941668540101426
999,0.3761084139963914
1001,0.43314569711775364
1002,0.3958579104364961
1003,0.4814792028354917
1004,0.30647745115545527
1005,0.2525792852307791
1006,0.40837796889301053
1007,0.3637500295832954
1008,0.33983195763734303
1009,0.07768201159023323
1010,0.30646432249796357
1011,0.3385869207294337
1012,0.38640808298956886
1013,0.2587175435921554
1014,0.21251979801243992
1015,0.18759621321728587
1016,0.26541818976225845
1017,0.03324243485896866
1018,0.31672478550519306
1019,0.49126739372165895
1020,0.3225591553458084
1021,0.4137813761494997
1022,0.4406735273937764
1023,0.3439005003153374
1024,0.23823370263822033
1025,0.38207128753059355
1026,0.3935556943159784
1027,0.31563354011037814
1028,0.44292170307208356
1029,0.43520469776054893
1030,0.2901193310158576
1031,0.39388974567692103
1032,0.3856039035250063
1033,0.46601710382606193
1034,0.29700109798841906
1035,0.31625506386594876
1036,0.17847895960366147
1037,0.4063446493534863
1038,0.3125904379165736
1039,0.47509640519050017
1040,0.06307687662922525
1041,0.29134282417437785
1042,0.18192002055864873
1043,0.08064912368062976
1044,0.3457676175500677
1045,0.25083961971368685
1047,0.4369510295114153
1048,0.17963174488637482
1049,0.3328514802317612
1050,0.20589796393912269
1051,0.312887220855002
1052,0.3422378039830486
1053,0.5048354939779499
1054,0.33150411905157284
1055,0.4737198545838922
1056,0.1399808678879207
1057,0.41601183131155084
1058,0.17957050144507078
1059,0.36213255920710496
1060,0.333317308212011
1061,0.3892951052221224
1062,0.2177085939362565
1063,0.44473330636870906
1064,0.5120209632033246
1065,0.446484472641315
1066,0.4929840330342281
1067,0.3074525773079296
1068,0.3616329888814033
1069,0.45467292194249737
1070,0.3211280574672079
1071,0.42088107081527587
1072,0.469274836820762
1073,0.34762269111712585
1074,0.36724556170220174
1075,0.4366746603483299
1076,0.2890002287336724
1077,0.24371276718122478
1078,0.394289537051498
1079,0.44980380075163395
1080,0.45990731183993866
1081,0.2650755544011925
1082,0.515918496595816
1083,0.3509555343677538
1084,0.43495896103948245
1085,0.38808675333013587
1087,0.4429990206155484
1088,0.3335552027482542
1089,0.3915117207603916
1090,0.26555399812709357
1091,0.3359626372373686
1092,0.04125799490293497
1093,0.30260655182913926
1094,0.49490139171421177
1095,0.31645801594154793
1096,0.4521344284511805
1097,0.2935208543479533
1098,0.3217707409818535
1099,0.3200122824679266
1100,0.34475765446376405
1101,0.3883848995856575
1103,0.4910159601918429
1104,0.2129452482830265
1105,0.4140413233347192
1106,0.239617006334093
1107,0.2800120432174112
1108,0.14292575184921455
1109,0.40638892864853665
1110,0.2222475762351456
1111,0.37403905451207714
1112,0.4453424652912836
1113,0.3888708061113816
1114,0.39320584275558623
1115,0.3818906266307777
1116,0.3446759947190723
1117,0.2386946601863807
1118,0.2846855686759764
1119,0.33412092355846024
1120,0.3171242620953589
1121,0.45065994673285087
1122,0.3654335684784268
1123,0.3423184539556061
1124,0.3708955131362924
1125,0.2935622096609765
1126,0.4513217033467223
1127,0.3090207704855345
1128,0.457773433407228
1129,0.3946321999231983
1130,0.5319980668359617
1131,0.37258771304146016
1132,0.4643148470512344
1133,0.3337007948879157
1134,0.2618821528137409
1135,0.34915220573455513
1137,0.33936044704114
1138,0.41514306297372944
1139,0.37606495389033673
1140,0.5100390854845039
1141,0.3107209993321288
1142,0.3701208550053156
1143,0.332360546187219
1144,0.4718404973208803
1145,0.4103514807019147
1146,0.5148832888684514
1147,0.5394732028484858
1148,0.25392593320242535
1149,0.4713562760171277
1150,0.520262636808154
1152,0.354144602603517
1153,0.3121595208114151
1154,0.48614952632923564
1155,0.39670860264174107
1156,0.44508213462250235
1157,0.33510381552955976
1158,0.4113477864639072
1159,0.45345464392206025
1160,0.19016951893493986
1161,0.45591367110655145
1162,0.4893841142251846
1163,0.40586070207072333
1164,0.4850213517955131
1165,0.3218481249957195
1166,0.3463610549997281
1167,0.5447057793507553
1168,0.3521028503743171
1169,0.41508632540492113
1170,0.3707891487820441
1171,0.3452644105684993
1172,0.2647330734848732
1173,0.47138574467362604
1174,0.4111638131755212
1175,0.40154924346610443
1176,0.5236848723360298
1177,0.5099513908986183
1178,0.478898469928859
1179,0.20984879284590202
1180,0.38896468631022474
1181,0.3351885133739347
1182,0.4534474993211967
1183,0.40855658033895276
1184,0.5019477741323362
1185,0.47115991233229443
1186,0.34734804753987003
1187,0.35249153552473245
1188,0.24280103927461782
1189,0.3955181872694798
1190,0.32379993305638793
1191,0.3445482159824711
1192,0.46411527449130935
1193,0.37558840756860246
1194,0.28868576080399805
1195,0.4837874428290443
1196,0.32557191180828665
1197,0.2773887795708058
1198,0.2596331078551929
1199,0.37513740196096196
1200,0.46703434598491683
1202,0.31828078508954316
1203,0.2348037682012508
1204,0.3547472434271492
1205,0.38383449728290653
1206,0.46768759851285224
1207,0.16535566062643667
1208,0.4635313105284186
1209,0.3209843006227339
1210,0.42450432462833715
1211,0.3874738031726317
1212,0.395032361470234
1213,0.48548392665214163
1214,0.4132805968634211
1215,0.23397073140181754
1216,0.48434331928817276
1217,0.47401406953964365
1218,0.22550978397020152
1219,0.33263481199650496
1220,0.23194226539112758
1221,0.4325708242656195
1222,0.23299679421682395
1223,0.3321202299855974
1224,0.4231313876531263
1225,0.45593855650373405
1226,0.43212060813297615
1227,0.4502250809696944
1228,0.34496858975203704
1229,0.3992178494627317
1230,0.4184174556336203
1231,0.29017026680558833
1232,0.5279932363767296
1233,0.47881474534859325
1234,0.4198499445114505
1235,0.45387706013036794
1236,0.3893463433751111
1237,0.3299893274518981
1238,0.4575592598278138
1239,0.35377763219839586
1240,0.39453737160364855
1241,0.49613607291291734
1242,0.3204574611279063
1243,0.31381162739409113
1244,0.43230444348337727
1245,0.48872829509505267
1246,0.49879764659759546
1247,0.41560240295687245
1248,0.39930775268912216
1249,0.27116789129165203
1250,0.48556444848524954
1252,0.5075663392983176
1253,0.3099820285523784
1254,0.34199536867851155
1255,0.4584788072558818
1256,0.3216572763161886
1257,0.3630317377545978
1258,0.48128339169197226
1259,0.35615219274182414
1260,0.36457441112454564
1261,0.3503537852231684
1262,0.45861112960273087
1263,0.4185757125117263
1264,0.42026897834052
1265,0.35013475623908435
1266,0.3370042821740731
1267,0.4137700953836369
1268,0.42986828792748777
1269,0.3128283704161246
1270,0.5010387606383114
1271,0.37173193621648576
1272,0.3544190768624747
1273,0.40792177133949575
1274,0.41167341329674445
1275,0.5075780341878586
1277,0.2876665414404862
1278,0.36296526405737495
1279,0.42772933878016267
1280,0.47770957070310227
1281,0.3820648145331465
1282,0.3200331081146245
1283,0.4343942249196362
1284,0.24451037115562876
1285,0.39763374360089
1286,0.30530406614109024
1287,0.42690992333897365
1288,0.41463255144759864
1289,0.49987507797324865
1290,0.3402067415698605
1291,0.3397885343005291
1292,0.47462205161761933
1293,0.48189739837736817
1294,0.3592326284890238
1295,0.4857179897047492
1296,0.3825394375795197
1297,0.32742738595894166
1298,0.3022257827822514
1299,0.4717749550089974
1300,0.3803406055424451
1301,0.47527059585119724
1302,0.33757242182532343
1303,0.2971533447755656
1304,0.3226770255049281
1305,0.3851476025252005
1306,0.4593154799350264
1307,0.37306744295915506
1308,0.3300713191324941
1309,0.354010815483752
1310,0.37359225759988374
1311,0.43978208314973644
1312,0.2730467401399045
1314,0.1903905612600235
1315,0.4629174120073022
1317,0.3630841512165917
1318,0.41527288384743327
1319,0.3466598802188235
1320,0.4057425224418926
1321,0.4768856454663486
1322,0.45622042155032894
1323,0.49218859419396493
1324,0.401519766476458
1325,0.45016281813097186
1326,0.4120371566045103
1327,0.3810476283119707
1328,0.4812746797301195
1329,0.43804364047748
1331,0.17855944722216008
1332,0.4842874876080116
1333,0.41718612811148625
1334,0.25396671441170393
1335,0.3113344291079059
1336,0.3340848708311929
1337,0.4092366492058088
1338,0.3161109197311624
1339,0.5174595213497348
1340,0.3730063492099972
1341,0.46347676356949546
1342,0.36742825616255936
1343,0.5266222844510895
1344,0.3466477354540396
1345,0.48654944203188005
1346,0.47080724103565624
1347,0.20791209235712832
1348,0.3696106976800953
1349,0.3961236589534662
1350,0.4134708558144695
1351,0.4571334128867879
1352,0.40876647118400145
1353,0.16025835310128572
1354,0.4762420762145441
1355,0.3450537918379695
1356,0.3787661558138094
1357,0.42989551660064423
1358,0.37108195851292913
1359,0.41980669717612995
1361,0.3986672276312724
1362,0.4630351878629062
1363,0.36908892621385236
1364,0.3790235857023234
1365,0.463668409480326
1366,0.4379454501929636
1367,0.3505011261142436
1368,0.42996383481533235
1369,0.40721298514134185
1370,0.447341838016482
1371,0.4292399625068197
1372,0.3931445452503627
1373,0.314791669763408
1374,0.3540163821625268
1375,0.3719290559662747
1376,0.2254338690162061
1377,0.2910722940616936
1378,0.40489205408273043
1379,0.399047791270311
1380,0.3354667934702802
1381,0.5115582774462957
1382,0.2755346003914012
1384,0.326046938725697
1385,0.25622223128343175
1386,0.40090975039121496
1387,0.31749612063589616
1388,0.17383311637749463
1389,0.21398950459348215
1390,0.506090279805559
1391,0.29312865957423684
1392,0.44842287253376234
1393,0.48243060712594116
1394,0.4958449198906087
1395,0.3478314601599419
1396,0.37824052295072674
1397,0.3715189103665564
1398,0.24345671249583611
1399,0.47001676658781033
1401,0.41935697823311935
1402,0.4698372046898538
1403,0.3956381924211297
1404,0.465674557686913
1405,0.4233706363910151
1406,0.4626246365847085
1407,0.44265561503491757
1408,0.41130774209681004
1409,0.4616912751525505
1410,0.42363347293058506
1411,0.3559723867496728
1413,0.4191460881145725
1414,0.3894607132707083
1415,0.48417269685223335
1416,0.5335897791984047
1417,0.27259605798958086
1418,0.2034077829144633
1419,0.4210171540642361
1420,0.472398224851149
1421,0.38285009872009806
1422,0.43487031679575266
1423,0.38515944487321263
1424,0.4698120530327457
1425,0.5142922595738774
1426,0.4780616062627864
1428,0.48075067777688757
1429,0.449890828488292
1430,0.292543547494149
1431,0.41528773702032706
1432,0.34984799633710306
1433,0.44579993170652243
1434,0.4117086377603358
1435,0.3281712169341921
1436,0.3355118983496877
1437,0.38810750917993275
1439,0.35454238985142694
1440,0.3887140447382751
1441,0.4120186841747207
1442,0.49257774851229996
1443,0.4207828421817475
1444,0.40108480658134243
1445,0.3531978806784861
1446,0.47547293348583003
1448,0.4431206689457403
1449,0.33789304829811
1450,0.47224275143972416
1451,0.3647568105053158
1452,0.45965248874794673
1453,0.5213384557884302
1454,0.5121936329564467
1455,0.3922863996914645
1456,0.3968947635982941
1457,0.5008424053431239
1458,0.4051593473891037
1459,0.3689452949986257
1460,0.4018445519544953
1461,0.1790913619911221
1462,0.3271891160777401
1463,0.41551915293995684
1464,0.3577199763506594
1465,0.4379697689517779
1466,0.35960896577956486
1467,0.39954723662387986
1468,0.41122753389201117
1469,0.36642519662757694
1470,0.4297898248598111
1471,0.47690780636975183
1472,0.41289468563386
1474,0.47339908469706743
1475,0.4222174826908735
1476,0.39270454584070574
1477,0.507202675735921
1478,0.40161409022003297
1479,0.44302661050725467
1480,0.5053500252413732
1481,0.45844109697750507
1482,0.369584824879141
1483,0.4328176643404869
1484,0.4591094210032626
1485,0.3378047490907566
1486,0.25103217704671105
1487,0.1977113674094101
1488,0.506626125259432
1489,0.340037327821324
1490,0.28996430957960284
1491,0.2642282765340347
1492,0.35742867645089915
1493,0.30925369024634536
1494,0.3846483157897552
1495,0.29608396036631535
1496,0.4527925105486393
1497,0.45363848276671315
1498,0.42676896996758623
1499,0.46541979302472675
1500,0.4884935214703802
1501,0.3460467929692854
1503,0.20331502804454613
1504,0.37364250482816813
1505,0.3949608695096416
1506,0.32824500232525605
1507,0.4819409094138599
1508,0.4774218156355095
1509,0.310354711331173
1510,0.3709883516107228
1511,0.34101221257372966
1512,0.22937242569834015
1513,0.5722509220906533
1514,0.4823935750419907
1515,0.5085006370340392
1516,0.43944547020934704
1517,0.3145745711221209
1518,0.5423128809571635
1519,0.43343173213377983
1520,0.4997152023963004
1521,0.31639801465698275
1522,0.09788963288652422
1523,0.3657482137825933
1524,0.24375918242344122
1526,0.3757831206241536
1527,0.5133299936629552
1528,0.4083168322651412
1529,0.4850870980680788
1530,0.38040097498830283
1531,0.45786757749813317
1532,0.43310974465750907
1533,0.3819260888357437
1534,0.3672853580462081
1536,0.5186809997775593
1537,0.3052738470462516
1538,0.08814305102814109
1539,0.3385400266761422
1540,0.42089021632241497
1542,0.30542358647919393
1543,0.36109714974864243
1544,0.4857414551389591
1545,0.4173456902884087
1546,0.4734984493723541
1547,0.6783808073565051
1548,0.4793284625254714
1549,0.42859805455809397
1550,0.41216684034364226
1551,0.38707917127523045
1552,0.5351693427122155
1553,0.4375055969541137
1554,0.43516851068422485
1555,0.5704847653512283
1556,0.3915537970362771
1557,0.5286688851923164
1558,0.4908484129736118
1559,0.48721282944239747
1560,0.5344214947695688
1561,0.3362796850120223
1562,0.4192753147800689
1563,0.4160859777652938
1564,0.41577363294964076
1565,0.6301337167349079
1566,0.3459942862603335
1567,0.5146070604861037
1568,0.5760146531986662
1569,0.4706671786686584
1570,0.3737261068752299
1571,0.351817418852665
1572,0.38343025506704953
1573,0.3860132285644207
1574,0.5216446767614861
1575,0.28683058070652107
1576,0.46157974487012493
1577,0.22108015623795355
1578,0.33192367787798277
1579,0.46106863097731243
1580,0.5494700740973658
1581,0.35422684651921216
1582,0.16194417031372288
1583,0.4011847082061954
1584,0.565909678375
1585,0.32862393727788286
1586,0.3729976270410458
1587,0.4006030898824519
1588,0.3536643314165099
1589,0.3365623306573428
1590,0.4751606625484739
1591,0.4293766228303398
1592,0.5269923360596193
1593,0.31319817377535397
1594,0.27871287557168345
1595,0.35940504164560083
1597,0.5040619203746297
1598,0.41845130973283134
1599,0.4709790257493838
1600,0.49848020081271177
1601,0.45146846667809776
1602,0.49414497670843033
1603,0.2085402885666709
1604,0.5196940490633296
1605,0.4305495245172792
1606,0.505940725787371
1607,0.36118983857894393
1608,0.3885881115210595
1609,0.5219513259066932
1610,0.336599611161461
1611,0.5405817546948809
1612,0.43682633320213626
1613,0.5047895480779666
1614,0.4615187215536002
1615,0.3047823494619991
1616,0.5380771424208185
1617,0.4938735519467918
1618,0.47220890594309206
1619,0.2681664954157186
1620,0.2776160195384139
1621,0.4241778343636809
1622,0.36027823326696345
1623,0.29026745370464924
1624,0.46698555955732224
1625,0.3411128844110729
1626,0.4208933375831546
1628,0.4765689111494427
1629,0.40356274222762184
1630,0.46005398521349045
1633,0.3776926255696354
1634,0.48322709838082684
1635,0.4307507916951123
1636,0.4931149954864175
1637,0.5435483609024176
1638,0.422344277982241
1639,0.20295142131187666
1640,0.5278616243777036
1641,0.3327358723915083
1642,0.3918648550793011
1643,0.3661918829912857
1645,0.5337850164104795
1646,0.37535211248310146
1647,0.3070623279229695
1649,0.40062018055028736
1650,0.48470493503629053
1652,0.2535617505719141
1653,0.4014536744414584
1654,0.44004536496542696
1655,0.34121933282141537
1656,0.5942066651323618
1657,0.4487682455760868
1658,0.5017979340543526
1659,0.37370625745785585
1660,0.2608450536770475
1661,0.4470259243606472
1662,0.5845358599257647
1663,0.36556348807386196
1664,0.43799701066913715
1665,0.516851357409463
1666,0.3807484164066663
1667,0.2839929822677495
1668,0.4341476825546829
1669,0.419760293703357
1670,0.5372385171868412
1671,0.4898293035950244
1672,0.3422284316387515
1673,0.4093948312096116
1674,0.39855510114972914
1675,0.11577404108200813
1676,0.3589714912416931
1677,0.18067683811884167
1678,0.5372909588903229
1679,0.4678573826022151
1680,0.32293960885709705
1681,0.6028983430292431
1682,0.34415842921058704
1683,0.35727054329488817
1684,0.33836011842240665
1685,0.3372561845199466
1686,0.5130142470444524
1687,0.36479095479792206
1688,0.4357130777572709
1689,0.3691391441752569
1690,0.37977686490915347
1691,0.3967441281965515
1692,0.48602677499841745
1693,0.49562916515020566
1694,0.47760499054972905
1695,0.21163851747784282
1697,0.49091332397222376
1698,0.4217105854779252
1699,0.40359819032841776
1700,0.46597492074031127
1701,0.4623898912227548
1702,0.35827183631485787
1703,0.49779886397734274
1704,0.3532473343029699
1705,0.4880394041573486
1706,0.4431200453870819
1707,0.4861073771388146
1708,0.5055380450656022
1709,0.4659232079392828
1710,0.5818342263732965
1711,0.5276938213360154
1712,0.4364026636779779
1713,0.36733156277678897
1714,0.468168766034287
1716,0.37457667103283765
1717,0.3444550893151621
1718,0.48098020523907487
1719,0.3926135158052672
1720,0.5543769369614512
1721,0.38639375286467625
1722,0.4946807346505236
1723,0.5502936991472455
1724,0.3112638191068542
1725,0.4475277699566987
1726,0.4249198107902264
1727,0.4624276396988753
1728,0.44421567104573756
1731,0.38467208542446263
1732,0.2907875030304189
1733,0.4623193478559367
1734,0.4571945072840895
1735,0.32133382820841794
1736,0.49109005766945313
1737,0.4623883736808445
1738,0.26852206034705683
1739,0.5416760005466558
1740,0.3835233390774334
1741,0.40264984418564204
1742,0.40712531550382974
1743,0.47615837403568056
1744,0.6412428908122099
1745,0.5090096724446054
1746,0.2838790342642265
1747,0.399068851490654
1748,0.563488664477436
1749,0.4377518213759994
1751,0.47676862247740803
1752,0.4214493150648141
1753,0.34758535010044883
1754,0.4606242408921615
1755,0.4281011108060034
1756,0.45133862353599996
1757,0.39258691320193734
1758,0.12192622191330722
1759,0.4297310492246956
1760,0.5417033975592798
1761,0.4829575791793881
1762,0.4095528380230575
1763,0.6390890233990371
1764,0.42662128235257984
1765,0.4107646959480778
1766,0.6080189163017539
1767,0.4013541953089197
1768,0.2833610508096228
1769,0.3593648620830493
1770,0.4668973072155752
1771,0.5248888146665571
1772,0.5085506885133716
1774,0.5932819549155981
1775,0.3956285501819613
1776,0.38366199802383893
1777,0.44287026553268927
1778,0.6428455400311897
1779,0.3549059518429256
1780,0.43725594854305055
1781,0.30111379705906693
1782,0.4183142179433228
1783,0.5247359958068525
1784,0.38250270528542607
1786,0.45907717793666497
1787,0.29891183035339197
1788,0.44591126926852337
1789,0.4547380055358947
1790,0.5167725361149094
1791,0.4533759568432778
1792,0.52894091172322
1793,0.23749887571651887
1794,0.515086048841903
1795,0.469434155347805
1796,0.4754837932168332
1797,0.5647023377380493
1798,0.39061097571708686
1799,0.3740696582458688
1800,0.48665367694922756
1801,0.35808942700778706
1802,0.3874048798911475
1803,0.4044259688971852
1804,0.4546316253412517
1805,0.5160646503523715
1806,0.4629205764608901
1807,0.3131726223048174
1809,0.630433769112681
1810,0.4029162981799894
1811,0.4577338643554864
1812,0.4606568033664277
1813,0.5568197276571617
1814,0.035968408674723944
1815,0.4829566690956936
1816,0.5296082266737355
1818,0.5777251448546237
1819,0.39177246183139425
1820,0.5780146633589253
1821,0.338848150240356
1822,0.5171152580739468
1823,0.4070806991268915
1824,0.42951093192422257
1825,0.4819324178390312
1826,0.5608932230723511
1827,0.5902958115167575
1828,0.5301506052435795
1829,0.48634133132159135
1830,0.46004119519220726
1831,0.5522445193716824
1832,0.5032210466772757
1833,0.2801006029142343
1834,0.3137585595869011
1835,0.37936737866308434
1836,0.12614880169920098
1837,0.3887667134148124
1838,0.47289438272603257
1839,0.4604383815648984
1840,0.46179962713937267
1841,0.4436347101938791
1842,0.3658412454866103
1843,0.3979130843326072
1844,0.36930674442201433
1845,0.5954538849034822
1846,0.4136939696562429
1847,0.3669320521386769
1848,0.3958604918705179
1849,0.4981237915095681
1850,0.05810863816123183
1851,0.45754929489138246
1852,0.4460831569983072
1854,0.5364070093713651
1855,0.4418998833520393
1856,0.418393918219212
1857,0.5477313258747847
1858,0.5297641265301094
1859,0.505840922718736
1860,0.440573014006341
1861,0.16895839735722912
1862,0.33843287042363895
1863,0.48140344440410926
1864,0.5118375304919337
1865,0.5172774366162226
1866,0.6168727235837029
1867,0.440486071250092
1868,0.5085190409912593
1869,0.6108769110823108
1870,0.38685945668062155
1871,0.42587105488601834
1872,0.5570993676572817
1873,0.5411994335716432
1874,0.6647685717445191
1875,0.13911810921753134
1876,0.41831761500146375
1877,0.45753733015346904
1878,0.5225104869899618
1879,0.6788417593264726
1880,0.5185668949430451
1881,0.47382242478858627
1882,0.48077993324770074
1883,0.36326412013502785
1884,0.2764900852659555
1885,0.36679758938921997
1886,0.4318052464015872
1887,0.47353569105120125
1888,0.4887963770288305
1889,0.4428005051612992
1890,0.3780007788698117
1891,0.34925233789360033
1892,0.44672267028395224
1893,0.49107922379551383
1894,0.41473666792468644
1895,0.4266424816847214
1897,0.3963760265671104
1898,0.41392343582900043
1899,0.50729610590686
1900,0.44997244750149595
1901,0.4842473269918502
1902,0.5530933806407065
1903,0.560428046425424
1904,0.3409131058782946
1905,0.5863381234031395
1906,0.6776092256039852
1907,0.6298878644007315
1908,0.5617947356461404
1909,0.3282387177240715
1910,0.62688091414392
1911,0.39402344671082296
1912,0.4305488344571241
1913,0.5672055767688051
1914,0.34621464341372526
1915,0.35973992511766684
1916,0.5360202199388996
1917,0.4870157761388917
1919,0.442886480418602
1920,0.49063472001702363
1921,0.42413597030975775
1922,0.5333895385499076
1923,0.4327285609976467
1924,0.3598361331254771
1925,0.542884462416958
1926,0.4828163730243516
1928,0.4872311475426772
1929,0.5045350712434079
1930,0.6283271831928346
1931,0.43438249296713727
1932,0.4618611516512287
1934,0.3553259047139414
1935,0.5777338982200063
1936,0.6046333693323258
1937,0.551140941020643
1938,0.5966287702182929
1939,0.40481551753276723
1940,0.48842016987299797
1941,0.4229451756691714
1942,0.5513859260791178
1943,0.35181050892087723
1944,0.44935779362518674
1945,0.4767016455576482
1946,0.5598830147344538
1948,0.5426105198800705
1949,0.38808419261946775
1950,0.7201148128938014
1951,0.5582939098307919
1952,0.5037709440694288
1953,0.4249626649878305
1954,0.4693200976023604
1955,0.4206462052446846
1956,0.5831489346663399
1957,0.4686205737283945
1958,0.6148324296237412
1959,0.48858797917777086
1960,0.5388846646970389
1961,0.46820980263322337
1962,0.3224818158254999
1963,0.5820624422325708
1964,0.4061552039052859
1965,0.5359809396194671
1966,0.38978780420831194
1968,0.5530596489142123
1969,0.5994731699563994
1970,0.2826217190625528
1971,0.4559404634872698
1972,0.35689104758969187
1973,0.33659440913556155
1974,0.09563884028786775
1975,0.382589215726182
1976,0.5046655658195692
1977,0.16441101179459255
1978,0.32864297024430367
1979,0.47398183501371666
1980,0.46734608071825684
1981,0.5502534084577217
1982,0.40609329021936735
1983,0.3808582678924749
1984,0.5885437553422309
1985,0.6040772972746604
1986,0.5387540213192632
1987,0.43319227984072906
1988,0.4936598752829842
1989,0.5283410218294777
1990,0.3027749642671209
1991,0.527920752443917
1992,0.37905627297802064
1993,0.6265402490231292
1994,0.5819104419890977
1995,0.3959203594320341
1997,0.5895482217392706
1998,0.49890786994575814
1999,0.6080039507970515
2000,0.6207729379579817
2001,0.4437238586487001
2002,0.4194345254477948
2003,0.20067794314771828
2005,0.6081058331558589
2006,0.42396415785280683
2007,0.5248445960318542
2008,0.5914265837703997
2009,0.5171524202022273
2010,0.4989463021858763
2011,0.4603453342910572
2012,0.5390941182678726
2013,0.4448112397369381
2014,0.5178980436269363
2015,0.35012842934914545
2016,0.5924671766298814
2017,0.48152191942448513
2018,0.46328043691473064
2019,0.577509343510072
2020,0.5450847998333087
2021,0.3898952758230314
2022,0.620336371317582
2023,0.42435149856412646
2024,0.5005721406200152
2025,0.5563382847168599
2026,0.47928605683393644
2027,0.51248198765929
2028,0.3621133375749665
2029,0.42992023294231474
2030,0.4965448153256492
2031,0.4644983168423291
2032,0.43521875953555555
2033,0.547899214264169
2034,0.6842600021295057
2035,0.5358050717940768
2036,0.3940046679732801
2037,0.44962481094438234
2038,0.4416291333751431
2039,0.36891318974832105
2040,0.2480916892745459
2041,0.5280828393434169
2042,0.4882776518878075
2043,0.3827658517410307
2044,0.5486815545308118
2045,0.656183065390356
2046,0.6307000522231146
2047,0.5580716806871849
2048,0.41389537168716706
2049,0.6715166056826638
2050,0.43022960118237624
2051,0.4226365996926522
2052,0.3383175296754618
2053,0.5448527865272961
2054,0.4306380766031838
2055,0.18293649194555422
2056,0.5853616754062054
2057,0.34225698030772167
2058,0.47056291957631907
2059,0.10172625949392881
2061,0.6869216639786196
2062,0.4691682183934124
2063,0.5237343603033
2064,0.6583113670618665
2065,0.1797267839916863
2066,0.0664321368483308
2067,0.47825936744796127
2068,0.3518562890573978
2069,0.23498605663843794
2070,0.5149090983299665
2071,0.44855013248378406
2072,0.5708322276994233
2073,0.43616263589401577
2074,0.6238380721337334
2075,0.5688170803502917
2076,0.41806031200747684
2077,0.30861988119630573
2078,0.5407770722885716
2079,0.6406368820276518
2080,0.5967727814340704
2081,0.6206408000252348
2082,0.5978555218617886
2083,0.5514781733238893
2084,0.5074931412225154
2085,0.5359597133430533
2086,0.5769066988774836
2087,0.5489338287608283
2088,0.6677329303451148
2089,0.51543951958312
2090,0.5890005277166044
2091,0.3935104870470095
2092,0.557975229131253
2093,0.3558286060763841
2094,0.32597652102790975
2095,0.4712417957802184
2096,0.5710468927099346
2097,0.5702786771360503
2098,0.6530423701315133
2099,0.3934600835390821
2100,0.5250568053461665
2101,0.5212394021980846
2102,0.5462308666167494
2103,0.5214643832987828
2104,0.5639254601373846
2105,0.5651384344298783
2106,0.6307289301723867
2107,0.47094798036758345
2108,0.5887895006784664
2110,0.643025737423929
2111,0.5296605745902447
2112,0.4585567086554657
2113,0.7106607757890365
2114,0.699275335229894
2115,0.5607055221431309
2116,0.5246403364277449
2117,0.3813855916578976
2118,0.39053015781549805
2119,0.5373596627592898
2120,0.4782181049369692
2121,0.335047980204441
2122,0.5452132653237924
2123,0.4126148413800506
2124,0.4386604926466614
2125,0.7283838870693236
2126,0.49849071502909187
2127,0.6148817125501184
2128,0.452327517359587
2129,0.45238337845584026
2130,0.5817669612669768
2132,0.6529594426301493
2133,0.4127488337942327
2134,0.46546796131085155
2135,0.5482362064768291
2137,0.5252658475822942
2139,0.42062614984638486
2140,0.6635669533501649
2141,0.4561936280374919
2142,0.11711981817315144
2143,0.21499851701103004
2144,0.4136239686941338
2145,0.3912223114273385
2146,0.4244001153405086
2147,0.49503483307873725
2148,0.25958943839336257
2149,0.5331612375322065
2150,0.5861840023237549
2151,0.4191850688938121
2152,0.5381344773236634
2153,0.6266322559263212
2154,0.6128288107113746
2155,0.7285333567892965
2156,0.5948013625504038
2157,0.6019488037512501
2158,0.5295758984264979
2159,0.2535880573488032
2160,0.59922270367682
2161,0.4401834602493953
2162,0.6435844606978435
2163,0.6263691329223646
2164,0.5545651465891751
2165,0.6073092618794516
2166,0.3532343660069961
2167,0.36388117299557105
2169,0.5188083059235592
2170,0.3240216575153128
2171,0.3710317913846573
2172,0.31446359587615624
2173,0.5446163108978946
2174,0.5775202057194
2175,0.6822882556786122
2176,0.3069793023792814
2177,0.43845325711948263
2178,0.6560447248963726
2179,0.6715863152172804
2181,0.6575235095623745
2182,0.38093257420791576
2183,0.612081691344738
2184,0.6028768715765093
2185,0.43800355091640547
2187,0.739503818018153
2188,0.6638323033884405
2189,0.7258452227383714
2190,0.6058912551729002
2191,0.5987045690909137
2192,0.6080261364370665
2193,0.43445408296307575
2194,0.6698181140268602
2195,0.38158864969660516
2196,0.519936280852626
2197,0.7895243134824695
2198,0.5824203372309835
2199,0.36097085692364556
2200,0.5992394149842846
2201,0.6179515987350801
2202,0.6786194518579672
2204,0.7133974868382011
2205,0.5945261246590074
2206,0.6878662604907534
2207,0.6380018548088598
2208,0.5987777403973439
2209,0.7265746927638508
2210,0.6510324053140719
2211,0.48183609949536393
2212,0.2769020769571088
2213,0.47076078807477567
2214,0.5419443363940227
2215,0.5930906089110317
2216,0.4323892265437301
2217,0.6523923563367663
2218,0.4865001394019225
2219,0.6732674660499419
2220,0.5460666060437178
2221,0.5412882773973483
2222,0.6080320740873475
2223,0.6997750568528978
2225,0.5842655419627728
2226,0.3516697537430745
2227,0.634822027650131
2228,0.43790575066547094
2229,0.6603569700354794
2230,0.4335458538775971
2231,0.6839760882647394
2232,0.46757991600023496
2233,0.6153957634503456
2234,0.5373418731906894
2235,0.5591235394329067
2236,0.5122917097921866
2237,0.5460288586201295
2238,0.4036770648498938
2239,0.6573671490593633
2240,0.5629504633448957
2241,0.34823793018603244
2243,0.6093987341571365
2244,0.7291743962566412
2245,0.7191658803336172
2246,0.6250094903499879
2247,0.6678103941785316
2248,0.48505887014238513
2249,0.7304933150552871
2250,0.7106759237694421
2251,0.6983459961013779
2252,0.47754856721695615
2253,0.6323276310060076
2254,0.6534918348389132
2255,0.6142001745684843
2256,0.5744381004495976
2257,0.5297218109745847
2258,0.628914811711258
2259,0.564946803574953
2260,0.7024327985365844
2261,0.49164314343279997
2262,0.312182716090116
2263,0.25910928612296547
2264,0.4824694213945032
2265,0.6373474339347511
2267,0.39987384284813077
2268,0.6282076779214055
2269,0.602752531367319
2270,0.3801529276330605
2271,0.6321277211043537
2272,0.44480012123020496
2273,0.7036780840136432
2274,0.5658979847817838
2275,0.6897160339635546
2276,0.47591668265529646
2277,0.7229206025298656
2278,0.7416455485199495
2279,0.6788796105101242
2280,0.6119273731692607
2281,0.6030236898684438
2282,0.6038655505553735
2283,0.13511742201554486
2284,0.6571730402594529
2285,0.546984240331629
2286,0.37094971200537685
2287,0.41163681269487756
2288,0.5522713932867538
2289,0.42352476939109884
2290,0.6122588900471545
2291,0.5460019457384088
2292,0.7912437377967283
2295,0.6089985379313667
2296,0.7232123245971369
2297,0.5500611780927608
2298,0.3663218386427631
2299,0.601947057116044
2301,0.6777914484187942
2302,0.6566898358695966
2303,0.38374330910218823
2304,0.6572862244953135
2305,0.6580251529478326
2306,0.6825034856636967
2307,0.31131056833701887
2308,0.6191177504377144
2309,0.4825956694789838
2310,0.40097784175373374
2311,0.5773265142268641
2312,0.5833805816376327
2313,0.7307420580140379
2314,0.6490813584177608
2315,0.7031036837708593
2316,0.5212524082173545
2318,0.6511976069718368
2319,0.6957887778639428
2320,0.5630810017150004
2321,0.24781346147235905
2322,0.4944347743649948
2323,0.5995290634518018
2324,0.22012798658749524
2325,0.6749284936726262
2326,0.6629126011342953
2327,0.5843773024695659
2328,0.5676874375412306
2329,0.38200201016130003
2330,0.37830841285874806
2331,0.7172989530094
2332,0.46963564977158095
2333,0.5213657145023439
2334,0.7397518268396891
2335,0.3765260851784838
2336,0.5145387002695763
2337,0.6594683076056306
2338,0.7219286923175614
2339,0.44706100964523643
2340,0.43354957285462786
2341,0.5693366291903428
2342,0.2586696889765182
2343,0.42104325302935736
2344,0.6324554701877164
2345,0.7633710446708621
2346,0.3817453040864884
2347,0.34703188111913225
2348,0.47578518074597975
2349,0.5863629593580151
2350,0.6402677486984993
2351,0.2926797061806056
2352,0.5161008752969214
2355,0.6882981985176979
2356,0.4593254733104471
2357,0.784404035711396
2358,0.36770761738635965
2359,0.579069391703588
2362,0.4406013776464429
2363,0.5787157285176192
2364,0.5974610730495896
2365,0.6733929661814005
2366,0.40927982942070534
2367,0.709526144032701
2368,0.6187709100769192
2369,0.7634734742963104
2370,0.6552763208785648
2371,0.7161340909085162
2372,0.5159237843107236
2373,0.7520277682119089
2374,0.6117132888734597
2375,0.6302476489765444
2376,0.49633572511614515
2377,0.7392161194971468
2378,0.7554429168890299
2379,0.577395083123126
2380,0.7705731031130472
2382,0.6892037259165162
2383,0.7894200612054799
2384,0.5446419951084905
2385,0.45868858245765604
2386,0.47794358298638173
2387,0.552025014880865
2388,0.49555810008475404
2389,0.6116818153778364
2390,0.7093710838794745
2391,0.4943445616175967
2392,0.7290580178857442
2393,0.795423979994043
2394,0.6882341353976505
2396,0.6972326822006455
2398,0.5909372811786829
2400,0.6952675905181364
2402,0.4135448285663231
2404,0.7173636265192848
2405,0.6538035195940078
2406,0.6715822096119831
2407,0.43092212238594046
2408,0.6293217441996071
2409,0.46106004379463
2410,0.4887559052109639
2411,0.6877454099741926
2412,0.6285710879762295
2413,0.6700474933728126
2414,0.7139279738341132
2415,0.6348794399775641
2416,0.6696659820254299
2417,0.49014236387750043
2418,0.7057088972599433
2419,0.5595268357542059
2420,0.5518630327665959
2422,0.5626776081736464
2423,0.6506481473235928
2424,0.4915337638211498
2425,0.7855635174625618
2426,0.620620108315544
2427,0.6389334035612879
2428,0.6740216059611752
2429,0.7347134003586551
2430,0.7016038154949688
2431,0.4824274142919291
2432,0.6179848857989382
2433,0.6474662045400205
2434,0.6631558440511274
2435,0.6773993379426116
2436,0.6879283342042593
2437,0.4943592099362162
2438,0.4338994523408903
2439,0.6353954043453509
2440,0.5951174448223558
2441,0.7078567257235976
2442,0.45809996114578383
2443,0.6767147557866272
2444,0.34263992489869033
2445,0.5028074486221412
2446,0.6640371024151607
2447,0.6479452435216032
2448,0.554456923282935
2449,0.7645729717742211
2450,0.6711277926074427
2451,0.7001665834006143
2452,0.467387169710614
2453,0.7087971997074385
2454,0.7071482707043655
2455,0.5140095768046049
2456,0.7603366875130465
2457,0.7216402687090407
2458,0.5942844986059481
2459,0.6809075600535827
2460,0.7024804216144631
2461,0.6331225249931225
2462,0.7516219078512332
2463,0.5358679243990914
2464,0.5809937042525072
2465,0.7679566435881887
2466,0.41262456466721137
2467,0.7132579680358362
2468,0.4680802055742859
2469,0.5454739570174033
2470,0.7478972764467937
2471,0.5704138769654359
2472,0.40102325709570946
2473,0.447968448542643
2474,0.6232550446132309
2475,0.6871038769958592
2476,0.7656683767575301
2477,0.5734470664681635
2478,0.6111705693358956
2479,0.7132308539945993
2480,0.5096944606385371
2482,0.6730670015099153
2483,0.5834109207504217
2484,0.5113393285332953
2485,0.6619182398708047
2486,0.38665937669763006
2487,0.42659948558471655
2488,0.6095645506166194
2489,0.5293495316314644
2490,0.7868814402379524
2491,0.5298263479155685
2492,0.726673304545161
2493,0.3843183400744239
2494,0.7228988809627436
2495,0.6469894813072395
2496,0.7606672852033008
2497,0.561541384256665
2498,0.47302333808065367
2499,0.7087733238603918
2500,0.20177793446305958
2501,0.6002541229589079
2502,0.6161190311517132
2503,0.6695470096503684
2504,0.4138713117456089
2505,0.7133384090759328
2506,0.6557323116131962
2507,0.710593307928291
2508,0.4358667248849846
2509,0.23560224810409458
2510,0.7541948882901222
2511,0.4812416747585102
2513,0.4850282431992992
2514,0.7076506301286061
2515,0.7300362891977564
2516,0.39976345585715645
2517,0.7182449950977441
2518,0.7659994188730298
2519,0.5638508601893832
2520,0.5906414776826092
2521,0.7523436928346233
2522,0.47805884349339195
2524,0.31770057165436366
2525,0.8260629505500177
2526,0.6552554190486087
2527,0.6093939362708882
2528,0.5327091492244277
2529,0.5742657057359818
2530,0.48746325366422
2531,0.6785329396099113
2532,0.6308457930478063
2533,0.5667501652689029
2534,0.7024829197106821
2535,0.6121974386441154
2536,0.6390664350093456
2537,0.5137546434510251
2538,0.7067969016692217
2539,0.5144258564510424
2540,0.5665567879925069
2541,0.5651961532390883
2542,0.5312414855731092
2543,0.8215240732487492
2544,0.7291014685847806
2545,0.476092311212279
2546,0.7380583513721627
2547,0.5639021570312158
2548,0.31125931244937144
2549,0.6902375480112386
2550,0.5368660523881635
2551,0.5882849244770659
2552,0.7445788202629895
2553,0.692702572774322
2554,0.7261110047452176
2555,0.6457059019875477
2556,0.7274513949966307
2557,0.5525867299842367
2558,0.6018595801149134
2559,0.7718032313226437
2560,0.7192186907105587
2561,0.5200713058567679
2562,0.5620166834012974
2563,0.7411357451826885
2564,0.6851190040677108
2565,0.8332286919948556
2566,0.5977784724454852
2567,0.70724260001425
2568,0.6026428143620969
2569,0.6494631232017007
2570,0.6571520965109006
2571,0.4785229749530048
2572,0.6398085822737165
2573,0.4805578813116306
2574,0.45810430691817894
2575,0.6630364594450133
2576,0.5800055271020996
2577,0.6946706219658936
2578,0.6778262148424217
2579,0.6474609964017777
2580,0.6561604547981302
2581,0.5157767384862146
2582,0.49018122483606685
2583,0.40413236926240415
2584,0.6777226029344585
2585,0.4840830516843049
2586,0.75862496369542
2587,0.5513113585235205
2588,0.5475029595956588
2589,0.6725232803030579
2590,0.7316045115248998
2591,0.7584186159537155
2592,0.5238386319146405
2594,0.7916032271223928
2595,0.6853981720102279
2596,0.509744272972578
2597,0.6032694336322253
2598,0.764705645578708
2599,0.4544885535166534
2600,0.5825729785176047
2601,0.725647976331445
2602,0.6165230166677674
2603,0.7513059569045002
2604,0.5842234319420385
2605,0.4782202215408284
2606,0.6855030990172155
2607,0.6630138670461474
2608,0.6677856207727688
2609,0.7529440590046845
2610,0.7523125926027976
2611,0.7907631658033811
2612,0.726856963994479
2613,0.6967300989095396
2614,0.6898939250400489
2615,0.8181558732198512
2616,0.7888786151180971
2617,0.8160034531414042
2618,0.7787251488255045
2619,0.6283635584331753
2620,0.6859220466656354
2621,0.5495767933550129
2622,0.7107032278843382
2623,0.5072255480609819
2624,0.5211191519697377
2625,0.7578882123035048
2626,0.7809656940153917
2627,0.7593424848379464
2628,0.3955144805208047
2629,0.6696295396242967
2630,0.7597722425896589
2631,0.5833438270596384
2632,0.6637754433589831
2633,0.6569568926973153
2634,0.6523581631841646
2635,0.649255452189234
2636,0.5758088770794141
2637,0.7030165557590567
2638,0.6543816610852901
2639,0.6291571540411667
2640,0.7591578328165705
2641,0.4956745961712117
2642,0.6007070538079037
2643,0.3955715764032211
2644,0.495725806308857
2645,0.39952350789479113
2646,0.5196476123645771
2647,0.5951162488068448
2648,0.6157718488497967
2649,0.7502574974995747
2650,0.6021509119287706
2651,0.7152789367155055
2652,0.6752178718093492
2654,0.7149374621410798
2655,0.600803896172781
2656,0.6580196604219789
2657,0.6439694600785173
2658,0.7374260722662409
2659,0.787205327885675
2660,0.6058705176632282
2661,0.7586640111199408
2662,0.7441488108729764
2663,0.4242097572855985
2664,0.585043510732833
2665,0.6415101348199982
2666,0.5506322293127792
2667,0.4556886692018648
2668,0.8082563915023553
2669,0.7175576904653244
2670,0.40678162182682354
2671,0.6066985092413134
2672,0.8046301067329862
2673,0.6782235121132721
2674,0.8116778854439856
2675,0.7671090404140332
2676,0.6516510370507771
2677,0.8253231698685842
2678,0.6570894901667869
2679,0.47769954914423607
2681,0.7910283684212202
2682,0.40729130806525043
2683,0.6792280860641198
2684,0.09829048272863684
2685,0.7469563937951081
2686,0.5035016423077862
2687,0.5395115505493707
2688,0.7674940189262079
2689,0.806618028514306
2690,0.6235676466511587
2692,0.6409752270267556
2693,0.6132558447639341
2694,0.7449435890093098
2695,0.4410382620233222
2696,0.7814245857930989
2698,0.5017213813175665
2699,0.5346445499335956
2700,0.6520232753099453
2701,0.6839469867990343
2702,0.37300782447321545
2703,0.6296067918452101
2704,0.7454030113144288
2705,0.5919794084188501
2706,0.7407858974599926
2707,0.35602428615542675
2708,0.6206296398175597
2709,0.7407813701948736
2710,0.7640686993658324
2711,0.715811545984278
2713,0.038427361581922226
2714,0.43190285989310484
2715,0.7314278345903247
2716,0.7057705897233134
2717,0.7722307194036714
2718,0.6676304024447128
2719,0.7817687575345986
2720,0.648166203185239
2721,0.7443884478898939
2722,0.6556226269066989
2723,0.8364176247728212
2724,0.6898530738013011
2725,0.5149371988433668
2727,0.3439485541867094
2728,0.8257566198704921
2729,0.6728464564894651
2730,0.3906774425661677
2731,0.4617579731681168
2732,0.6242634996164566
2733,0.7610727249384773
2734,0.7504486323528483
2735,0.5080075847173026
2736,0.8432827047980493
2737,0.6745900082350126
2738,0.8240668372396378
2739,0.662780467880806
2740,0.6862385820833719
2741,0.44126893923124905
2742,0.7296838372980435
2743,0.6815712530824346
2744,0.8404291757446832
2745,0.6538730571821827
2746,0.6373747062706487
2747,0.687126873409636
2749,0.6800838216213092
2750,0.30069663798376317
2751,0.5826495359753998
2752,0.4878156836144083
2753,0.7731140796106734
2754,0.6418221497448386
2755,0.2861122281021154
2756,0.4946188258710794
2757,0.5397743028830512
2758,0.5752026329030787
2759,0.5418502637794155
2760,0.798749671036547
2761,0.7565766121892727
2762,0.6750520091080277
2763,0.645068755876368
2764,0.7874136502711465
2765,0.8301980925440067
2766,0.6052905495787828
2768,0.8087635972079856
2769,0.7541288685415971
2770,0.7209948497372786
2771,0.6382028515738116
2772,0.7393701339371787
2773,0.5312458914702969
2774,0.8292292322497159
2775,0.6428934822200267
2776,0.8141033993380502
2777,0.6972031824929839
2778,0.6759806209394867
2779,0.8467811377334404
2781,0.8668144138862515
2782,0.8506243436093809
2783,0.7562936850500169
2784,0.4239796586442017
2785,0.5834564028157323
2786,0.6917945050375935
2788,0.7720204509282563
2789,0.5413510008580932
2790,0.800888038958593
2791,0.6472846935411573
2792,0.7955163185552349
2793,0.8629404741447961
2794,0.7597276769309883
2795,0.655449109422811
2796,0.6321961245516373
2797,0.8197008736249584
2798,0.7689508889057731
2799,0.5222310296840937
2800,0.827160417521359
2801,0.7468132550799128
2802,0.7568820776635972
2803,0.7432750975181739
2804,0.652159626498556
2805,0.7944004847998668
2807,0.7212052655203225
2808,0.4770730253865808
2809,0.6869841264011074
2810,0.760819957704633
2811,0.5998165289495662
2812,0.7923747268485616
2813,0.814704628096213
2814,0.8239681236452668
2815,0.6763054178766074
2817,0.6681361624571059
2818,0.7494977648173049
2819,0.7122749887217864
2820,0.8404456822047204
2821,0.2719441484560444
2822,0.7995046888417804
2823,0.4995748431473837
2824,0.6431520999849574
2825,0.6007243862446363
2826,0.6409246956812602
2827,0.7457906637473806
2828,0.5333062061706898
2829,0.7684564392066148
2830,0.7362633402241336
2831,0.4803888259255581
2832,0.6785320297332033
2833,0.7468452743117503
2834,0.8880945332153124
2835,0.7686630949966791
2836,0.5659018097257081
2837,0.4846419394407344
2838,0.8423512855569905
2839,0.6688318997386309
2840,0.6523798794793982
2841,0.6447404845601952
2842,0.6119000689658848
2843,0.7141590420351419
2844,0.5050821732741164
2845,0.753836917717173
2846,0.6203016312882903
2847,0.7947622375279959
2848,0.839558333152222
2849,0.557901129122306
2850,0.6955788707435047
2851,0.7306608442647714
2852,0.7162673441635906
2853,0.8436509759396792
2854,0.8620635555447271
2855,0.8809154107279836
2856,0.5308625052789947
2857,0.7439231884776677
2858,0.8145652347468643
2859,0.829219767429697
2860,0.7463732666587861
2861,0.7666551942191456
2862,0.8154826612312328
2863,0.2243032434208524
2864,0.8044937264398877
2865,0.7180353396214579
2866,0.6124774529538277
2867,0.7505843063766926
2868,0.7396197138609373
2869,0.4333918454356892
2870,0.761101677687216
2871,0.7357677268987213
2872,0.7115294337339124
2873,0.7339647449741613
2874,0.8550016466475685
2875,0.5554415215487017
2876,0.7653659061452306
2877,0.7981852164359566
2879,0.8026987433565311
2880,0.5492495166260632
2881,0.7569063503635756
2882,0.8501246717048623
2883,0.319786222525064
2884,0.626055586561243
2885,0.48024252502142944
2886,0.8150298587416162
2887,0.77394208456316
2888,0.7931806685822296
2889,0.747911392695864
2890,0.8098283772586219
2891,0.8357677896098574
2892,0.6650963092191484
2893,0.7203445076717446
2894,0.8216425766826424
2895,0.6500950985806185
2896,0.7955355021284253
2897,0.811776161056135
2898,0.8198351587545969
2899,0.7716993204998565
2900,0.7558068909104428
2901,0.4697572266780584
2902,0.6398015224255336
2903,0.7424556421429521
2904,0.7211588230872068
2905,0.7875269340081373
2906,0.7818931275467862
2907,0.822624636736224
2908,0.7454917874955832
2909,0.86699493432853
2910,0.7741075429794754
2911,0.7197046180119766
2912,0.8625368210539222
2913,0.45745147893991295
2914,0.5657751712236976
2915,0.6897652256950523
2916,0.6225243809954699
2917,0.7424978613215885
2918,0.5804512216387724
2919,0.8313760881305978
2920,0.5960532333769514
2921,0.5550905238116891
2922,0.4375607639620503
2923,0.7819749994655949
2924,0.5325686420437363
2925,0.7073645094004776
2926,0.8200846278694598
2927,0.6389358437930109
2928,0.6290275793718672
2929,0.7303069303694745
2930,0.6024686791276811
2931,0.6329595584726502
2932,0.4547759221971212
2933,0.8747408564290049
2934,0.8110520803880334
2935,0.8173870615377257
2936,0.47300875113365465
2937,0.7725714071125386
2938,0.5440316648238268
2939,0.7106146007178965
2940,0.6279713757624475
2941,0.8283316828310314
2942,0.8158420412355447
2943,0.8121899329534752
2944,0.8248792930960408
2945,0.4242659822157783
2946,0.742491430801953
2947,0.8112547470022654
2948,0.8702157170072061
2949,0.7921146134735929
2950,0.6920687858307067
2951,0.6571060426390515
2952,0.6953214644461642
2953,0.834416957472886
2954,0.8539338347486256
2955,0.7938938465335934
2956,0.825930096387525
2957,0.839191291913098
2958,0.7734452211621807
2959,0.7961068513264735
2960,0.6706622174683947
2961,0.8228274752082475
2962,0.8194334116374254
2963,0.7152981300267196
2964,0.589057289866981
2965,0.8739479713954489
2966,0.7123406999461895
2967,0.8097078636344752
2968,0.8190338678872531
2969,0.588105623477987
2970,0.8430989721696087
2971,0.7541367433252162
2972,0.8461498098800176
2973,0.802025775364059
2974,0.6382545940359302
2975,0.8486565961520354
2976,0.6558581517084563
2977,0.8417128821282712
2979,0.7722287903175441
2980,0.781836561276842
2981,0.7200843810656149
2982,0.701901324310149
2983,0.6539382455344496
2984,0.8475452824814407
2985,0.7698429048599711
2986,0.7578283615134143
2987,0.5330670258292254
2988,0.8582236442364956
2989,0.7019167373887972
2990,0.7830487127525974
2991,0.6847678412371045
2992,0.8103721733923942
2993,0.7304885997746728
2994,0.8447309338711181
2995,0.7666028938807162
2996,0.8810069473172097
2997,0.7081624862106203
2998,0.8769236617436644
3000,0.7058604298234111
3001,0.8591793876256919
3002,0.8738806117693443
3004,0.8995051630129841
3005,0.645634336224404
3006,0.8802874029898328
3007,0.8712760746895574
3008,0.8822651373024676
3009,0.7845210360315487
3010,0.8578384058998758
3011,0.6759334796637809
3012,0.8012628713101522
3013,0.7654162450866437
3014,0.6929163562311653
3015,0.811614202939409
3016,0.826851535351795
3017,0.8313459305165156
3018,0.8698521035448704
3019,0.7635751322339842
3020,0.8129471826104214
3021,0.8466473736666388
3022,0.42212659255065843
3023,0.5559484898203632
3024,0.8501919466081848
3025,0.8209419391586661
3026,0.8888747710060206
3027,0.8570315222323542
3028,0.8698188064134305
3029,0.7766631652802776
3030,0.8095508123792954
3031,0.8686520355237551
3032,0.5187188425013856
3033,0.7481029570630455
3034,0.7423142380769429
3035,0.8289722808064831
3036,0.8483420391255246
3037,0.7254623363208696
3038,0.8258194925030956
3039,0.7922540585680437
3040,0.6751008112584438
3041,0.6369008571529053
3042,0.8110783862332142
3043,0.75255397700897
3044,0.705993178664663
3045,0.6720596706969129
3047,0.7619386813837952
3048,0.7845731658168644
3049,0.818800034743669
3051,0.8222418144429209
3052,0.5433922876504651
3053,0.7264379468123954
3054,0.8295430894004652
3055,0.776341584618446
3056,0.8093103982260268
3057,0.747065019245857
3058,0.7887970267801033
3059,0.732627623508157
3060,0.6845823789238081
3061,0.7994304958559326
3063,0.858603381200966
3064,0.7846177145812384
3065,0.8700817488966152
3066,0.6956534047298442
3067,0.841222784770596
3068,0.895289046694179
3069,0.8837428392554719
3070,0.8083620538010491
3071,0.75747243111075
3072,0.801202911532388
3073,0.7981526831245521
3074,0.8715419583347569
3075,0.7422117991183429
3076,0.7703498372755847
3077,0.46465208874359376
3078,0.8040775928674138
3079,0.8168954838120149
3080,0.37739303221044335
3081,0.7257448164863453
3082,0.8275781861202731
3083,0.8590486432332028
3084,0.8298173100186828
3085,0.8434848462870591
3086,0.47329904730496375
3087,0.5369411364108533
3088,0.7897837579842009
3089,0.4307111089429679
3090,0.4935023841044893
3091,0.7607309411391395
3093,0.734314149301758
3094,0.6647072209616925
3095,0.6827642739339368
3096,0.8600842783082124
3097,0.6909619759400644
3098,0.6209476693801227
3099,0.7860493801023238
3101,0.8256404004076131
3102,0.8318247247015774
3103,0.8150510699514701
3104,0.7617025067926093
3105,0.847866546407092
3106,0.6516187879361767
3107,0.8383604226692687
3108,0.7977483372040921
3109,0.7958444696390139
3110,0.7834935797270292
3111,0.4453794683118927
3112,0.827111677845272
3114,0.8153543302964851
3115,0.1977054909508379
3116,0.49111156355778923
3117,0.7079816229840669
3118,0.8120571298448158
3119,0.8436587368642122
3120,0.7551679924398951
3121,0.5724367504394042
3122,0.7104483372801721
3123,0.6507954394227096
3124,0.823846556065289
3125,0.7666990426004375
3126,0.642807187318312
3127,0.6425850703287833
3128,0.8137311574550246
3129,0.6716186529268652
3130,0.8054885240971834
3131,0.47859643850354805
3132,0.6929685834074187
3133,0.8775616169332677
3134,0.850613553665442
3135,0.772854850228414
3136,0.7359498230252508
3137,0.804729413047957
3139,0.8004455156889481
3140,0.7409591059356998
3141,0.8650647588101257
3142,0.8567233800893694
3143,0.7316513619455478
3144,0.7479375849530715
3145,0.7846233484548722
3146,0.40888506673546643
3147,0.7397178024721787
3148,0.8524071802575899
3149,0.5904995273881094
3150,0.8329606447414213
3151,0.8149491438902401
3152,0.7305870783126426
3153,0.7763674912221766
3155,0.6774765580782858
3156,0.8466903355072856
3157,0.8792297742610259
3158,0.8089728921219085
3159,0.8602059824665192
3160,0.8306698508032551
3161,0.9086322469960886
3162,0.7688370532393083
3163,0.7581706788035606
3164,0.6174167006377828
3165,0.5660250286443942
3166,0.5368329307275361
3168,0.7075648090822543
3169,0.5749887250917243
3170,0.8095541267277145
3171,0.827095317687599
3172,0.794054997220605
3173,0.5598878354811001
3174,0.7503474803822473
3175,0.5890570090273481
3176,0.5173130258146844
3177,0.8375897630581626
3179,0.8627596638598217
3180,0.7284775305083349
3181,0.8260502130365323
3182,0.9267865792829467
3183,0.31976009156891727
3184,0.6101370087812835
3185,0.43149611583841424
3186,0.4590472913744294
3187,0.6801962046295148
3188,0.5945099357181496
3189,0.893462545646248
3190,0.7534916880789685
3191,0.700191603107047
3192,0.5974811966440117
3193,0.8235529988811179
3194,0.7738007899931582
3195,0.8215292980215497
3196,0.8674941218816563
3197,0.7401261185121143
3198,0.8268584411064792
3199,0.7841893604434391
3200,0.7093227831201878
3201,0.8745225218089543
3202,0.8019261614138743
3203,0.4421331724655031
3205,0.8669167387154759
3206,0.8005926221871874
3207,0.6178229467232421
3208,0.8036932548892272
3209,0.777809642014001
3210,0.6960815157543596
3211,0.9032404188206706
3212,0.9117303559104484
3213,0.7762655579315523
3214,0.8404395595149465
3215,0.7026726340496442
3216,0.6871741042137065
3217,0.7957022353070355
3218,0.808813956083267
3219,0.821733773333674
3220,0.770128435564287
3221,0.872967059441472
3222,0.8840435607546369
3223,0.8295603401113362
3224,0.7675027010623777
3225,0.7399229343854097
3226,0.7235736545617921
3227,0.7892932857755036
3228,0.7374533940664747
3229,0.7725909750044004
3230,0.55602545760706
3231,0.7745798304322092
3232,0.7607200665342377
3233,0.513659983178655
3234,0.8848582556289797
3235,0.6731276920056177
3236,0.7651029774034692
3237,0.8471686807280046
3238,0.8829799524090902
3239,0.7844277671520382
3240,0.8608497584795284
3242,0.8576253265858628
3243,0.8913542519482778
3244,0.8218725057157115
3245,0.8029722572375516
3247,0.858663265808082
3248,0.882498050593041
3249,0.7948575217353989
3250,0.750562302518801
3251,0.8178978483109979
3252,0.7356927232685356
3253,0.7754925477122253
3254,0.7810774555358817
3255,0.7127674214449563
3256,0.8151596274166133
3257,0.8294199581505928
3258,0.7972533225567688
3259,0.7693921369037673
3260,0.8182880438397657
3261,0.8309624002671933
3262,0.8085575904834917
3263,0.4206882252527095
3264,0.9195739234961455
3265,0.8084758396864467
3266,0.8535462473185904
3267,0.8706792510293961
3268,0.8693891940898951
3269,0.643536761499288
3270,0.5034738776587758
3271,0.8455863240392376
3272,0.8145191701265719
3273,0.6947694919768063
3274,0.7655045723168573
3275,0.5948270506846384
3276,0.8321861790589176
3277,0.6414001881998926
3278,0.6718824780391967
3279,0.7608942353433975
3280,0.7059019391094413
3281,0.5015340537087432
3282,0.8077634386103361
3283,0.7862569541435047
3284,0.7714386543773583
3285,0.8001131475020141
3286,0.8271466469292394
3287,0.7810751203479523
3288,0.6832346532519219
3289,0.8806814840184559
3290,0.8734482175213036
3291,0.8480125931795383
3292,0.8939519907969328
3293,0.8113229310340921
3294,0.8296023464578689
3295,0.8425649690006382
3296,0.7411403929746471
3297,0.5447988656690067
3298,0.6715503378345345
3299,0.8882275624724193
3300,0.8984191954221031
3301,0.6960129952331677
3302,0.8749120678339667
3303,0.585833664919905
3304,0.8505816825992873
3305,0.8645063605966187
3306,0.7574138446185736
3307,0.5233765123406053
3308,0.6831203209077583
3309,0.8294046802966257
3310,0.8389294687775023
3311,0.8559072591546394
3312,0.7201481906062603
3313,0.8777071181820459
3314,0.6383424753786815
3315,0.7334026305322273
3316,0.8680271442707971
3317,0.8579647590080368
3318,0.7014918880585354
3319,0.852287320844181
3320,0.43975650088063933
3321,0.7109940961942323
3322,0.7721317507786558
3323,0.6838914787066425
3324,0.8558130078474178
3325,0.6920060209066942
3326,0.9220503806679374
3327,0.8642097864725168
3328,0.5368562707129876
3329,0.8798918431183962
3330,0.899465041040159
3331,0.853040794148033
3332,0.8651478813539344
3333,0.7776641196105046
3334,0.8285171122517555
3335,0.8551690248169714
3336,0.7510736024967775
3337,0.9218497845339139
3338,0.9109250165174892
3339,0.9058667820119789
3340,0.9179245569784683
3341,0.8300773373626317
3342,0.4395399061375492
3343,0.909271824874305
3344,0.8804138356678345
3345,0.8136862321480317
3346,0.7698562254827314
3347,0.8238768536390034
3348,0.5967731777746575
3349,0.8938745987226254
3350,0.8196156981059708
3351,0.8607343562685393
3353,0.8294500332071736
3355,0.8530090670708648
3356,0.7476254736960456
3357,0.8505297605160959
3358,0.8342540692632213
3359,0.7787970130106864
3361,0.8866919226645508
3362,0.9039362825294097
3363,0.8600506677579233
3364,0.7309771005809069
3365,0.8623092773245637
3366,0.9253766093154293
3368,0.7305559409894204
3369,0.34466366529736925
3370,0.706605647259348
3371,0.3743922492554249
3373,0.474457243564972
3374,0.8511103176277992
3375,0.8638776206184515
3376,0.8277273337531647
3377,0.8531308914434164
3378,0.7120192566443824
3379,0.7727917509217557
3380,0.592943404747607
3381,0.7858419850213196
3382,0.7783174089650068
3383,0.685636986036107
3384,0.8810468856518783
3385,0.826885470437563
3386,0.8674608798713271
3387,0.7765353550632462
3388,0.7650135538067416
3389,0.8144530754446356
3390,0.6114594029896278
3391,0.8040973976597302
3392,0.8799990333213252
3393,0.6098209834770656
3394,0.8824618634078571
3395,0.16084941368057964
3396,0.7525282419777568
3397,0.7118049065345606
3399,0.10310102907163923
3401,0.06144194035286053
3403,0.4304284845945363
3404,0.19296132254116286
3405,0.6190892928259113
3406,0.22558388383725125
3407,0.09326627418316204
3408,0.35426661520039304
