1,0.5439169887484122
2,0.3103347223208231
3,0.49179176515538064
4,0.38792897075622296
5,0.44538391629297536
6,0.42199100513581916
7,0.3434255974061692
8,0.1735952672529567
9,0.5030643316833113
10,0.4022012744359688
11,0.42782157236014695
12,0.3211408640194094
13,0.4339722229433643
14,0.373639951943389
15,0.3254140700431564
16,0.2865722501431847
17,0.3679455286965265
19,0.2886116023418243
20,0.37987000953339545
21,0.4492688379050779
22,0.35558025629563544
23,0.3745952200092704
24,0.38721704996122525
25,0.40109858574271895
26,0.316744961333582
28,0.37550760756557394
29,0.4022471524067757
30,0.4288627111784714
32,0.3478665988430323
34,0.46977007760603906
35,0.48348616071573264
36,0.4137319159836942
37,0.4723461089184885
38,0.45361366084402255
39,0.25198703903510544
40,0.4829441017573905
41,0.3822276232427422
42,0.4438351331359909
43,0.30456468654050656
44,0.4261086021734332
45,0.350918286605654
46,0.4832944404673735
47,0.4224746314643114
48,0.3950219904637914
49,0.45277191790044646
50,0.3774242574813625
51,0.342266973577562
54,0.49898008633170104
55,0.3441875958995417
56,0.21907084981350058
57,0.33439568068567727
58,0.5835566707303722
59,0.338079329797853
60,0.40934713365144054
61,0.5202416174029744
62,0.4876628103104927
63,0.301781021009475
64,0.32461824242854864
65,0.364308072587421
66,0.3570604689653209
67,0.35678485471767873
68,0.42645273340681333
69,0.43764459123685084
70,0.3240640111889589
72,0.4849719338123443
73,0.46286260486856406
74,0.3471146103044054
75,0.3450993590354457
76,0.3051100250869872
77,0.2755805478341212
78,0.45179350973833754
79,0.45969640268483736
80,0.3447825251050286
81,0.4805940670277219
82,0.25380099695862135
83,0.7472518362558173
84,0.3321087913567907
85,0.36947797405271077
86,0.3078076417483451
87,0.45186006891576297
88,0.32000136360043896
89,0.47515584548704776
90,0.4875805592743486
91,0.29005608984728276
92,0.3422497770403514
93,0.40289850520983267
94,0.30878374472401815
95,0.33724748516349834
96,0.36398699453627775
97,0.46097484747392503
98,0.25070762226264115
99,0.5545895065000964
100,0.43359449031206604
101,0.35998242881373316
102,0.3267130760948444
103,0.48205370214291443
104,0.5534070660580682
105,0.4070268071850878
106,0.28294491630963553
107,0.3533970451879718
108,0.29558882519731927
109,0.40119432432258195
110,0.32502508343163466
111,0.3632303179216943
112,0.29747141436415564
113,0.39006857235481096
114,0.32996165441708825
115,0.3919906216560757
116,0.4685144998104797
117,0.3784514795995685
118,0.33340294439682905
119,0.6093841041519732
120,0.3707760279676459
121,0.37263603010287166
122,0.35543474342283754
123,0.4973997000592555
124,0.332403339232764
125,0.4836711314559984
126,0.5105078559244699
127,0.3677883689863784
128,0.3287954311359652
129,0.43425659332488986
130,0.40284796653112226
131,0.49495836508834623
132,0.4709351681876349
133,0.4606686544455659
134,0.3487982683425483
136,0.46152450069962997
137,0.4751976843831463
138,0.5568407761896639
139,0.3364717823137673
141,0.4751887405784719
142,0.6037107777004097
143,0.35421706156103366
144,0.3859902704665512
146,0.3337622282261105
147,0.4895107765237492
148,0.2870424543963259
149,0.3749259359234607
150,0.3117637713875909
151,0.4452433812918416
152,0.37786700658524164
153,0.4220876525671938
154,0.42435589066890667
155,0.3577626428475815
156,0.5293808875812231
157,0.32162630332658737
158,0.44047214763482406
159,0.4139138766950533
160,0.347676336593984
161,0.3342797451802642
162,0.48077888348280107
163,0.35547528163010544
164,0.307180505656511
165,0.46004941943047617
166,0.4102163101508608
167,0.47093484717771045
168,0.46925228282210957
169,0.284989736130542
170,0.32696366238945285
172,0.2319282636404287
173,0.33227840143389215
174,0.34547538450165133
175,0.3769211575739962
176,0.23616210382589728
177,0.2918930233977687
178,0.31317410674585905
179,0.3322247014863464
180,0.3346854917807176
181,0.3267248572463216
182,0.47543325814099496
183,0.42310739650035556
186,0.36707138943444706
187,0.43475610885088795
188,0.4603571905982347
189,0.353532006651115
190,0.3349759462809422
191,0.4735978084212667
192,0.45320041065931826
194,0.4223260480311363
195,0.4952336860772668
196,0.5144063165956484
197,0.34516354383519465
198,0.37938464322806914
199,0.4157596012893763
200,0.5256825444699902
201,0.36719062799027835
202,0.3638004766184666
203,0.40880349418011364
205,0.2979756526931072
206,0.25254977326807715
207,0.48176810624841215
208,0.34613554384464135
209,0.4449741482572406
210,0.4672505447349665
211,0.5102495033848644
212,0.5052092754062121
213,0.4267822927211867
214,0.5084254558870096
215,0.33722997188166337
216,0.3276673025252821
217,0.373347928954178
218,0.4910294716383966
219,0.3423599823722574
220,0.41927178729352405
221,0.43487201788493596
222,0.3882861780704312
223,0.44304899430717615
224,0.4324902406321833
225,0.271895019099119
226,0.26294815415463063
227,0.39954826944742866
228,0.38156019434211413
229,0.4113041915719975
231,0.29896455865745847
232,0.3504287214655548
233,0.7717467895632348
234,0.383229180609829
235,0.5154742154439425
236,0.34880454112025816
237,0.4504309747122554
238,0.3347264258323697
239,0.3363493832363995
240,0.4413676111622654
241,0.41357300083669113
242,0.37402016624239215
243,0.43082022973429523
244,0.4111798501764408
245,0.46975551403580446
246,0.31236509531998724
247,0.41402681962834015
248,0.28011470117901555
249,0.33949882222065086
250,0.4042031806221809
251,0.7354197686473131
252,0.37512588099367755
253,0.5092686317851841
254,0.44264987379756054
255,0.38206552707010244
256,0.3293642001626643
257,0.3284216271431548
258,0.36704726878430766
259,0.4151972132732282
260,0.35786378249723366
261,0.364750080607986
262,0.4142987089495634
263,0.32828098100617786
264,0.39614600135149103
265,0.28342887706263004
266,0.4859676121086903
267,0.3337280140709522
268,0.3443910074839785
269,0.4037157944250281
270,0.2760442497222933
271,0.3828810605979412
272,0.4697614365557588
273,0.5007377713808143
274,0.26616704691133375
275,0.5632886742407356
276,0.4349665219403825
277,0.34796767657229244
278,0.41713132977923884
279,0.31584429550518545
280,0.3254515547234303
281,0.4795468556688728
282,0.3678671370000572
283,0.37040434381786835
284,0.46136495732423277
285,0.3978846969076291
286,0.4524115467554828
287,0.16676578834407357
288,0.3584651081946132
289,0.4743905353414098
290,0.4995410067832157
291,0.3198638364446942
292,0.4658409195536069
293,0.4394317489199504
294,0.2484860843146523
295,0.4944793839513019
296,0.3983716131298774
297,0.3237704352155547
298,0.5061942526691253
301,0.36721231102126983
302,0.4171384893833139
303,0.3374543820091448
304,0.3321885077849424
305,0.43907446786633414
306,0.4910380822274588
307,0.41651302870549173
308,0.47961877457091756
309,0.49355739211223926
311,0.4112012015835021
312,0.36912244959443635
313,0.4041810530163691
314,0.4338372530570987
316,0.3048359771298251
317,0.5265700982537922
318,0.37935051398020975
319,0.4808620432793529
320,0.33144471351178606
321,0.4151182656569758
324,0.2891545822001768
325,0.4365360062857081
326,0.4647273476271779
327,0.3595393669351204
328,0.2536426628772101
329,0.2840581794792999
330,0.3460779159218057
331,0.3816511738559468
332,0.18181602276721417
333,0.3501218398831841
334,0.5128220969496773
335,0.4154788436158975
336,0.4413698662404779
337,0.39057628257766264
338,0.3874835263620812
339,0.36965947186973774
340,0.419683392927519
341,0.38718749388841
342,0.40764697134370326
343,0.42748654504524625
344,0.41564516715143646
345,0.5012058800306124
346,0.30930657781531956
347,0.38931186232089215
348,0.4655641390541704
349,0.4421890409456975
350,0.36339835172856083
351,0.44686248959361896
352,0.40777300051294596
353,0.3999056822062632
354,0.3928864458618758
355,0.49998464584323404
356,0.4956316898754921
357,0.4772454836024672
358,0.3007029717823296
359,0.43205801928817034
360,0.3505974164051613
361,0.3549926159240601
362,0.4089680354053878
363,0.42959333539929645
364,0.4034165857499882
365,0.4596322662584304
366,0.33847427091214927
367,0.2864198107633565
368,0.495613447080824
369,0.31560564301079724
370,0.4184304533376039
371,0.395528765903049
372,0.34407644962052664
373,0.45969079067172924
374,0.43773615320494375
375,0.48485358476289986
376,0.44473677854981974
377,0.44462551197646955
378,0.3624432536685715
379,0.40584343167923864
380,0.4826158140521829
381,0.5769806882473908
382,0.3756395733364215
383,0.8807580399211331
384,0.3980552382342825
385,0.4440445606422859
386,0.5668319612115394
387,0.35393009854830093
389,0.32880892421631275
390,0.4166037129582853
391,0.3929529411318393
392,0.5279185525683832
393,0.34015489452360903
394,0.3675715615192366
395,0.5013663883935036
396,0.3672297860515325
397,0.3446333597265425
398,0.33562944441736686
399,0.3128036013429425
400,0.3418933496108677
401,0.3444783385919831
402,0.38240011672179997
403,0.49077905521253845
404,0.368646399683972
405,0.6012971427607241
406,0.39086804864685265
407,0.4531002537876061
408,0.4461765089684293
409,0.3333244252074842
410,0.3966374270934729
412,0.44377592181366154
413,0.4952527797996306
414,0.4096664301265479
415,0.37418212416344837
416,0.44563907322974095
417,0.33741724710813953
418,0.4424938009480221
419,0.38071217542857233
420,0.3712983946225717
421,0.38108200901762923
422,0.47063711344827075
423,0.5022301736003233
424,0.49093432379440094
425,0.2908373635243769
426,0.4498310972553596
427,0.3491705217965819
428,0.5243785845698613
429,0.2819703099777308
430,0.40521068686086453
431,0.4979452536991003
432,0.5011486918996891
433,0.4528407454386176
434,0.5149520295021732
435,0.5040597898554886
436,0.4780455937145269
437,0.3136369966893021
438,0.6112942441923662
439,0.3236140491787335
441,0.4396069660327871
442,0.46753433499321234
444,0.5013105416492195
445,0.33142369636546953
446,0.3681548444884777
447,0.41111257634875936
448,0.4944199217539385
449,0.4998123583849923
450,0.3298852995020949
451,0.3638957390599951
452,0.4320107051819182
453,0.3478736235707821
454,0.38762471830296136
455,0.4574155323947349
456,0.44087978086400736
457,0.4918477216131787
458,0.4535925869250536
459,0.4005610592455527
460,0.34934495737964455
461,0.39057470656771587
463,0.4031203345719936
464,0.3344167779931197
465,0.41583212326058483
466,0.6133705672523808
467,0.3852279973832285
468,0.5065337979116117
469,0.32662992350244013
470,0.3512048884637871
471,0.4430813739791005
472,0.2720258090711611
473,0.5012542392765268
474,0.4717464597053507
475,0.44829756277817906
476,0.4126161040508974
477,0.3980064184252088
478,0.43500862008724644
480,0.40723487697393845
481,0.43116429648384
482,0.4365515912715705
483,0.45734436629550745
484,0.34826438070464355
485,0.3738256838662306
486,0.4053126726847703
488,0.3186986875209259
489,0.42683363237745936
490,0.46248012072327854
491,0.36329577560481313
492,0.6220239036543123
493,0.4817998927844697
494,0.3936696111745102
495,0.43124250749679494
496,0.3423014451747811
497,0.3769545873118173
498,0.3739330805179491
499,0.2586553716627879
500,0.3931892248255199
501,0.3385727645198553
502,0.3076098670724245
503,0.4448994651882723
504,0.43359376538542277
505,0.5142481024327302
506,0.3437690280273347
507,0.34159298699469565
508,0.3818058496086123
509,0.3683670903315513
510,0.35871185962434254
511,0.5791282240683565
512,0.37074355229673117
513,0.34682477516420285
514,0.34884534159671954
515,0.42258392321138066
516,0.4327301153422204
517,0.3457401535088664
518,0.4355010971736827
519,0.3933922304056017
520,0.4083613151874915
521,0.48582771187809637
522,0.3295328704843069
523,0.4254407948189038
524,0.28525071625641074
525,0.44668839902110546
526,0.5088477437814317
527,0.4326980049833835
528,0.2870926370616727
529,0.5094466707690197
530,0.43515397144454054
531,0.44091074962037596
532,0.40923506889780803
533,0.5435614880035134
534,0.5395561353553832
535,0.4212861444823463
536,0.42408908016824076
537,0.3162420747362004
538,0.4041633717771081
540,0.38913563188406775
541,0.3896016986726429
542,0.5255183547940977
543,0.4348681992585112
544,0.7091645833908347
545,0.329617750675968
546,0.41900855627648703
547,0.516253998312617
548,0.42684401922834986
549,0.3249370299128307
550,0.5236409376135246
551,0.4447231115786475
553,0.4669791448199369
554,0.35178897426907824
555,0.4921153162076475
556,0.3302025694139225
557,0.502635378386403
558,0.32842356646639326
559,0.48227034313798456
560,0.3969902918515154
561,0.3745336898436134
562,0.4654800465481215
563,0.6373235851693312
564,0.34509652411303005
565,0.47220262319047746
566,0.4253078974269084
567,0.41081186784050644
568,0.6643271406241614
569,0.42278799044846077
570,0.48046818145668924
571,0.3903087247869065
572,0.40352612514066816
573,0.34150943635205194
574,0.4992055098178725
575,0.47443399138180375
576,0.3523589337986006
577,0.35078572714028267
578,0.34842951306734393
579,0.37152973111116755
580,0.39872329354361585
581,0.4379326430278597
582,0.4038268112707764
583,0.4834875738797678
584,0.3743842852267134
585,0.5225173063450596
586,0.3371358410971631
587,0.4287233276277431
588,0.409839628480418
589,0.6642187791399108
590,0.4392600080203534
591,0.3893202804020758
592,0.31422473732576583
593,0.4295242184012119
594,0.5123792065087145
595,0.11580552033190526
596,0.43968865103932264
597,0.345871844480135
598,0.3886708164440636
599,0.5772778581450478
600,0.48505686811617693
601,0.49271620102032937
602,0.3332157364827366
603,0.48987221163424377
604,0.4376021195829116
605,0.4453145664224573
607,0.25219463090453287
608,0.5003664777972993
609,0.5459885107427803
610,0.3434291270821711
611,0.5015986952321033
612,0.5145675707998251
614,0.4698334933946932
615,0.4687414158861368
616,0.41676652870046776
617,0.3952446997950869
618,0.32342594893317667
619,0.3403319349108405
620,0.4781045390698235
621,0.3303039191667472
623,0.34491986928597945
624,0.3519086158433195
625,0.42388892383488214
626,0.3413813508970091
627,0.23844039289251703
628,0.35045878977922507
629,0.38990830447875985
630,0.3826946879254998
631,0.4693964930350918
632,0.2884226794130697
633,0.4978032356050331
634,0.46391273642629277
635,0.4955959661304534
636,0.4364314905870111
637,0.4508380419822418
638,0.37580753068860234
639,0.43215897981903084
640,0.5061525269610091
641,0.5467004779184197
642,0.5833211562495348
644,0.6927512450791241
645,0.5084684095554682
646,0.40312227951387963
647,0.5465355671870061
648,0.37273479879865345
649,0.4355941513080736
650,0.46576692728744346
651,0.3914754364678371
652,0.4485971277796211
653,0.24439469631715469
654,0.45012709955037233
655,0.37261485336526107
656,0.32259841998733796
657,0.5095837378546919
658,0.522079488248741
659,0.5058639022509573
660,0.4260788619421211
661,0.500366884649432
662,0.45908608935919476
663,0.4104298487240615
664,0.37802601513676853
665,0.3464264873982728
666,0.509776192485986
667,0.3604606503034167
668,0.38585349450254935
669,0.27725323153962383
670,0.3861676131724792
671,0.4874333504095651
672,0.33948172384873654
673,0.44644431675291607
674,0.5041998089647075
675,0.5590231814792028
676,0.3473834034047468
678,0.7050623835090006
679,0.33486471948782437
680,0.36557718039586085
681,0.4186836344709311
682,0.33580479651114653
683,0.34303391616713874
684,0.3587068251459256
685,0.35532112582065495
686,0.3966629929972928
687,0.43172637784269075
688,0.5868740898038021
689,0.37807927033855565
690,0.4467431799393729
691,0.3265855766949794
692,0.3869215107449858
693,0.3570286684572511
694,0.353415415439835
695,0.5009813583070319
696,0.39548220398620937
697,0.6450733825741642
698,0.3492208965197896
699,0.39786901326163204
700,0.4430311224892639
701,0.4151640999497028
702,0.3545128501773307
703,0.5168364975342686
704,0.3659263390502695
705,0.32366293277874153
706,0.4330158291548554
707,0.39478400420369875
708,0.488879416190081
709,0.4110386825713524
710,0.44344294117259253
711,0.4254371048091693
712,0.44527311528921054
713,0.3220395451734469
714,0.33687418690827525
715,0.343753695578227
716,0.33381486011714756
717,0.41090004669702046
718,0.487167030795618
719,0.4487937083758387
720,0.32657951852547
721,0.46021581714253906
722,0.38873177199023573
723,0.32473253001652713
724,0.40523065060472985
725,0.42635640149485604
726,0.37201247885575867
727,0.40384526550108385
728,0.19198757622535223
729,0.33374552363520105
730,0.4376450043248883
731,0.46323254125836805
732,0.4655696615415621
733,0.4675778288091342
734,0.38827364777377293
735,0.4285216131202401
736,0.38875398991993765
737,0.5141955532271226
738,0.3926032493315998
739,0.35732485925886237
740,0.447999523958322
741,0.5915454253257005
742,0.40724531232176
744,0.345907449973609
745,0.4836073748814079
746,0.4248053277436791
747,0.44004523443185817
748,0.32097243750113774
749,0.3397767598997214
750,0.4484968535614763
751,0.5051823969702112
752,0.5370189356647767
753,0.29361714865894817
754,0.3752307781954961
755,0.36253612194774637
756,0.2923637734025776
757,0.681332461777424
758,0.47855127635195616
759,0.36523771230400837
761,0.4919453235650195
762,0.46751498415823367
763,0.5139121760536136
764,0.47744454788698126
767,0.33894091140549826
768,0.48094717040726775
769,0.40750109601395595
770,0.3919161463706952
771,0.2868077398951983
772,0.2762398537874343
773,0.6940679905923983
774,0.33791677103404916
775,0.4983489235242599
776,0.3143900095332053
777,0.6202704357368657
778,0.796917542751311
779,0.35035972998274884
780,0.4913770560862485
781,0.4446178341030864
782,0.4114489674059191
783,0.3694276928557292
784,0.3367515707529287
785,0.5033407403007238
787,0.391675368646819
788,0.40946183862706215
789,0.5175490512185527
790,0.3980461803298621
791,0.40217540171972743
792,0.24618221819602196
793,0.3512264268260431
794,0.32317633696443954
796,0.34703371830262136
797,0.47073471001660855
798,0.4260072491297677
800,0.3309736057208556
801,0.4545215568283601
802,0.3467110445243876
803,0.44524557561561756
804,0.311679666680022
805,0.2543079580047093
807,0.456499783355905
808,0.4787707025570271
809,0.550283318342026
810,0.6166630513639244
811,0.3662734551217749
812,0.3359156558946265
814,0.6841324754277552
815,0.36809462473608273
816,0.4016780887094092
817,0.4458749513343287
818,0.3960424451056087
820,0.4315481707346349
821,0.48585878022237533
822,0.4629074223717651
823,0.44233432615852253
824,0.358395502829467
825,0.458323455143557
826,0.330080120511207
827,0.48972648899928156
828,0.44035206401997545
829,0.359651545980796
830,0.3844410596566123
831,0.3550854785020361
832,0.3106379941267777
833,0.34094458564822194
834,0.40280026120899576
835,0.30050526951506723
836,0.4858387115565451
837,0.4463478600056068
838,0.4173113806134236
839,0.4384054594629288
842,0.36254567628402096
843,0.37820384628221837
844,0.50995137290968
845,0.4078906679932484
846,0.3700857080702604
847,0.435236963588569
848,0.34084840590012255
849,0.34920028165199685
850,0.39415092805341245
851,0.4859781820998683
852,0.3764041922711325
853,0.28536915287525705
854,0.44973081670415005
855,0.6206850455592148
856,0.5755723797291635
857,0.4808466785933623
858,0.7574872591969617
859,0.3378670926997957
860,0.36787240688844713
861,0.5035287285107277
862,0.5049198607009909
864,0.3298647822868653
865,0.45392669147333525
866,0.4556112856263415
867,0.32846138738734293
868,0.41715163057811694
869,0.4920372380449208
870,0.6199050341890534
871,0.547786611559837
873,0.35391595337141274
874,0.46925982959685014
875,0.2679262955831846
876,0.4618695813992966
877,0.5689757274660012
878,0.3502092623262086
879,0.42289705854774295
880,0.3690814739144334
881,0.39803739631865637
882,0.8291888927793863
883,0.3880143246949896
884,0.48530187713575734
885,0.367434054954326
886,0.6706036703113581
887,0.44939074471368634
888,0.724354534752832
889,0.41820583695528285
890,0.41403146124458234
891,0.3874532305383414
892,0.5125637404201207
893,0.3264333066425218
894,0.35274411898515534
895,0.565475139344254
896,0.5206049674286435
897,0.34776005401967186
898,0.47275374650875274
899,0.5029566294144014
900,0.4023377241440363
901,0.5525748868742627
902,0.40676942067675953
903,0.4999398417112867
904,0.5343875032281131
905,0.5465807837483523
906,0.34654224445545173
907,0.3651600197844247
908,0.40818107943602927
909,0.5079002834627242
910,0.346165089694418
911,0.4480949629689315
912,0.3985711308068843
913,0.4748563142884706
914,0.47871383923424193
915,0.4556826812021877
916,0.5372773762886379
917,0.5140946498463614
918,0.5042104554376637
919,0.5190149231752321
920,0.3229385831756303
921,0.515068805645349
922,0.47116020054194413
923,0.411193876227413
924,0.3347068498215744
925,0.4119414115736905
926,0.6214683566452134
927,0.35731630371102324
928,0.4552271432865817
929,0.5139737855995808
930,0.3387264102906826
931,0.4540045601884744
932,0.42251507482818995
933,0.4994453124174073
934,0.5119398985030174
935,0.2814631115047754
936,0.3697693521621281
937,0.6134275240741118
938,0.5212853238059114
939,0.40521182309603543
940,0.11360321141628811
941,0.36489194682555703
942,0.4075067074159592
943,0.4553426563484935
944,0.613883709251777
945,0.4725397499879486
946,0.5144648422953266
947,0.4419147743194595
948,0.41954908558144427
949,0.5615406939773533
950,0.3763818634860191
951,0.5017443776772248
952,0.48221140546709546
953,0.17339322924940828
954,0.4127519196322612
955,0.3433013102827784
956,0.3554766619552558
957,0.3907923998360707
958,0.40979798505711607
959,0.2704969755045201
960,0.5311679134517736
961,0.29991136403655627
962,0.39129274721888463
963,0.48613060415378334
964,0.4955620181956703
966,0.4542107595599134
967,0.34797105878764023
968,0.4033699761993439
969,0.33815997368593986
970,0.42036936862293817
971,0.4138274564660131
972,0.35444123293403945
973,0.3501550410490761
974,0.35255068137181883
975,0.4648284781973381
976,0.46977141280923496
978,0.42397750235704357
979,0.5715815664156424
980,0.6866649815149729
981,0.4002670845649563
982,0.5900038148364817
983,0.5864110325907593
984,0.5618707045997254
985,0.41207796612116115
986,0.5025442164737175
987,0.4395024922978713
988,0.36793342776029686
989,0.3003549971630829
990,0.36341764742572985
991,0.446053089338102
992,0.43017996509406525
993,0.3805989890060066
994,0.37398121724334515
995,0.46447638658517393
996,0.40712983635212663
997,0.4497721500039297
998,0.3606931317061867
999,0.4725832683294864
1000,0.5693038257976694
1001,0.3479542466809619
1003,0.39382460905531447
1004,0.43401967521171186
1005,0.44065511157411497
1006,0.47007692558024416
1007,0.414475001597019
1008,0.43942757740159094
1009,0.3912103381055634
1010,0.5074549600210833
1011,0.5707825024066273
1013,0.3529997641266367
1014,0.3826124139734419
1015,0.3492712399300108
1016,0.5047412979241187
1017,0.3191406007546797
1018,0.5651907260157
1019,0.5971249201165223
1020,0.4818144073752658
1021,0.3583917662397449
1022,0.44054236722295365
1023,0.4312635289942829
1024,0.4296852725445729
1025,0.3857450345474156
1026,0.3586839302072023
1027,0.4124047442801556
1028,0.4678565758115388
1029,0.3594447561959622
1030,0.4349897288758422
1031,0.621857887638012
1032,0.3822060099572142
1033,0.4941827708960206
1034,0.5102890828547698
1035,0.23511347460553944
1036,0.3494539592576665
1038,0.4474636316114868
1039,0.38028132863451053
1040,0.4823273072115745
1041,0.41741810375750554
1042,0.4723472726139906
1043,0.37846436368530056
1044,0.5073960098118397
1046,0.34511309221338904
1047,0.3590271036678842
1048,0.5165553446700321
1049,0.42232736933301146
1050,0.298398883130201
1051,0.3077730746304083
1052,0.2719120991758455
1053,0.49697714592658465
1054,0.32580781552964283
1055,0.6855607659244538
1056,0.16994543951544464
1057,0.3948113725248394
1059,0.3514285928474005
1060,0.3948016049578929
1061,0.613301549758833
1063,0.3775468334962173
1064,0.3877080124373326
1065,0.3536929149229867
1066,0.6096975781496645
1067,0.4803443963255931
1068,0.20780148548803265
1069,0.42283367545046874
1070,0.6234345599680864
1071,0.33942605725243785
1072,0.4095553642117562
1073,0.3277513608582042
1074,0.5194644795463836
1075,0.43440363605803395
1076,0.43923704248442647
1077,0.525972135848763
1078,0.3616105595247349
1079,0.4735923463792375
1080,0.4912727907494595
1081,0.36681736732998454
1082,0.3231617893008903
1083,0.26922451742915887
1084,0.482723789499884
1085,0.4203955659762457
1086,0.5073695905831531
1087,0.2389135207004153
1088,0.4114057986985241
1089,0.35855363948375507
1090,0.3703648388793447
1091,0.4119901706282378
1092,0.3869638119859257
1093,0.23545425865130432
1094,0.36699523764102265
1095,0.3638091594865886
1096,0.33226838617329363
1097,0.4051366521966419
1098,0.35904136856149976
1099,0.43656829217597926
1100,0.32712383481918367
1101,0.356512137128995
1102,0.3904016646199295
1104,0.33698749500055425
1105,0.3582973471893784
1108,0.7865429481521675
1109,0.34289650604350874
1110,0.4811166062864608
1111,0.7249297153535199
1112,0.4982045566920189
1113,0.5811794588971864
1114,0.3352913695478114
1115,0.4787783847249923
1116,0.5538137362614335
1117,0.3924194763540988
1118,0.6371731479133486
1119,0.6570736743337269
1120,0.39756588223100636
1121,0.37275315680880666
1122,0.3361891305387364
1123,0.4026761579462842
1124,0.4251220629631855
1125,0.5301744357620894
1126,0.5473069424837635
1127,0.4875623953330193
1128,0.37796804342180984
1129,0.48505283332213117
1130,0.3227779350396001
1131,0.3515498834331679
1132,0.5106414382304307
1133,0.3670411688330955
1134,0.4814669271383841
1135,0.5220407196310751
1136,0.5567884845516344
1137,0.34768080425192205
1138,0.6188732428894642
1139,0.3396330472649623
1140,0.3442682952516926
1141,0.5853142733904628
1142,0.3630591314461491
1143,0.45580908032267486
1144,0.3943592597745113
1145,0.6943370839619205
1146,0.48617486713837205
1147,0.6099193161833272
1148,0.5015287696412379
1149,0.3533098105610246
1150,0.5428255969498679
1151,0.5060211042978453
1152,0.42029163069718795
1153,0.4689571888910874
1154,0.5088556590355905
1155,0.3801787460789108
1156,0.5703416460211646
1157,0.5266373175201805
1158,0.4250107111768815
1159,0.37669193608707147
1160,0.4228786226251976
1161,0.6779735289519243
1162,0.43771064321079556
1163,0.40449705888818294
1164,0.3579012304694225
1165,0.5006562399512764
1166,0.6265984907831925
1167,0.6166204472877953
1168,0.44463306232880173
1169,0.40929742360970184
1170,0.4117554378361376
1171,0.46806597939178923
1172,0.501949812633166
1173,0.4333270769583341
1174,0.4202314048524289
1175,0.3219170781846216
1176,0.3020901137094572
1177,0.379627079231814
1178,0.6707838421627352
1179,0.49818416761194356
1180,0.5078639961497505
1181,0.26319346741240557
1183,0.39617295950739767
1184,0.5140943535192893
1185,0.42360788408440075
1186,0.2590013410364843
1187,0.5013280767995648
1188,0.4188172820891029
1189,0.4489470567642589
1190,0.3271073164878621
1191,0.486585233772568
1192,0.30500728453933146
1193,0.5461686447347563
1194,0.3543055389186066
1195,0.34092909537721094
1196,0.4822734715785112
1197,0.49231788318178554
1198,0.48483541686640835
1199,0.3609463708348688
1200,0.3964446604374497
1201,0.37314928813912374
1202,0.4309542560155907
1203,0.8022099235767753
1204,0.5004803292688499
1206,0.33444077238019254
1207,0.4393470382302402
1208,0.477840633357619
1209,0.33298657453624275
1210,0.3828480904045864
1211,0.40247321034371203
1212,0.5045268508862962
1213,0.49515139108524964
1215,0.2868710439520485
1216,0.4098994912046013
1217,0.3377864495253237
1218,0.37248778210042377
1219,0.4983833208608585
1220,0.4287394915012409
1221,0.47360257286604945
1222,0.3876256751951789
1223,0.5217919731432304
1224,0.4860402970797064
1225,0.40803052658952854
1226,0.3778562549526723
1228,0.5301466031448202
1229,0.42362574169725387
1230,0.3345286251358009
1231,0.6396882319747762
1232,0.3600077934879741
1233,0.38538708745322064
1234,0.5103679706539738
1235,0.40168622690047706
1237,0.5027046729628175
1238,0.5314320981458395
1239,0.3464236753971862
1240,0.44085455043459304
1241,0.41019900558941724
1242,0.3492817216222371
1243,0.5009912478358018
1244,0.37620122553036556
1245,0.49641380882801256
1246,0.33781534856993084
1247,0.4452262099469396
1248,0.5529740973749094
1249,0.5241634926289815
1250,0.7725131178237099
1251,0.5281339489750636
1252,0.4425358685052413
1253,0.382735948276593
1254,0.5073651552078461
1255,0.3863813687895132
1256,0.42594706844612545
1257,0.482893079008591
1258,0.7378117829442197
1259,0.4652765149583541
1260,0.5290565153736293
1261,0.34886622121202626
1262,0.4446576232324386
1263,0.49264102170685875
1264,0.4028187124565226
1265,0.4972394443101958
1266,0.34760011409006425
1267,0.3927760022286228
1268,0.3849463002005269
1269,0.46077296780487564
1270,0.4500098137188235
1271,0.5872389747188358
1272,0.3459519781795186
1273,0.4233461508646574
1274,0.5110253608419566
1275,0.5080901591762933
1276,0.5148856917539503
1277,0.6803163809509206
1278,0.4085543640175088
1279,0.48755889196393354
1280,0.37499337456195686
1281,0.4865262921770245
1282,0.39559159697373714
1283,0.49386269381515646
1284,0.45063700643672033
1285,0.45804801724899696
1286,0.3201977378841132
1287,0.47552800887252844
1288,0.4443911710229328
1289,0.37606822445987287
1290,0.39936115095743163
1291,0.42977847962064003
1292,0.3606131742695481
1294,0.512303408093981
1295,0.38635811009207127
1297,0.3637979882386926
1298,0.3387024823192629
1299,0.44361051257196926
1300,0.44555054371613556
1301,0.3971003535488493
1302,0.5005901546228528
1303,0.34108276546273436
1304,0.4521083073889002
1305,0.43843705798084226
1306,0.27243246429603185
1307,0.4320219147701648
1308,0.5182223945885349
1309,0.45008317530841435
1310,0.3761280164862737
1311,0.4274944246997566
1312,0.3398326851589844
1313,0.5799891378406508
1314,0.34278258033477016
1315,0.3848555076824673
1317,0.48420498996184813
1318,0.5659058507780458
1319,0.7352691704274191
1320,0.40740192148853094
1322,0.40764600258094746
1323,0.3455874624452266
1324,0.45699917564164033
1325,0.4190219142014284
1326,0.4950130971582311
1327,0.3571903722153593
1328,0.33375040560802716
1329,0.3463942121024686
1330,0.3647636337080938
1332,0.3599485116111535
1333,0.5134770947229063
1334,0.5088095192252462
1335,0.47641904116321404
1336,0.4127171487526558
1338,0.5556280889351342
1339,0.3112674935489934
1340,0.3133435670652341
1341,0.22401903837057804
1342,0.3896156921604639
1343,0.7240424146459155
1344,0.6127548610623514
1345,0.5156308460074708
1346,0.3395724719217308
1347,0.3613535084308295
1348,0.5393928867775079
1349,0.3925117855808554
1350,0.42613881161044664
1351,0.3784610534692231
1352,0.36171212091833066
1353,0.4907190532377076
1354,0.48252854967887343
1355,0.5141236599198732
1356,0.20235549090704347
1357,0.3576923891073311
1358,0.38687895382465826
1359,0.42505560462817815
1360,0.3445267375152702
1361,0.4634068235248594
1362,0.7319245995511516
1363,0.3337120178789631
1364,0.3088403661541022
1365,0.5319497363839916
1366,0.3681685699785926
1367,0.48709489257834476
1368,0.750963718273316
1369,0.41304981341143887
1370,0.3493441982618925
1371,0.6509666545505082
1372,0.5100544307800613
1373,0.4890613701111944
1374,0.5108598508965256
1375,0.4213471272576633
1376,0.46396042627474987
1377,0.4009766534391241
1378,0.4045365752330388
1379,0.29954651793483283
1380,0.5335229950813706
1381,0.40418305149113215
1382,0.4232212516289322
1383,0.45884091077623695
1384,0.40000095235383054
1385,0.39187347972603787
1386,0.3673643245953382
1387,0.6360318137374428
1388,0.41170625185421494
1389,0.4063611993262856
1390,0.37660997006309754
1391,0.33809654681357487
1393,0.4581562455464223
1394,0.538442459475706
1395,0.49027317661226505
1397,0.4641900158374536
1398,0.3168761419251095
1399,0.43867892771186223
1400,0.5477206392717048
1401,0.5099161495507876
1402,0.4069145595047166
1403,0.40519896245250264
1404,0.49953313510086333
1405,0.5518452014862905
1406,0.3446671980782883
1407,0.4089700666422255
1408,0.4760289366831259
1409,0.4565076332629198
1410,0.40994333009204287
1411,0.3448183807313212
1412,0.4550408251567885
1413,0.6152022620405148
1414,0.42016209535573945
1416,0.4958322478833434
1417,0.4082194172919313
1418,0.6624374313019672
1419,0.37717021146807617
1420,0.38644299764799983
1421,0.7645606111103473
1422,0.37161620415382607
1423,0.47262078663389634
1424,0.32700351923618404
1425,0.41921667682196195
1426,0.5490622361515721
1428,0.4813105700723926
1429,0.25466435886307565
1430,0.34574653708026454
1431,0.42094128266743946
1432,0.4346539531410108
1433,0.32059280264635975
1434,0.5841507950972383
1435,0.2996536513334186
1436,0.4521150951647229
1437,0.6644351447842238
1438,0.4655154425201004
1439,0.5212914487068793
1440,0.3664176404265474
1441,0.34969386265023833
1442,0.4323427628253882
1444,0.5098737722821279
1445,0.5798590281985134
1446,0.4653861121053752
1447,0.6330743424867797
1448,0.33432680616825694
1449,0.5050492369684957
1450,0.3917371404637749
1451,0.4304435886067217
1452,0.617553814466693
1453,0.3707015407770151
1454,0.5453394471368449
1455,0.38584329786076127
1456,0.7184303708578402
1457,0.43354777929229904
1458,0.3916921109516473
1459,0.3976955167691516
1460,0.7015542580053857
1461,0.3639468028214317
1462,0.4226667323899253
1463,0.6675735136892716
1464,0.4873785775133942
1465,0.5979049504028285
1466,0.4256645676332234
1467,0.5176632064330582
1468,0.4577598174402151
1469,0.4795910373370096
1470,0.6560811687855302
1471,0.4044030416594331
1472,0.5566641308784946
1473,0.6786169264778678
1474,0.35452001901644076
1475,0.42719969393413487
1476,0.4098618414299923
1477,0.6635474125169535
1478,0.3582888746531718
1479,0.5233565332495114
1480,0.45486108373603173
1481,0.4202114358915335
1482,0.35765863888684585
1483,0.4637813006643615
1484,0.46022717733507607
1485,0.5656092717803589
1486,0.39963438378449667
1487,0.5371718619124654
1488,0.3874994099866288
1490,0.36785470854965036
1491,0.4946909191606207
1492,0.4592031313508625
1493,0.35817909821058774
1494,0.4050630117870826
1496,0.6166742658616382
1497,0.7742895050728233
1498,0.3517208942737043
1499,0.35746786902988575
1500,0.568867390314092
1501,0.6697833323525914
1504,0.4271417279604157
1505,0.3366511356364085
1506,0.4479023154024346
1507,0.3462503093392566
1508,0.33827694412083764
1509,0.3900732773413254
1510,0.48314793204560186
1511,0.41292694578212624
1512,0.5112894043209523
1513,0.5052643517896646
1514,0.34218742459959794
1515,0.4888990959594875
1516,0.3594294430072919
1517,0.3573576734552832
1518,0.4196464200773247
1519,0.2982480619502681
1520,0.3981907581500665
1521,0.36436499453463655
1522,0.5314995907348851
1523,0.5422564990935139
1524,0.2862357919142291
1525,0.37109704429301565
1526,0.4847622812267589
1527,0.23466894183444192
1528,0.5622361786485897
1529,0.5929274354815712
1530,0.5845755847782066
1531,0.447233981528705
1532,0.4577845961765931
1533,0.5695129974171049
1534,0.4674424572741844
1535,0.3912979333117066
1536,0.5274391219562498
1537,0.5184013234104099
1538,0.31721337512179426
1539,0.3881684351839111
1540,0.3633672380643398
1541,0.39597789938335876
1542,0.5465863641817407
1543,0.47225656608836186
1544,0.37147320582051946
1545,0.44078193815732136
1546,0.41386609386535567
1547,0.3042381778715398
1548,0.3894140803701863
1549,0.49676776900071534
1550,0.35459810043807644
1551,0.5116450421481936
1552,0.35790385781787526
1553,0.3776396238385666
1554,0.5845764954727461
1555,0.5587810378774224
1556,0.65024364766133
1557,0.42832998632061225
1558,0.4920140893759883
1559,0.4153411443238045
1560,0.5318703820857104
1561,0.473182156625001
1562,0.47169828490027843
1563,0.3643378807757182
1564,0.5226394225108288
1565,0.44159637918059114
1566,0.24177045715210538
1568,0.41807316803472516
1569,0.4922812824911971
1570,0.424567624399445
1571,0.4652641521995876
1572,0.748405348163702
1573,0.614432878838304
1574,0.42725776536023946
1575,0.3882027788444884
1576,0.4192565624557799
1577,0.6709567250648303
1578,0.531265840498363
1579,0.4090368347619238
1580,0.6120736694506957
1582,0.6928773741810837
1583,0.4160840413532696
1584,0.693616777907463
1585,0.4597834641736412
1586,0.5973914820302696
1587,0.3779499743814949
1588,0.6044943347612468
1589,0.5394023497341811
1590,0.3597091972064871
1591,0.5986964817984106
1592,0.3429197713446528
1593,0.35301926463908856
1594,0.7660152260180493
1595,0.6061694454590512
1596,0.5296143745621288
1597,0.3667301125744171
1598,0.32455009766254983
1599,0.4572108943527456
1600,0.36613797304835727
1602,0.49594654557380025
1603,0.334288419591239
1604,0.4760032395463052
1605,0.7628727846682343
1606,0.4263898558258239
1607,0.297495263436695
1608,0.6577486379384027
1609,0.4123438369937529
1610,0.6395388526991392
1611,0.5750445945022326
1613,0.5321818613215084
1616,0.6651836863783386
1618,0.7485203216197035
1619,0.6320783922174721
1620,0.7179127611217949
1621,0.5057711101182392
1622,0.41550499325997503
1623,0.4737432835749225
1624,0.4756529200631304
1625,0.4067124334816165
1626,0.4475275405089804
1627,0.3368628544826055
1628,0.5286003947483714
1629,0.46761943626363317
1630,0.505395414790878
1631,0.49244460001749807
1632,0.551365869609371
1633,0.6910705213044459
1634,0.5107510412091691
1635,0.3734306594310467
1636,0.6619596010309998
1637,0.4130179161296937
1638,0.4818186790484211
1639,0.4545193308531426
1640,0.37588717802933413
1641,0.5309277303604427
1642,0.5724726408619341
1643,0.5392330560014331
1644,0.43850793439447633
1645,0.37974292914860086
1646,0.4410612828157711
1647,0.4726387560089241
1648,0.2382521535295652
1649,0.4620290234158032
1650,0.47581441598640056
1651,0.38848045812316684
1653,0.5344171780725515
1655,0.2693731812597641
1656,0.49069041305466743
1657,0.4890402334579671
1658,0.38696047492472463
1659,0.4600074410216923
1660,0.34326390232324316
1661,0.5233250250605491
1662,0.3669669649048936
1663,0.5793675679469914
1664,0.47373648405102864
1665,0.48301776358388065
1666,0.43732921086855236
1667,0.3681537058475806
1668,0.3405524844540632
1669,0.33700749697122406
1670,0.5354156034122507
1672,0.3981626727907194
1673,0.48363569624818575
1674,0.41182807681204836
1675,0.6434239898733828
1676,0.3851205070401723
1677,0.33693772629316576
1678,0.5172524237441234
1679,0.3694403231854674
1680,0.4636480399917645
1681,0.3821939327385488
1682,0.3341657941173545
1683,0.4640019756238689
1684,0.26587268472907405
1685,0.5252189652312991
1686,0.383972452198974
1687,0.6660469673704186
1688,0.44490140902777864
1689,0.42992405687748425
1691,0.49190670908860223
1692,0.4687285156876993
1693,0.32714368865718274
1694,0.640782825202734
1695,0.45431974048860496
1696,0.5136123707325514
1697,0.3960692167587163
1698,0.4959209410038631
1699,0.5036031233248969
1700,0.34477935236711515
1701,0.5019998956318605
1702,0.4697821252410849
1703,0.5871199902191264
1704,0.5784633318982506
1705,0.2932852099175285
1706,0.4302609788508098
1707,0.31699569928160287
1708,0.3484078669445308
1709,0.3322236928069116
1710,0.4163966773943837
1711,0.3433005483642958
1712,0.48190855640057234
1713,0.48210469707431447
1714,0.5471067895402884
1715,0.3827393553600175
1716,0.33921064680492696
1717,0.3519876367629323
1718,0.47851426647964734
1719,0.4646319982561291
1720,0.34059017971217415
1721,0.412088682535922
1722,0.5804956076376757
1723,0.5668162933240442
1724,0.3800911032128152
1725,0.5213685035465604
1727,0.5235780179471214
1728,0.45741353508692023
1729,0.43041642628131516
1730,0.5205238102485469
1731,0.34380911604170616
1732,0.5191638388707163
1733,0.5010661701517176
1734,0.5508607716431106
1735,0.41852078533245357
1736,0.4220470864762535
1737,0.7060228420043347
1738,0.38626585000351726
1740,0.6686890475077913
1741,0.34341157351325174
1742,0.3379033281288824
1743,0.5550733120479278
1744,0.3709143215285485
1745,0.547110103794115
1746,0.4846215379341766
1747,0.5045645734870341
1749,0.6062320278787876
1750,0.5082079635342868
1751,0.45078964903469343
1752,0.42624799826803544
1753,0.5137331047857427
1754,0.4533072970518111
1755,0.4391147194550849
1756,0.3500626104887217
1757,0.4171679953747028
1758,0.6254673853311026
1759,0.3999596434636149
1760,0.5500883595300193
1761,0.7100365840958297
1762,0.345727135206603
1763,0.8728195208592073
1764,0.3143154122493132
1765,0.23770968073046045
1766,0.4029424258922938
1767,0.6611707170884712
1768,0.490509342350311
1769,0.4480272528830781
1770,0.5178028768159202
1771,0.6409822206702855
1772,0.4578516898952455
1773,0.38203755939248313
1774,0.4681801855722894
1775,0.44798951403841536
1776,0.452183779344217
1777,0.4366720325565812
1778,0.6162744023074052
1779,0.42673604394152403
1780,0.48228843167714874
1782,0.40963551726399205
1783,0.5220419988343107
1784,0.4469739872271635
1785,0.4133004111859517
1786,0.7144905901077425
1788,0.47183143222882595
1789,0.39584137004063863
1790,0.36317044722389547
1791,0.5016900228049143
1792,0.5159969329091705
1793,0.3648083195494976
1794,0.426497195057616
1795,0.4650113194783732
1796,0.37426615937159
1797,0.5376331600003545
1798,0.6822022883743256
1799,0.4325706079573775
1800,0.45023894101487977
1801,0.46011032298894916
1802,0.7046214256559558
1803,0.5501246228114228
1804,0.3679770177766933
1805,0.31604113376746007
1806,0.36401838922587143
1807,0.3380362695373485
1808,0.5506612951803568
1809,0.6009045233219852
1810,0.3391039332970411
1811,0.3864114637718304
1812,0.3907746861140901
1814,0.373460002264594
1815,0.33106668334199385
1816,0.32720321937317165
1817,0.5384709468617994
1818,0.41221832835382116
1819,0.4128757104958031
1820,0.3291214519081542
1821,0.4710633610058118
1822,0.3302980516639778
1823,0.35654290941911876
1824,0.5395841306557961
1825,0.4941883358300563
1826,0.8207562808494752
1827,0.4355027910495707
1828,0.41418238973978727
1829,0.43569420467748604
1830,0.4829055546447908
1831,0.7859343355476439
1832,0.3565070570372446
1833,0.529765218750114
1834,0.3241931496807988
1835,0.4182437554982448
1836,0.33832378239494443
1837,0.510702845803787
1838,0.38227078200529807
1839,0.313780744542072
1840,0.450299738825382
1841,0.4082840185440722
1842,0.4911046139945466
1843,0.30270243230844485
1844,0.46013836924530055
1845,0.7155130547406936
1846,0.46617913682724726
1847,0.5345616291027567
1848,0.33500463944098896
1849,0.3085992054156581
1850,0.3751316113399197
1851,0.3457204296620991
1852,0.5540193301304537
1853,0.23047520857663897
1854,0.7634103236792636
1855,0.327494239230259
1856,0.6309274584313609
1857,0.45988037232112217
1858,0.3646450859005037
1859,0.26471352906702544
1860,0.34817075550691207
1861,0.3410503162304983
1862,0.3414780487913378
1863,0.4731159540421754
1864,0.33964155950515695
1865,0.6503617980489953
1866,0.46977824355814213
1868,0.3096172033824998
1869,0.5667450923549319
1870,0.698614443502848
1871,0.34789310395563966
1872,0.4614458245509076
1873,0.4704375319899965
1874,0.543433930355566
1875,0.8240883804448398
1876,0.716363106101008
1877,0.5430811879010163
1878,0.33542414394645076
1879,0.4158917235766856
1880,0.6166641442381686
1881,0.4898623629371566
1882,0.4013348991926394
1883,0.5306727470131123
1884,0.5085774667702506
1885,0.5117008448899678
1886,0.5558875357047977
1887,0.458753119872634
1888,0.5248753790437367
1889,0.39819048636012233
1890,0.5048658586285862
1891,0.5803766037646466
1892,0.44773464876721425
1893,0.6490888238313673
1894,0.4787129672399863
1895,0.3917284636731401
1896,0.3466258877962493
1897,0.5316671113870918
1898,0.3208387988867486
1899,0.4129722766961671
1900,0.33833275922475836
1901,0.5749441333579195
1902,0.4355881353778095
1903,0.34229612696739825
1904,0.5368740686813588
1905,0.34468441849836323
1906,0.2241289283119526
1907,0.33192171998465997
1908,0.4895986633862594
1909,0.5903606088938486
1910,0.41596628387728024
1911,0.33216082843440053
1912,0.5859115535753046
1913,0.32825719398176023
1914,0.5903615873778321
1915,0.5623893328376526
1916,0.46303217045583994
1918,0.5664143478269684
1919,0.34867953692679027
1920,0.407984324244469
1921,0.5180686112091089
1922,0.4430238424688056
1924,0.38445434188451394
1925,0.35679828202169117
1926,0.43645459008786336
1927,0.5139850646454217
1928,0.4360244740889663
1929,0.39198367131551204
1930,0.34601000703613866
1931,0.5482707024002976
1932,0.39054296214881873
1933,0.5018420826208465
1934,0.3889552470246896
1935,0.47463162512925455
1936,0.47172417731573507
1937,0.4646779831057085
1938,0.396279488550511
1939,0.4362203042700261
1940,0.3791066989566358
1941,0.43202661913861956
1942,0.3890684820053172
1943,0.4885139542232178
1944,0.5134382880157295
1945,0.6490672908482186
1946,0.8252744892716348
1947,0.313418054522555
1948,0.6435626012863375
1950,0.7292664716563771
1951,0.4303938994250032
1952,0.5303321598479617
1953,0.5000325916408368
1954,0.303894112933646
1955,0.5780024391082536
1956,0.45376473856476174
1957,0.3721066529022716
1959,0.4551859019110756
1960,0.49266352470689706
1961,0.506779018733615
1962,0.6037747095192794
1963,0.34160876674423163
1964,0.4815613191830044
1965,0.5086909416944386
1966,0.5877238920160923
1967,0.45369307568158074
1968,0.33585088975006966
1969,0.35246853648554516
1970,0.4447874776626256
1971,0.42172541899514904
1972,0.7246244638526211
1973,0.4746542804550954
1974,0.6523877547306945
1975,0.33891485745932154
1976,0.3569928900376319
1977,0.45488062022546355
1978,0.6737649945826645
1979,0.4259759873864097
1980,0.44401444771318654
1981,0.3505365748034177
1982,0.46567057889401253
1983,0.7323745805620158
1984,0.7348547555000873
1985,0.45955793322376043
1986,0.5329724920190247
1987,0.6610890668664633
1988,0.6683761622805954
1989,0.5137457087572991
1990,0.37923682467199327
1991,0.37091778126511593
1992,0.45660673344782965
1993,0.49780156266220627
1994,0.5955959893523114
1995,0.6504276762829679
1997,0.5409422881733219
1998,0.5277801383873726
1999,0.42936840464357434
2001,0.47027212809605934
2002,0.4437294534645822
2003,0.342711374988348
2004,0.4928158131599433
2005,0.4898643221900412
2006,0.48117019545189527
2007,0.485177073824238
2008,0.7322859793244885
2009,0.3431095736342343
2010,0.50208309010986
2011,0.426439769729245
2013,0.4549779086462722
2014,0.47251552252839624
2015,0.4917647773383134
2016,0.5462192640928746
2017,0.5213483200146093
2018,0.40591795668173325
2019,0.4654058332259401
2020,0.3732401716790954
2021,0.3840646894823828
2022,0.4842554410397804
2024,0.3974529039024288
2025,0.5125323064727756
2027,0.5274217495151077
2028,0.4325493690991968
2030,0.32990314788501546
2031,0.556720430617766
2032,0.5119260612271217
2033,0.43084321496833705
2034,0.46788068637214797
2035,0.4184053803985434
2036,0.4787692162126201
2037,0.7396271160827359
2038,0.45738659655324926
2039,0.4216265565919543
2040,0.5732013456992947
2041,0.38763349798186647
2042,0.35765031141145487
2043,0.46049207332688147
2044,0.36218816319897723
2045,0.7409565319636414
2046,0.36100261905883096
2047,0.7192880493296896
2048,0.36609797489746815
2049,0.44452768030249523
2050,0.3650191253824233
2051,0.511404410810751
2052,0.6019794974020302
2053,0.3454837282011974
2054,0.6955637080929685
2055,0.38359893971224407
2056,0.49861783733029297
2057,0.4593542942503503
2058,0.4916974674941659
2059,0.42516656808043823
2060,0.4039949889781916
2061,0.47156634701347516
2062,0.272906305667597
2063,0.5929118743932272
2064,0.3594304507738568
2065,0.3513348177443516
2066,0.44881014849355116
2067,0.3072839407887518
2068,0.5057538042478738
2069,0.4502977927743357
2070,0.6322533752472165
2071,0.567002500511241
2072,0.5073536465601346
2073,0.4945674227649398
2075,0.5985552923293909
2076,0.35981172256389826
2077,0.37401004359752155
2078,0.42399291727910393
2079,0.3514210187535534
2080,0.3730453158435473
2081,0.4312717689820611
2082,0.8395583336482165
2083,0.4904407611333415
2084,0.4489615191954105
2085,0.3729584534974694
2086,0.5745099382367556
2087,0.5769090376556791
2089,0.5230143612731234
2090,0.33721988592268565
2091,0.625218248052026
2092,0.5114444376322992
2093,0.3933111421307967
2094,0.3425134581977196
2095,0.47502386429083254
2096,0.6589183285701594
2097,0.39721490300798934
2098,0.587603311003922
2100,0.5381410293032324
2101,0.4594690426014701
2102,0.40866386654285464
2103,0.4071882817301031
2104,0.7539527173602308
2106,0.5177374652675333
2107,0.5169488288816718
2108,0.6262848156655291
2109,0.8746198791521255
2110,0.28704598145208154
2111,0.592621902802222
2112,0.44390826160332425
2113,0.6810839381631577
2114,0.351752999262741
2115,0.43032448463493844
2116,0.66998951621546
2117,0.5676500354774608
2118,0.4668582018519692
2119,0.7037033694168314
2120,0.4943942906023709
2121,0.7326601420092661
2122,0.45715653694436525
2123,0.47524193001573845
2124,0.4840871680799071
2125,0.5309876147738563
2126,0.43176602112830936
2127,0.5832912477023493
2128,0.4302326254728217
2129,0.653393472043292
2130,0.3356721357881731
2131,0.4815301221742933
2132,0.3461072947765451
2133,0.6214484666829044
2134,0.4885749867752091
2135,0.4187370011644511
2136,0.6179455808448245
2137,0.40709974920760317
2138,0.47035280416861147
2139,0.5680233593205903
2140,0.4069240300417251
2141,0.4580750016560107
2142,0.3627112470857318
2143,0.37747693752922457
2144,0.638602786636335
2145,0.4823200391121727
2146,0.5624717212014178
2147,0.26885392155720816
2148,0.41730944313675417
2149,0.3761916820514469
2150,0.5306892608241279
2151,0.7413503166768349
2152,0.6302595506377885
2153,0.4189096171008246
2154,0.47522373955461505
2155,0.3593937877640811
2156,0.6072009862639358
2157,0.3801246451696753
2158,0.466612941159789
2159,0.7287911628976191
2160,0.3421252199020442
2161,0.8368275857292057
2162,0.5141717213130855
2163,0.47732900287410124
2164,0.38499434280026423
2165,0.342131798091131
2166,0.7112246754658567
2167,0.5728439656214029
2168,0.6240153336524857
2169,0.5526370260794188
2170,0.4227925094288278
2171,0.37795931417229023
2172,0.49613881602176796
2173,0.5826837697531105
2174,0.5809168929929669
2175,0.5549308664072777
2176,0.4082493742727715
2177,0.4903018073353115
2178,0.551416363325267
2179,0.5259961712231196
2180,0.43057180910644177
2181,0.32401330880806595
2182,0.3609204247965201
2183,0.3410667355384464
2184,0.4149875055346626
2185,0.34594782541291946
2186,0.4198743153313919
2187,0.3106926746467116
2188,0.34270026333798526
2189,0.6481957815442132
2190,0.26302873015855327
2191,0.6039902375418119
2192,0.7041950641632748
2193,0.43472851334475204
2194,0.250930562784972
2195,0.33257449522516513
2196,0.4354366850928035
2197,0.4437244292683339
2198,0.5244467393311548
2199,0.5186786731615591
2200,0.658653305864745
2201,0.1186670163453719
2202,0.42439258164764115
2203,0.38779143869339966
2204,0.7924443880094011
2205,0.38785597140958433
2206,0.5139126285385417
2207,0.6261030953527121
2208,0.3677497407293514
2209,0.40958393819748884
2210,0.3848604874237629
2211,0.48075867219123664
2212,0.5942520931544031
2213,0.4082344429013923
2214,0.5076360910328666
2215,0.5516958810285009
2216,0.44875058322886985
2217,0.41773624987464364
2218,0.6184301287204338
2219,0.5246989863305992
2220,0.6339167945411079
2221,0.3726919841041709
2223,0.5160166309634077
2224,0.3782709045593398
2225,0.7696291028350591
2226,0.4521269729766137
2227,0.3039402715047581
2228,0.4005226845540956
2229,0.46374914346440044
2230,0.3469939649006873
2231,0.4806942212695829
2232,0.3292806723170541
2233,0.584773674772972
2234,0.632316050163411
2235,0.3705764146926019
2236,0.39856558543153225
2238,0.5483355944417097
2239,0.674339343788733
2240,0.5361815734985932
2241,0.3674241284682071
2242,0.5716543227922465
2243,0.3703097281529992
2244,0.4001587521309068
2245,0.494601576915363
2246,0.5169012192631952
2247,0.5547437855286588
2248,0.5284469145164877
2249,0.3537976577416697
2250,0.4030818590573276
2251,0.47224980416831547
2252,0.31959118466751296
2253,0.6733295685892582
2254,0.473187419865208
2255,0.6418532598498277
2256,0.3676374355101296
2257,0.759400917362503
2258,0.5607311261199905
2259,0.7611431225092681
2260,0.645573887195143
2261,0.6582802226770891
2262,0.36987035304770677
2263,0.4836748968355786
2264,0.6694062426577836
2265,0.401761117858002
2266,0.41124668850321205
2267,0.3511053074492699
2268,0.43636799126147885
2269,0.5029589301388971
2270,0.48295712262655777
2271,0.35862373758284743
2272,0.5073092012451323
2273,0.37210762233535855
2274,0.49935400617648346
2275,0.5073812130550894
2276,0.4664039995178085
2277,0.5704874900794263
2278,0.6580528901776342
2279,0.5141352944263567
2280,0.5040626103591821
2281,0.45904509473352334
2282,0.4293020549318876
2284,0.7100621146605873
2285,0.7075084490465968
2286,0.6716188160400627
2287,0.4432559300782375
2288,0.4734389705786032
2289,0.3846240355695895
2290,0.801200834424933
2291,0.46144400834907917
2292,0.39518790427838174
2293,0.4950956222318866
2295,0.5748987652058787
2296,0.39304929493804536
2297,0.3923613072135697
2298,0.5194583036817646
2299,0.7261698163586183
2300,0.5287600175184163
2301,0.6566506402411385
2302,0.48617832978828995
2303,0.5507058967902213
2304,0.659682079668379
2305,0.3388732701952033
2306,0.6092003050618103
2307,0.6131589706517017
2308,0.535086455635398
2309,0.5359058277776675
2310,0.429740346380987
2311,0.47075284714588794
2312,0.5132915614215255
2313,0.40257681272887447
2314,0.41475502395852054
2315,0.4465984684109322
2316,0.34258346623172126
2317,0.6394932363284294
2318,0.3751680773175415
2319,0.43183712231123583
2320,0.5837639714236088
2321,0.6603520032962378
2322,0.5412716709416318
2323,0.41679178817946605
2324,0.3275376129477268
2325,0.45686583853501656
2326,0.45561174021611794
2327,0.6092352211763369
2328,0.3786259897121699
2330,0.5217265749391718
2331,0.6062383675855336
2332,0.3610527380008562
2333,0.39306045884982566
2334,0.6762191232161845
2335,0.5296014884037978
2336,0.51328557487222
2337,0.5271056020388446
2338,0.39817824520383327
2339,0.7380178448811661
2340,0.34791534422093595
2341,0.32812615609357515
2342,0.46560910753630147
2343,0.45684172538913387
2344,0.5838830822827225
2345,0.5391931741142147
2346,0.4514879590042152
2347,0.44732722065703984
2348,0.2957312567256842
2349,0.43419908477391284
2351,0.560980653654016
2352,0.530771813022697
2353,0.5224231071961251
2354,0.44414358734152404
2355,0.4599282372270384
2356,0.3898042917779826
2358,0.4952589891793154
2359,0.6298274304520112
2360,0.3500759475478136
2361,0.42533269348404923
2362,0.36433694422461094
2363,0.47429470648613375
2364,0.35846471367577754
2365,0.5158544814559486
2366,0.35783828332538364
2367,0.39454864331883677
2368,0.7721461818587384
2369,0.23885903584442272
2370,0.33513574233694166
2371,0.3492705988563573
2372,0.47306573942733426
2373,0.3790842766538826
2374,0.44974287841092764
2376,0.40773889011506526
2377,0.4361745516270161
2378,0.8125184235269514
2379,0.5705159330074291
2380,0.46829450535761913
2382,0.5652637617183514
2383,0.49051093616832675
2384,0.4048167192029752
2385,0.37745378774448485
2386,0.4712333288647845
2387,0.5316991928942736
2388,0.6875391601111899
2389,0.5327010346497688
2390,0.6149128144162916
2391,0.6917169743389459
2392,0.5502014842989791
2393,0.33722457089382835
2394,0.5038347225074734
2395,0.3529834866347701
2396,0.42564913474115534
2397,0.5228674748698987
2398,0.5076350115342025
2399,0.5097067918265012
2400,0.4204007273223257
2401,0.26979983934192425
2402,0.418783940455048
2403,0.5633022521137244
2404,0.6305043081496831
2405,0.33669820217306945
2406,0.3962304068798725
2407,0.4034430350956625
2408,0.6462907791833081
2409,0.5062410680814713
2410,0.5212083304329821
2411,0.37635513035257856
2412,0.5119307419839124
2413,0.523533054667281
2414,0.4278138195958281
2415,0.4799467971176904
2416,0.5214509913920427
2417,0.5501686065086925
2418,0.4832485908532911
2419,0.5201508820691131
2420,0.3392597405431574
2421,0.3908347137979351
2422,0.5198112061733845
2423,0.5061486966399036
2424,0.5280571462091389
2425,0.5600828814431973
2426,0.4135501983129901
2427,0.6760377529172371
2428,0.770587327592032
2429,0.49085409999770174
2430,0.48199207666451405
2431,0.7281571554230714
2432,0.5166210931320785
2433,0.5518166655719856
2434,0.4422092401633604
2435,0.39678328644485733
2436,0.5059883458727122
2437,0.49962548837554566
2438,0.6001642210568096
2439,0.5466340153650395
2440,0.6747114474520267
2441,0.4148778613695596
2442,0.41778095665375725
2443,0.471381936617915
2444,0.6015263681717891
2445,0.4788982436559238
2446,0.6562880806025126
2447,0.4006528937684256
2448,0.44274264045209155
2449,0.562705603081191
2450,0.6299415136607083
2451,0.4870488830142316
2453,0.32455716640361687
2454,0.44140818835097767
2455,0.6020009225498577
2456,0.4737524587659127
2457,0.42948943707645376
2458,0.5569693714709398
2459,0.41296141509574363
2460,0.44313058900058266
2461,0.5682074997585942
2462,0.46561395797011723
2463,0.3971500119775205
2464,0.44431879749043385
2465,0.3977940933934889
2466,0.6723897655581972
2467,0.46168050431379115
2469,0.3827271829524698
2470,0.3895589487578421
2471,0.5262061765492136
2472,0.3912164458661536
2473,0.6002509638887843
2474,0.5242944973336748
2475,0.45744993039893583
2476,0.5903206481766737
2477,0.5155611468628187
2478,0.6618853708002116
2479,0.3927792938824316
2480,0.3329858334366571
2482,0.5187908654159027
2483,0.7080779617312727
2484,0.4298851260110193
2485,0.4960688129439737
2486,0.3494837598255347
2487,0.4727659203965719
2489,0.5054468236777042
2490,0.32366781566571556
2491,0.3878068442745481
2492,0.6967584678797974
2493,0.5111883683749102
2494,0.5228972200252581
2495,0.5285834254125978
2496,0.42963157280795633
2497,0.3857937789517126
2498,0.30865440834092955
2499,0.5269293437054053
2500,0.40162149026041377
2501,0.4003422787133512
2502,0.413986466878223
2503,0.5774246586460758
2504,0.3776419153580295
2505,0.48978455668798326
2506,0.655735208351519
2507,0.36022250530461214
2508,0.5657573156631039
2509,0.5304863367464039
2510,0.47443233845549015
2511,0.5174141368927004
2512,0.40422473326732666
2513,0.5486743540228373
2514,0.25919272951613426
2515,0.6862066388378883
2516,0.46264265690726575
2517,0.5780248095537704
2518,0.2633302956924455
2519,0.4514321656070879
2520,0.42204288594172257
2521,0.3357564781726849
2522,0.35026294987387396
2523,0.6052404164686135
2524,0.33347612401201404
2525,0.6263824367686757
2526,0.5331566331980959
2527,0.5321095722757251
2528,0.7800461324974998
2529,0.6574956992435546
2530,0.3713403582078658
2531,0.5436940411653866
2532,0.47408004048014135
2533,0.32650132163737144
2535,0.5789731986249359
2536,0.40388587617059934
2537,0.3991966025558481
2538,0.39314345990906974
2539,0.3643663112158179
2540,0.41571826696435904
2541,0.26323123728166326
2542,0.6807602078747932
2543,0.3107388041161014
2544,0.4864319049492904
2545,0.5430018017954401
2547,0.5089813362092209
2548,0.3289985542496823
2549,0.5242008836880242
2550,0.3960380066768777
2551,0.6333357942474545
2552,0.49855653897617247
2553,0.4368531203600922
2554,0.5513953640305382
2555,0.5198848774496703
2557,0.6631781491072168
2558,0.18261427852476692
2559,0.6691197697560186
2560,0.43157269543874455
2561,0.6510276113367087
2562,0.5499151270841378
2563,0.645854609752259
2564,0.4292005153780922
2566,0.6736614701435509
2567,0.5143767121251006
2568,0.38571726817284946
2569,0.5866414853341526
2570,0.460732910879645
2571,0.5212811948999762
2572,0.38619208592905746
2573,0.43731797719564547
2574,0.4599865443953718
2575,0.5635609976050575
2576,0.6473692380138313
2577,0.36729342598927434
2578,0.5018190016054884
2579,0.4476440611235399
2580,0.8223828914720749
2581,0.3920163639255204
2582,0.41046225950789955
2583,0.4583099259609171
2584,0.5678392577902978
2585,0.8461390899896771
2586,0.52745018258452
2588,0.335086658736734
2589,0.6679728753726106
2590,0.2843043971468895
2591,0.5136844904746556
2592,0.4983347968215729
2593,0.5492059031797141
2594,0.46996803765956885
2595,0.3863336216081206
2596,0.3575419200225482
2597,0.3929313293623264
2598,0.6729922214077639
2599,0.5111750458972821
2600,0.4368830307894851
2601,0.6249852684074749
2602,0.5132040374128313
2603,0.3455723264043182
2604,0.3228895540079904
2605,0.5048093433652534
2606,0.706024700350214
2607,0.40750813101097977
2608,0.6685396806992941
2609,0.3647538192303618
2610,0.343737351870222
2611,0.5252814241626927
2612,0.38127969696229813
2613,0.5322543954454414
2614,0.4792745047797145
2615,0.6538760017214267
2616,0.4662420918279381
2617,0.7988987737315945
2618,0.6020353461876604
2619,0.6227010070321545
2620,0.34707390041223324
2621,0.6706119068594522
2622,0.26221594029691736
2623,0.5285900051993645
2624,0.5220782150402717
2626,0.36548343749006984
2627,0.27028753049109283
2628,0.517565986812142
2629,0.6330610370918709
2630,0.4788251439124974
2631,0.5041770060672973
2632,0.4269836692995421
2633,0.7464232271542156
2634,0.5606546309352592
2635,0.4917259160461452
2636,0.3546922638468447
2637,0.3150019825449605
2638,0.37083459231669563
2639,0.42065654209969106
2640,0.5352262525239552
2641,0.5346289682671601
2642,0.556816486582901
2643,0.3478341250443145
2644,0.5821483172058152
2645,0.5178761265253263
2646,0.6189048704945682
2648,0.34413745389373795
2649,0.39147880849629463
2650,0.4368176336350454
2651,0.6400143569134353
2652,0.3904962092981222
2653,0.5081055518204626
2654,0.3490837382167087
2655,0.39102734340194545
2656,0.5422183938740767
2657,0.5079140528426263
2658,0.4581089228866723
2659,0.41191689921414815
2660,0.3178631582041614
2661,0.7215797853047915
2662,0.3745277149669707
2663,0.6468252008042421
2664,0.6017366083539628
2665,0.6600134623924826
2666,0.5277101710313258
2667,0.6227888437858891
2668,0.5262765195802582
2669,0.6635479965396773
2670,0.6285278285831968
2671,0.4794512993991109
2673,0.44458539099348715
2674,0.3444744100136918
2675,0.48368025541314646
2676,0.580312320365103
2677,0.6211944915848351
2678,0.48304570501526206
2680,0.6755996255600281
2681,0.4462384112977856
2682,0.54212440567373
2683,0.6626012935518198
2684,0.16649047731148245
2685,0.41504638723688664
2686,0.5553813309205162
2687,0.3243297710334867
2689,0.46161003823278146
2690,0.5196092833330173
2691,0.44048210348389644
2692,0.3357303884088036
2693,0.4617391138804174
2694,0.29255062768647544
2696,0.3344878875861721
2697,0.7741254830542186
2698,0.5266156921937591
2699,0.5025826772944454
2700,0.4340796446189341
2701,0.44076387634507835
2702,0.38974808625303564
2703,0.5889419646663838
2704,0.529637624411435
2705,0.34468661928572575
2706,0.43348047982048293
2707,0.40418176269001815
2708,0.4016258282696873
2709,0.5638598986143106
2710,0.7379431305326665
2711,0.45553405197102337
2712,0.3445428650349459
2713,0.39056122803349974
2714,0.36278543716441713
2716,0.32577103714777206
2717,0.3367974636427068
2718,0.5484341018367025
2719,0.3450180795154072
2720,0.6364735304172918
2721,0.44929417297557184
2722,0.3798726610069756
2723,0.5808696425782682
2724,0.7505228690275714
2725,0.5539058035431844
2726,0.41178959784087554
2727,0.525035064717523
2728,0.7255148097894577
2729,0.6867050101595649
2730,0.5477989998881234
2731,0.4375821830586179
2732,0.5620066994821581
2733,0.6685854179239383
2734,0.5767424037705561
2735,0.5003574152692067
2736,0.4082130864666353
2737,0.49052029738085046
2738,0.38291252834048245
2739,0.42002735470530217
2740,0.5968555072035938
2741,0.43984682758097815
2742,0.4772926656565461
2743,0.4986497874118339
2744,0.7558790117119468
2745,0.5126478399535154
2746,0.4944998088456044
2747,0.4329681473597937
2748,0.5695381795619195
2749,0.6632810569549231
2750,0.7442827327177767
2751,0.5723757214379221
2752,0.4400379279990032
2753,0.5767506383513085
2754,0.42158405935696835
2755,0.700154217089845
2756,0.5424290154494809
2757,0.34148348847575616
2758,0.4441317392810093
2759,0.4543111323680166
2760,0.7513815322874274
2761,0.5031362268331976
2762,0.34338205735719785
2763,0.47561116236376394
2764,0.3438373590206548
2765,0.4473325666179816
2766,0.6445921329603834
2767,0.5147529794826557
2768,0.4546615874820628
2769,0.5761411782386174
2770,0.3838202220068008
2771,0.3347365225668754
2772,0.5723591728198004
2773,0.5254439821227475
2774,0.4230463091573859
2775,0.3958849807149403
2776,0.45985964216384045
2777,0.4463905129733979
2778,0.4295339479566214
2779,0.6036936370668494
2781,0.5203571007241091
2782,0.5249172061608101
2783,0.9008225486706322
2784,0.5482550419324772
2785,0.49568484418927783
2786,0.5267846115922501
2787,0.5887001753383869
2788,0.5818967282165558
2790,0.555905429814202
2791,0.32887479384690865
2792,0.648731045458456
2793,0.47745454651235725
2794,0.4677982696476762
2795,0.3974457605971798
2796,0.5605103916665266
2797,0.7486277752494145
2798,0.36201262529109973
2799,0.33802668980991984
2800,0.5054480071335046
2801,0.35410878876717694
2804,0.3983363919218506
2805,0.45754982124079624
2806,0.6951253993038705
2807,0.7010223929516247
2808,0.6465849274262346
2809,0.452788014419383
2810,0.410111019383912
2812,0.5140062210539859
2813,0.8047649147045565
2814,0.743389316504414
2815,0.488271772258132
2816,0.6878267047222598
2817,0.603656152963601
2818,0.48166861023869384
2819,0.7937499627031174
2820,0.5776133979623733
2821,0.5153630635756882
2822,0.4523834633565521
2823,0.5590570000188885
2824,0.46823427519196353
2825,0.5722638553562361
2826,0.6054294676142715
2827,0.7295023963060576
2828,0.5342778875270133
2829,0.4975406181226087
2830,0.5622611047578059
2831,0.565799057068034
2833,0.5199566239523727
2834,0.5596270555310437
2835,0.42254106879506015
2836,0.6181647699081354
2837,0.3829163624701891
2838,0.3190979681837324
2839,0.3791969503080663
2840,0.769574790277683
2841,0.3440163725170768
2842,0.7472301322044673
2843,0.49201990817751423
2844,0.26825237412761677
2845,0.33611577269486587
2846,0.3594345670776091
2847,0.49695136614750596
2848,0.7176377260332206
2849,0.4823477561227772
2850,0.44079646634842096
2851,0.3640232772239309
2852,0.3435617054116531
2853,0.5886297400925385
2854,0.40973318681313664
2855,0.5258597601673481
2856,0.49270586554814866
2857,0.4316875232157532
2858,0.46437017341267334
2859,0.4017849865516186
2860,0.4846651568215505
2861,0.8136006992284216
2862,0.6635661332888471
2863,0.42465254295710575
2864,0.4639015188193839
2865,0.4405839142905252
2866,0.7898527946962666
2867,0.23200654476829766
2869,0.44987687743139565
2870,0.38277491044406575
2871,0.6731516943061542
2873,0.33240278422361524
2874,0.4106587353820519
2875,0.5168629466104329
2876,0.5162519178604698
2877,0.5351726647470615
2878,0.4874425757957207
2879,0.4432912350821277
2880,0.5107818961349162
2881,0.37737562885886716
2882,0.5265862291776051
2883,0.3244838745654779
2884,0.4692331474821388
2885,0.6886273520280234
2886,0.4210989242913214
2887,0.33247931500221256
2888,0.42102838435848766
2889,0.3659404458585694
2891,0.5780566364764467
2892,0.5143761913349487
2893,0.7567872899757307
2895,0.4825557459261804
2896,0.43088301002633134
2897,0.38030314250211844
2898,0.3386030547092418
2899,0.3472988535355195
2900,0.6115225368354069
2901,0.33265146956459196
2902,0.6444521596520876
2903,0.5634552726063145
2904,0.475290700060431
2905,0.584892423725542
2906,0.4500438036928359
2907,0.4267626794954664
2908,0.35346170287783935
2909,0.3326056193774905
2910,0.4385445089479551
2911,0.49878490932329755
2912,0.5183264173713575
2913,0.5919866445425306
2914,0.5388282860113474
2915,0.5249843455748183
2916,0.5023586206484406
2917,0.44172386650873185
2918,0.6201911489933916
2919,0.5123931073006868
2920,0.5364003351893389
2921,0.5107863699916593
2922,0.3848913502798532
2923,0.6482009011178252
2924,0.7073467579853107
2925,0.4079475580799695
2926,0.42282330022922515
2927,0.677759086972959
2928,0.4495536352261227
2929,0.572880423442574
2930,0.5114377966126102
2931,0.483535009637051
2932,0.3978225609359113
2933,0.4218486253261799
2934,0.5188491657625627
2935,0.4817382861447909
2936,0.378638400436237
2937,0.276067151161373
2938,0.388952889645468
2939,0.6606897100865494
2940,0.363480251955487
2941,0.4049453434512559
2942,0.7610817915551046
2943,0.6787159735357761
2944,0.5024501001165471
2945,0.2887316167315794
2946,0.4638597497443529
2947,0.6091482415677505
2948,0.33781953433267126
2949,0.2061369461172689
2950,0.3967581549174952
2951,0.4735147219175434
2952,0.45095163663487225
2953,0.6047114769621528
2954,0.4464722821424573
2955,0.3445264568591516
2956,0.37591116899417054
2957,0.5983558184587282
2959,0.5568391678928509
2960,0.4067740582815603
2962,0.4565656476693048
2963,0.4068453965188207
2964,0.5516043501237498
2965,0.6169786668593851
2966,0.5662502897807179
2967,0.3417535834304918
2968,0.5649749833109319
2969,0.4493727752073507
2970,0.435295245743621
2971,0.5025530753642383
2972,0.5283916307024973
2973,0.500250617338922
2974,0.7385662118315863
2975,0.5154071080874453
2976,0.34351058132810053
2977,0.5342829231591544
2978,0.4367987671775532
2979,0.20905025262749266
2980,0.6259776311418616
2981,0.542229983691447
2982,0.3847597686978935
2983,0.5556221362317955
2984,0.3665120725022963
2985,0.4213929909031997
2986,0.7109029290143761
2987,0.38256793224898183
2988,0.7549920774950859
2989,0.7964404301615334
2990,0.6513285747714007
2991,0.5129958389231597
2992,0.7224711852425164
2993,0.5963441957884227
2994,0.786315404683058
2995,0.44587914834923403
2996,0.5913168688622173
2997,0.5700231888787983
2998,0.8702501096675292
2999,0.5321726638077816
3000,0.7637822114741805
3001,0.49846116511704974
3002,0.5918633515412537
3003,0.39865975836354955
3004,0.6868465530505188
3005,0.5650542636133197
3006,0.5792201049106245
3007,0.8553608149059498
3008,0.7939363615071612
3009,0.4644234071454296
3010,0.5446038689623113
3011,0.3465865347873629
3012,0.5997020225937847
3013,0.4071396242919319
3014,0.7750804347723932
3015,0.5409940885153407
3016,0.5217099200067368
3017,0.4513630246187988
3018,0.6329391710998619
3019,0.5348626117702997
3020,0.5267064891651041
3021,0.4813623557361136
3022,0.4610278271630193
3023,0.5112233993819285
3024,0.57522451165859
3025,0.6710511242557821
3027,0.5323629869908278
3028,0.36114335450390994
3029,0.8049993286629418
3030,0.4836186427347732
3031,0.47735028064712237
3034,0.415965859141992
3035,0.7955905277222851
3036,0.4068561428834771
3037,0.6529904827298547
3038,0.583910203724751
3039,0.672840126174585
3040,0.4583619915872032
3041,0.681577656224263
3042,0.6258817117630352
3043,0.3525855285903687
3044,0.5618622410189378
3045,0.454938286835875
3046,0.49960632803764404
3047,0.4604809320702417
3048,0.4661143508600059
3049,0.6401439439578156
3050,0.8582820393082715
3051,0.5433626161257847
3052,0.557129986139005
3053,0.41520292852917634
3054,0.5873875779708009
3055,0.3847670562750299
3056,0.586749596530378
3057,0.3729948711360372
3058,0.31445560102375064
3059,0.4079928105841806
3060,0.6614031399823348
3061,0.6171925137094878
3062,0.8799298214552372
3063,0.4129671570736359
3064,0.8301376448883082
3065,0.3351489571425728
3066,0.533800770068305
3067,0.49433459809511754
3068,0.3720560834893813
3069,0.3704330727282797
3071,0.5080999022608136
3072,0.5809758402399698
3073,0.496229891403043
3074,0.5879040629660963
3075,0.6131558220536619
3077,0.6999759791815336
3078,0.5876881015911977
3079,0.5370410474248807
3080,0.5216350230342827
3081,0.4316667242900421
3082,0.3618976617587698
3083,0.49684440481962994
3084,0.524290828869609
3085,0.342752673694468
3086,0.8274582660942582
3087,0.777882238216096
3088,0.4790751111682706
3090,0.5711741253002708
3091,0.4032360458804019
3092,0.6424699731231279
3093,0.5605980888178931
3094,0.4850847935701941
3095,0.608206635533052
3096,0.6142051833074075
3097,0.4823791526355873
3098,0.5607529769047445
3099,0.46279916291448947
3100,0.38883521927716264
3101,0.6860540619610112
3102,0.4418881931534685
3103,0.5267130229601861
3104,0.668609903742496
3105,0.38627832981623517
3106,0.6291897622046962
3107,0.4106314387920329
3108,0.4845381498769709
3109,0.549269981285709
3110,0.4121066205438793
3111,0.5456741692171284
3112,0.41853382191256494
3113,0.45760446492189416
3114,0.39513343611530055
3115,0.5740804056078541
3116,0.37421238491142034
3117,0.5315715405877218
3118,0.7146155598887842
3119,0.3490240266428675
3120,0.30949573667169095
3122,0.6684807548146718
3123,0.25288206712045636
3124,0.4259934187669295
3125,0.5286524953386592
3126,0.7305332438941897
3127,0.28056358404628606
3128,0.5449261411112357
3129,0.4691707046972197
3130,0.5618663951090809
3131,0.5059504184678142
3132,0.39745311668816924
3133,0.3457200071207737
3134,0.6507606662028709
3135,0.9150798203937403
3136,0.5054432135481811
3138,0.3504067113586235
3139,0.7221510701691877
3140,0.9030249988956235
3141,0.7338318323622341
3143,0.4915818518696595
3144,0.5982970831076397
3145,0.5767894410293363
3146,0.3412991997190029
3147,0.4933275238086658
3148,0.4075403246740187
3149,0.33735762962835186
3150,0.6886162615504776
3151,0.657774222770351
3152,0.5603142225566474
3153,0.4767098337689238
3154,0.35626453043219086
3155,0.4753808670940875
3156,0.5143647875328475
3158,0.34889384803712714
3159,0.5160970692346812
3160,0.4581005696741585
3161,0.5130783539424734
3162,0.18446146825009008
3163,0.4617874525871675
3165,0.8079671155414015
3166,0.4953864971754808
3167,0.34243936112730156
3168,0.5279190424479561
3169,0.4537380820879909
3170,0.36495251338172924
3171,0.5876358482683852
3172,0.5195572718785496
3173,0.45429462191644304
3174,0.4663192123228053
3175,0.572060665202758
3176,0.5018027451052292
3177,0.4716952831324588
3178,0.4820192442734746
3179,0.4481031474058768
3180,0.37577553984653106
3181,0.4812596226965541
3182,0.3328225849978984
3183,0.37095813143083384
3184,0.6996130647105366
3185,0.6200677633672547
3186,0.6320650560737978
3187,0.43497787029777196
3188,0.5215708345026038
3189,0.49341008584117496
3190,0.5182394123123681
3191,0.610167716371336
3192,0.5140428798475617
3193,0.5580374602042246
3194,0.3318602067616913
3195,0.23814161106236795
3196,0.4229946404684562
3197,0.49380696186488066
3198,0.32131485121813413
3199,0.4102858215934488
3200,0.8500544084746463
3201,0.6546895718184177
3202,0.5276754165363983
3203,0.2944907028125872
3204,0.41467964234504334
3205,0.6032807161894406
3206,0.3742743315950629
3207,0.6504575975909783
3208,0.6352125145004376
3209,0.7240069668175148
3210,0.6851402551236118
3211,0.6124982099849001
3212,0.5656408342909444
3214,0.6057039489775133
3215,0.5555763795318821
3216,0.47010233297598797
3217,0.26799809549088116
3218,0.8345049031169793
3219,0.5669860501973992
3220,0.8315552208029775
3221,0.483772261666752
3222,0.2642040330744973
3223,0.8138857482152598
3224,0.35109808791471
3225,0.6188659570369162
3226,0.6847429424055311
3227,0.6993992299991726
3228,0.47874138050167264
3229,0.4631990772003176
3230,0.7267438898316451
3231,0.3685354541780935
3232,0.4508760435869656
3233,0.4227936103536201
3234,0.7317571838296612
3235,0.46317500184110916
3236,0.47991325302694365
3237,0.5918732016381311
3238,0.3274449293294112
3239,0.46965024921240556
3240,0.5861819347387797
3241,0.4610177203590644
3242,0.5043003858513261
3243,0.49421967604481687
3245,0.6829703735754432
3246,0.27091705350984874
3247,0.29798106015369663
3248,0.41505859969391673
3249,0.4058058301560556
3250,0.4348990701031135
3251,0.6564079599815041
3252,0.5848559588227504
3253,0.4999012448719028
3254,0.4054499689615502
3255,0.6781168748707269
3256,0.5603724632260607
3257,0.4515989320200528
3258,0.4254853586729929
3259,0.4978802133563529
3260,0.4949220926839504
3261,0.6064259460699294
3262,0.4652668138604623
3263,0.4821975416879958
3264,0.8113765127342739
3265,0.44903269380287203
3266,0.47795298747022447
3267,0.4864748470606183
3269,0.8531376407167013
3270,0.46042931487022865
3271,0.5869224878043163
3272,0.4565132615631511
3273,0.6917130450407905
3274,0.3468009043958007
3275,0.6786574425984517
3276,0.5154248759810817
3277,0.3344062111455349
3278,0.5045168575387713
3279,0.37364245813145003
3280,0.6740102032740589
3281,0.7600157858908321
3282,0.3776148263315982
3283,0.36131278726331517
3284,0.4489460938054502
3285,0.36263131193391684
3286,0.6216160752650379
3287,0.3733254794479482
3288,0.6976567240052819
3289,0.6494608874471133
3291,0.45263999318048576
3292,0.5522830174476366
3294,0.41616702394694116
3295,0.2843769461994316
3296,0.3674687154602061
3297,0.417959172541973
3298,0.5379517827397285
3299,0.42368078494202843
3300,0.5945279174785622
3301,0.7019177860321183
3302,0.5616705979940457
3304,0.3327389531679407
3305,0.5364860462311594
3306,0.8389213223258566
3307,0.7872704641954488
3308,0.5838548090560133
3309,0.38382776255993506
3310,0.4963901380859603
3311,0.4357143773103907
3312,0.45327855832543446
3313,0.5018651208815725
3314,0.3696043384213547
3315,0.33575376852039396
3316,0.5166568334104973
3317,0.2904644321820588
3318,0.3143124306902782
3319,0.8457639424089647
3320,0.4004760014607931
3321,0.5851772066030323
3322,0.344828082348486
3323,0.5598621958008243
3324,0.45507326087117866
3325,0.40169175509912064
3326,0.3372543374849114
3327,0.7667869584015782
3328,0.4098681301594929
3329,0.68060874435794
3330,0.17913764191704515
3331,0.4325611290273212
3332,0.6776472066076247
3333,0.4139978758173329
3334,0.4720993581711311
3335,0.5805458548083894
3336,0.5863371278254008
3337,0.6015284764416554
3338,0.5446950433809352
3339,0.5733481062581248
3340,0.3103276332005006
3341,0.8532505374914426
3342,0.5857460783309406
3343,0.6040995686989133
3344,0.5779324799439407
3345,0.513682506532844
3346,0.5666296851792564
3347,0.6815381663615195
3348,0.30203494076692383
3349,0.8147903803068013
3350,0.4595768231778493
3351,0.546015977208042
3352,0.568849421267872
3353,0.34305523862304815
3354,0.34212095565502654
3355,0.42217756872028295
3356,0.7154985436204151
3357,0.7868384183234534
3358,0.522833522726891
3359,0.26743693077425007
3360,0.6327166782782775
3361,0.5842185874644318
3362,0.8230417376836092
3363,0.20805627527128748
3364,0.47394449609011763
3365,0.5138441522129521
3366,0.6204655415720899
3367,0.530954637664214
3368,0.6365457339699973
3369,0.5292847499714972
3370,0.8009513000978622
3372,0.36597937124476104
3373,0.49590170269043343
3374,0.4145408755485924
3375,0.44887681002692403
3376,0.6020118518600848
3377,0.7532523137042377
3378,0.44831217167271326
3379,0.6108075716992897
3380,0.36825479239383874
3381,0.5124503632324768
3382,0.6366768263502228
3383,0.7814412219024804
3384,0.5621349467085586
3385,0.5549233384978861
3386,0.6798509277433339
3387,0.46528416930999916
3388,0.6520519976441319
3389,0.44210751340002546
3390,0.7257537828973618
3391,0.44054121887361686
3392,0.47687039141723636
3393,0.3932636619653723
3394,0.8333965250926085
3395,0.44372369342774015
3396,0.653431298564871
3397,0.7180441176819006
3399,0.6399898026458918
3400,0.36939895047245563
3401,0.6781216945641599
3402,0.5012941680054078
3403,0.595563348350712
3404,0.4645682687375131
3405,0.3378688583933571
3406,0.8574621015476569
3408,0.3386353780466253
