1,0.21649707213374833
2,0.13231059236422008
3,0.24808716349283802
4,0.2645771425210368
5,0.2454868626577524
6,0.31569841077668337
7,0.28023180657232516
8,0.1484541914323716
9,0.2422660979956578
10,0.29993030098421025
11,0.1929163832535658
14,0.25600814166521074
15,0.31588156431080744
17,0.15502898325693926
18,0.3128922162320264
19,0.36007221748667745
20,0.3067051191719835
21,0.161088301149083
22,0.17945344806218777
23,0.15228115947918494
24,0.21129400766778514
25,0.1809820786189275
26,0.18452418230039094
27,0.18753599848126756
28,0.21072059105069088
29,0.30974246198802535
30,0.2702257460294155
31,0.290868601747538
32,0.17073115694675148
33,0.1659909119545232
34,0.19350422805979078
35,0.2608108853540428
36,0.18986303272018773
38,0.19473137130683996
39,0.2701211737633444
40,0.1583648359432384
41,0.3325750747712533
42,0.31150590254797544
43,0.23260316418529783
44,0.23084817748500583
45,0.205061910274721
46,0.2888662962026658
47,0.3300202224145446
48,0.16938878096217627
49,0.2902270065437126
50,0.17781298932486422
51,0.2052320112578911
52,0.26607820482574546
53,0.1709139982702866
54,0.2854253361082857
55,0.23474872130753716
56,0.15148762076190464
57,0.28155508728192585
58,0.23437286973004548
59,0.3027266048826744
60,0.24766852305549034
61,0.2379072110462873
62,0.20195704307573714
63,0.16526421259436638
64,0.1829964809478544
65,0.17296164658547808
66,0.21907310395016064
67,0.18174710157593296
68,0.19920302415792918
69,0.16217089808585153
70,0.16850875813224994
71,0.187219713615728
72,0.21979826416262602
73,0.15358826603669964
74,0.19504290783462716
75,0.18515298416190282
76,0.21625739163513596
77,0.2139719635684955
78,0.2160975081664956
79,0.23996917424780953
80,0.1382893562651461
81,0.19623256902619507
82,0.18747272094798245
83,0.23212040744555604
84,0.2139516086311599
85,0.20584077860951447
86,0.14793674140004118
87,0.17519762939905933
88,0.26066245431185364
89,0.17983540356527053
90,0.1668334405406016
91,0.21342810943256738
92,0.21669484998221172
93,0.19435029740684026
94,0.21739420986397884
95,0.19156509494060797
96,0.23511857311961382
97,0.18976544317319335
98,0.19460084892331198
99,0.2156883935206252
100,0.18590271196230154
101,0.24719339030342669
102,0.15889755203907635
103,0.2583009225309596
104,0.17917602739157884
105,0.22899881378609424
106,0.1717967856444357
107,0.16672269191867128
109,0.19271977552393615
110,0.2174594410894639
111,0.24121741969037336
112,0.16082362834999508
113,0.1665228329086485
114,0.1852465611125328
115,0.16474187092123183
116,0.26388570433576125
117,0.16950899342294035
118,0.16971079273873046
119,0.19466662621348982
120,0.2271490613684046
121,0.24276367672649457
122,0.2124676795733804
123,0.22101253567215168
124,0.18209354315426612
125,0.24309647164738787
126,0.21876442562083662
127,0.19553347129060863
128,0.21916883651028635
130,0.17940741648232766
132,0.256776556778699
133,0.23546220707297047
134,0.21892404109997016
135,0.15937456102419453
136,0.14688224007789624
137,0.18285958768715296
138,0.22294098128728207
139,0.20721793893830112
140,0.16924822733936928
141,0.13517946997949795
142,0.19331493876430444
143,0.22633737119308964
144,0.23263129535031468
145,0.23480298659063098
146,0.1346047758085387
147,0.22752395766580666
148,0.23129644496006124
149,0.1773752807382064
150,0.25452805720461535
151,0.20693306600923864
152,0.14403412248414543
153,0.21778759096884065
154,0.21997735504253857
155,0.1986336442657366
156,0.2551285549755348
157,0.1440385541638889
158,0.1593171927434799
159,0.23937089345493506
160,0.22236197058990004
161,0.2707258334013115
162,0.3139521500824327
163,0.158886513312259
164,0.20494588719923604
165,0.24233731620965865
166,0.18407262758882273
167,0.24574424336657227
168,0.18526645140871098
169,0.20785053090555114
170,0.15716722247018594
171,0.28650837198327306
172,0.05251293603212207
173,0.32406192751264395
174,0.18118465976445947
175,0.1337560305179899
176,0.2039935377970769
177,0.141261495370161
178,0.25580054068458974
179,0.2603302070813602
180,0.18331481591577026
181,0.27303637913047657
182,0.20635165419521564
183,0.15852379317063112
184,0.17826934875638753
185,0.20830904774228245
186,0.2781563634933415
187,0.2281951383848733
188,0.16233178495038952
189,0.22286836496631096
190,0.21106481194080634
191,0.2553802107971079
192,0.16494455843946648
193,0.147273906815704
194,0.20105451195264434
195,0.18295014922881686
196,0.2130369257759651
197,0.19698241497913394
198,0.15712077011571154
199,0.1505959299390846
200,0.2825574078030172
201,0.022585301047421895
202,0.2508648158239252
203,0.2572132585622518
204,0.16449588897369283
205,0.1710610452645071
206,0.26844281669354214
207,0.18114361869161874
208,0.16886756636853825
209,0.1485603557477293
210,0.1774607078815477
211,0.21452319261055638
213,0.2276947575042507
214,0.2599771379320974
215,0.2527175292682917
216,0.13226198520828336
217,0.23375490431255155
218,0.2557061793737075
219,0.22194905408450857
220,0.1742035924004658
221,0.19601547574297465
222,0.24259182001451432
223,0.20476396869826213
224,0.1770475341415308
225,0.13905107100890457
226,0.1462648203818794
227,0.16854695727456429
228,0.19147318681616213
230,0.1493515252467606
231,0.27141306779677754
233,0.13242079884387464
234,0.28385805899093136
235,0.21522612565344873
236,0.24123737669918902
237,0.16777774568873857
238,0.24993833784749153
239,0.16602352714811747
240,0.23042767438214745
241,0.20258159879726018
242,0.2133029888553938
243,0.15874411084778892
244,0.178324175242373
245,0.24681160950366865
246,0.25752253444841233
247,0.263634670203819
248,0.18849942136743483
249,0.17724645233171238
250,0.18169813737617807
251,0.1981833362452284
252,0.20266471040463307
253,0.15519858669898626
254,0.1377270617069886
256,0.18892314575771438
257,0.15223856898067642
258,0.12318774912968504
259,0.13609812309899028
260,0.13892212427831244
261,0.19350892051028443
262,0.193093889384252
263,0.1816740921184875
264,0.2535564134543144
265,0.13495743470977484
266,0.18148508412441955
267,0.25421821686548857
269,0.14915730347302733
270,0.14915194203363075
271,0.1512093088155955
272,0.263109788037795
273,0.17743727254051184
274,0.16499946185888767
275,0.178785200938743
276,0.15241987962055856
277,0.23236959251257974
278,0.1863793984111399
279,0.17049446087354586
280,0.2435774592650424
281,0.19119329356341078
282,0.1345819803397929
283,0.215840237388244
284,0.16939595568775917
285,0.24815442811786959
286,0.17907937232973828
287,0.009347087601236103
288,0.20872532944258668
289,0.18891877619519484
290,0.1992230073207576
291,0.19478818930371872
292,0.16656138845237012
293,0.19482944309330477
294,0.16918881431360355
295,0.14341099827264328
296,0.1538680914464829
297,0.2383722577692927
298,0.1407870644860227
299,0.18857086398891001
301,0.2351689794941435
302,0.3041093231095689
303,0.34012584272441604
304,0.2524137336213326
305,0.22632509574031184
306,0.2122535285523113
307,0.3120792639760755
308,0.2700500790060165
309,0.2468756332463048
310,0.23374745118909138
311,0.27838809871609654
312,0.21516158183186632
313,0.19821012918257397
314,0.3345273245190082
315,0.1864769821318561
316,0.2745730747004064
317,0.2186548838245496
318,0.23051170046322483
319,0.15321656192195376
320,0.24195181727422455
322,0.17413434795234128
323,0.2696845582008784
324,0.18783043839800356
325,0.377214678241709
326,0.35547197713651507
327,0.25610905351464774
328,0.26554544795710944
329,0.030632718415519976
330,0.3018001522625768
331,0.19186136997444922
332,0.26627781684914703
333,0.19661522213297303
334,0.26306038787956776
335,0.25974960178689943
336,0.1864715798214044
337,0.3295823661083817
338,0.18747811763703706
339,0.2223719831121562
340,0.2070629772003496
341,0.19631153277972413
342,0.2999064191836369
343,0.23082037516487616
344,0.23254255847481514
345,0.23591245341676692
346,0.2255566160362566
347,0.22245861354540614
348,0.28906148835658113
349,0.2488359630049641
350,0.22098535614367174
351,0.25335524204226545
352,0.23476468467423428
353,0.2583299204606911
354,0.2748682656689397
355,0.39680537530089977
356,0.28504141851189174
357,0.33453496496367235
358,0.25519329426795806
360,0.22208634908509298
362,0.19900462818101947
363,0.2967457262721779
364,0.26591226477614205
365,0.22265539597586664
366,0.1586257274167718
367,0.2740573839085213
368,0.23182739547419848
369,0.35727296618651294
370,0.37981008212337924
371,0.4194792157156809
372,0.3236438491341734
373,0.28203703200580643
374,0.3396408067327956
375,0.26710702397614333
376,0.1882071577893349
377,0.34786336557832614
378,0.19324868859821095
379,0.2175759893326721
380,0.190618745654806
381,0.27140976447419435
382,0.23142641092370794
383,0.28124791736620136
384,0.3365855380366789
385,0.29164736456368806
386,0.16514950581014096
387,0.3780591759250625
388,0.17100620945138173
389,0.15996836316253368
390,0.14743911944574234
391,0.32864900540222286
392,0.0345081542808436
393,0.1765465149870581
395,0.1797030193182973
397,0.30572227047047185
399,0.20872893577593388
400,0.37585607031794743
401,0.19751404250297105
402,0.16761146562820523
403,0.2823004781796332
404,0.1524025148456267
405,0.20630025041783537
406,0.3322816090303968
407,0.2725873182239895
408,0.3192735720360943
409,0.17484474421393434
410,0.32018741435738496
411,0.21102019210924627
412,0.38700661340380227
413,0.1725911130968898
414,0.17346620644656502
415,0.1751996110023769
416,0.17428777862644115
417,0.2169358081933195
418,0.1588475199667795
419,0.1455692867100515
420,0.171322862513956
422,0.21822802494928964
423,0.14815939665746747
424,0.1660563541797893
425,0.2067450239946628
426,0.14387028210630948
427,0.2083091845797151
428,0.1991761891394733
429,0.1925139375389402
430,0.19370181453770477
431,0.1895807198577672
432,0.26048290888065573
433,0.13902901680988236
434,0.250044274238557
435,0.19891686516994717
436,0.2195335488596747
437,0.22123582813975293
438,0.16746688342222513
439,0.1636482551738094
440,0.15075950791252396
441,0.27871691800807424
442,0.27017138128236284
444,0.23019126887703056
445,0.15961880461128006
446,0.19645947392945545
447,0.31564260032852365
448,0.3001135112047664
449,0.3062311038489383
450,0.19139029672437446
451,0.18350415700481743
452,0.15824714924744912
454,0.18899654405752112
455,0.21743853611498495
456,0.23300646847201165
457,0.281007823597549
458,0.09402498750721865
459,0.25413973128615214
460,0.197642385490241
461,0.04621036665333704
462,0.31652869683293683
464,0.26700546069481734
465,0.3447016008666572
466,0.252558941376298
467,0.266600835916326
468,0.15390397490511376
469,0.21784983122375995
470,0.2270087018303815
471,0.2633311423415406
472,0.17272045903666175
473,0.2781330392051177
474,0.23909676209093472
475,0.2750259592544138
476,0.187440241106765
477,0.18127542474868594
478,0.21764814132377389
479,0.21797755261852106
480,0.21208335580233117
481,0.18234352316986616
482,0.33955652148994514
483,0.23890014450248967
484,0.29154962271457135
485,0.1296069107019407
486,0.24400014461135386
487,0.20385629948306608
488,0.22417767916722336
489,0.22785757533531034
490,0.33966377080510585
491,0.15064106368390626
492,0.29695235416674814
493,0.18743662111351253
494,0.3496243407334526
495,0.2744438800373891
496,0.32451605452646914
497,0.2476502594760639
498,0.21502469821062314
499,0.33474774617337427
500,0.1843769714879911
501,0.18103217413429207
502,0.17182756806561836
503,0.20937203654810685
504,0.22226519791422358
505,0.19012920067645223
506,0.23529539126703408
507,0.271426028513397
508,0.30449139125443064
509,0.22862575805123544
510,0.17954287531206606
511,0.20879206499377223
512,0.2868028873767768
513,0.1556652800004198
514,0.21686828574759667
515,0.30450976450004824
516,0.27364968079660207
517,0.2619802960254944
518,0.30979029559180526
519,0.2867409493351695
520,0.2785839036266556
521,0.22217869656198805
522,0.25740021440536714
523,0.19456138121458189
524,0.18387055189056153
525,0.29325119850635784
526,0.2298650979899492
527,0.3037265415907404
528,0.19106996703371573
529,0.29345563628341953
530,0.30962165562710636
531,0.29738646864301405
532,0.2916855249585018
533,0.19282240692629732
534,0.14602631058169346
535,0.15492823257831825
536,0.35986250552898436
537,0.22387526719826895
538,0.16413156287716454
540,0.23563476664451205
541,0.1088951939822072
542,0.050400271626685006
544,0.28706002336261544
545,0.20124690471531262
546,0.20936648558251314
547,0.21236890929872324
548,0.2061881508399912
549,0.18567515622230393
550,0.14811535793841568
551,0.19137879767875607
552,0.3243412000724408
553,0.17772536958004218
555,0.21056085465387583
556,0.2734794954009458
557,0.20221890858290362
558,0.018905173168988612
559,0.19388694984433322
560,0.3285036048911438
561,0.2609789882482111
562,0.19497912906455014
563,0.1709627844911954
564,0.16162733379079489
565,0.25475155075122036
566,0.1868256693962458
567,0.24043447709196883
568,0.17941485727305356
569,0.21982758100018635
570,0.24342895945222645
571,0.20409074253642087
572,0.31194004816787074
574,0.23845599999628586
575,0.32526339957695083
576,0.29210709880511376
577,0.2042951897992924
578,0.3234351672442865
579,0.171897550973043
580,0.3970303757419377
581,0.3558457283025172
582,0.25881244732131287
583,0.2243353981696307
584,0.3493993411966312
585,0.11751413133480754
586,0.21478414421917325
587,0.21170192048680322
588,0.1927167802718047
589,0.20135531960408698
590,0.35875150242190246
591,0.3449809737875111
593,0.4800498347184018
594,0.16707155873251098
595,0.07419763922770867
596,0.3507653058838216
597,0.1448726801455917
598,0.35584668864331237
599,0.22855219449689884
600,0.302206773271198
602,0.32363777634039115
603,0.36634281375267647
604,0.23266539977577655
605,0.3931625674791375
606,0.3019400006784608
607,0.25242180425459293
608,0.34947117772333597
609,0.16263463213171492
610,0.3160689823339462
611,0.39484408311676056
612,0.3386575889167176
613,0.25786205756699776
614,0.2878633381794388
615,0.1893855670318189
616,0.3438965303606964
617,0.2993462814861457
618,0.20235848213062813
619,0.3566376424488968
620,0.2082430694249963
621,0.18627926595530397
622,0.31276393908729966
623,0.19517924728252492
624,0.1952530214201696
625,0.2330642984024009
626,0.2754068068240044
627,0.36569806867986726
628,0.3163183707694554
629,0.32402763890823544
630,0.21968944894670403
631,0.18849934364403045
632,0.21312604049314324
633,0.25513946863605796
634,0.23888768119315787
635,0.24893226246636074
636,0.21799257190286045
637,0.31879479247249637
638,0.1962664405589074
639,0.2846431722867122
640,0.2550991832891375
641,0.26469593806641456
642,0.23390958908714418
643,0.18632040295307953
644,0.22282124626933908
645,0.3032644743521325
648,0.21979781998079484
649,0.2667318769607568
650,0.1591951602172703
651,0.2704701385379222
652,0.17386145635740802
653,0.16361365768834138
654,0.2055446625920337
655,0.3406302508754845
656,0.24174428777561063
657,0.31789354510674844
658,0.1587238803189051
659,0.17398843824015672
660,0.25516640185966105
662,0.2670821783261975
663,0.11805020799977463
664,0.2917905267312716
666,0.24575954615961648
667,0.2232751583526461
668,0.14775756605770402
669,0.28982248766264895
670,0.32165305064463023
671,0.2577932380287392
672,0.23787610222643743
673,0.3527659120098771
674,0.3981023413156902
675,0.27170011296539415
676,0.13835646090080167
677,0.31006245135007343
678,0.27640374211604646
679,0.20078119219756055
680,0.29847092827374777
682,0.1980663889466521
683,0.3981002182429017
684,0.25477793104521146
685,0.26439365824193173
686,0.315988568343285
687,0.2735702265163577
688,0.3850727668416366
689,0.3113525481867929
690,0.2850154357512585
691,0.28022649133664973
692,0.29171801135173775
693,0.1947830638639408
694,0.2538025353990511
695,0.2827522174922091
696,0.17605022133460874
697,0.3254126695457157
698,0.3376174195827717
699,0.21648424913399636
700,0.27702603902021633
701,0.2738288079235734
702,0.17291796449539
703,0.3175052119825413
704,0.4341875103833031
705,0.432330292673191
706,0.3935240612270855
707,0.3166734863993202
708,0.27236991891193685
709,0.4365636872474701
710,0.2085689142404158
711,0.17685913538402126
712,0.27430313632254255
713,0.29694899300320393
714,0.27483337764553684
715,0.409627748302799
716,0.36090111205025643
717,0.39719563116015855
718,0.27841558707398056
719,0.37879362658430704
720,0.4022308471514601
721,0.3918619754189717
722,0.41474028219922304
723,0.3851963934883786
724,0.4366441875645723
725,0.3876814996511736
726,0.441054459245638
727,0.438479559304488
728,0.20695906268089903
729,0.23331859544723355
730,0.26186440247716314
731,0.2964495389703399
732,0.15350533579567338
733,0.2111661470522124
735,0.3496620016085668
736,0.2876088969645195
737,0.24406241511563928
738,0.3375142239927274
739,0.34220127721476623
740,0.31313867603975387
741,0.39262409900835205
742,0.25229530307257836
743,0.29817518491152456
744,0.19372906634680648
745,0.25970713277690904
746,0.08137114985563378
748,0.41860348970389366
749,0.40850237854824023
750,0.3098397190197914
751,0.22632679240154305
752,0.2177106717357864
753,0.36327339001147674
754,0.2749054089994967
755,0.25864544077847434
756,0.41568420444573995
757,0.2720551419002945
758,0.39335164567086695
759,0.24964784473880505
760,0.3647580552253379
761,0.304746963734237
762,0.3130934169202464
763,0.19925196252755176
764,0.19938262781941798
765,0.37882586168288246
767,0.34220821746629604
768,0.23894720115807153
769,0.1945511153377623
770,0.2094583383310781
771,0.12566904085849687
773,0.24036894491663557
774,0.2916593361833975
775,0.11042220782125531
777,0.34907708113477476
778,0.16897575940602141
779,0.3034521213155129
781,0.25186314774110036
782,0.34989590628751177
783,0.42012546033427745
784,0.2586131045996801
785,0.36926176352430856
786,0.3473053005142417
787,0.20110793685626002
788,0.37282567463954724
789,0.2606271976114146
790,0.29663290369172646
791,0.23656738819713669
792,0.33658424089577993
793,0.21072259823228012
794,0.0835777765537662
795,0.3022929700661953
796,0.39060192776636254
797,0.19001082095332236
798,0.21362830758085635
799,0.2027162931955522
800,0.26184403349678204
801,0.23439038686388652
803,0.39552140434373223
804,0.36406532727646285
805,0.3830627198870804
806,0.33595813902013616
807,0.289248587482669
808,0.32766892659070995
809,0.42039538142097055
810,0.24468319881023104
811,0.4536870243780312
812,0.37986514546765326
813,0.3170788680998097
814,0.4498751228355108
815,0.4512640214137638
816,0.17055392802577543
817,0.30129514317977424
818,0.2795606967303854
819,0.24989365309844017
820,0.3224286833105812
821,0.1928371466761445
823,0.27385572371846617
824,0.3323788805516585
825,0.33165191245811315
826,0.4095363452016681
827,0.265848507128024
828,0.257333034510037
829,0.2112137434107418
830,0.22458293287308645
831,0.2520748445238057
834,0.24400636345391594
836,0.27319160845784846
837,0.3563690545229561
838,0.194000710672375
839,0.37760974551767246
840,0.36674712358682304
841,0.3409896907083179
842,0.3216097469990662
843,0.3898824051761209
844,0.32181386238681997
845,0.33997646710178925
846,0.2180485642238621
847,0.35804951915339894
848,0.39886905245647236
849,0.36815186947874023
850,0.3305392777297885
851,0.3097203799902025
854,0.2958742042137938
855,0.2560118336271038
856,0.34933547399431636
857,0.3344227881581103
858,0.3119579418442174
860,0.3367518498577432
861,0.19444438142405854
862,0.33057494549121563
863,0.3293101681778133
864,0.0983512650385256
865,0.26718192704686633
866,0.302499653218005
867,0.2872418472133875
868,0.3134094835806099
869,0.4013725822037971
870,0.354517863080625
871,0.2358290380070029
872,0.392851263623897
873,0.35656197303763604
874,0.025117930917317947
875,0.28805408249025893
876,0.28276509934571437
877,0.45504778349788727
878,0.39105109942094685
879,0.3490997818763045
880,0.325012436013378
881,0.18778908643288253
882,0.24258932087581708
883,0.29317370987941843
884,0.36807833424650627
885,0.379017165840754
886,0.27757902260061496
887,0.17124389298496015
888,0.4838901027793961
889,0.47313811573204406
890,0.31815613020757477
891,0.20745425536831982
892,0.19422630182296485
893,0.2580900611097114
894,0.4526400098851662
895,0.3794612861569494
896,0.15575749836393657
897,0.3704835426699839
898,0.5106661774187475
899,0.3000378738014611
900,0.3192862977531242
901,0.29212107369076146
902,0.448524000341328
903,0.44508656112359474
904,0.1980491938895707
905,0.23224035811792582
906,0.33678057249638144
907,0.08849456435066912
908,0.25811103553904274
909,0.292882090110819
910,0.3483221848008349
911,0.43505720605580894
912,0.4196753583569124
913,0.2611944863314645
914,0.32921382240729896
915,0.16153133073966958
916,0.2529333796866615
917,0.35055989253447223
918,0.34890752488110033
919,0.3185482265249177
920,0.28885676290249723
921,0.33606427619854223
922,0.38219295005683623
923,0.279752761757751
924,0.21763516437182806
925,0.38522701430221445
926,0.4012699628358829
927,0.2949860885695337
928,0.3290517736594597
929,0.41774163656276203
930,0.2903670893897029
931,0.08602059180799368
932,0.391304520345587
933,0.3757896641970265
934,0.2583534962274444
935,0.22500620806437774
937,0.2482712216736093
938,0.31524133835726637
939,0.3437378766414966
940,0.1043502485292289
941,0.22770735602234915
942,0.2148312293519225
943,0.3365661298367626
944,0.2529266617939572
945,0.209137714022037
946,0.33118993320744655
948,0.2850546018208597
949,0.4165390933551165
951,0.23670753984113665
952,0.08791262154493051
953,0.1328935864303514
954,0.230728049190604
955,0.2667908842543682
956,0.3583275327376509
958,0.48958308032132575
959,0.2507663993294193
960,0.44635959849256074
961,0.34089912387430865
962,0.3942821460749532
963,0.3858648059314428
964,0.47049097039819204
965,0.43273385860092567
966,0.2600779357646996
967,0.3851766245165899
968,0.38430148927897545
969,0.3599714425507475
970,0.35495579893302237
971,0.3030261173762433
972,0.3006910183451985
973,0.44185707712998307
974,0.09079513489548471
975,0.14492462435427975
976,0.38112600330307894
977,0.0630707698524393
978,0.26439100223548523
979,0.29939983039106816
980,0.3924171930446838
981,0.38037323761232134
982,0.2611104834881281
983,0.44761239415373555
984,0.32856522307503533
985,0.2269222796185375
987,0.1720417173850145
988,0.2407314942900801
989,0.3630152414933966
990,0.46620120747581567
991,0.2540772260559152
992,0.34381897136971185
993,0.222923243996384
994,0.45451694181746666
995,0.3332500586855816
996,0.34573768902267205
997,0.49997912181652693
998,0.3894570315979635
999,0.37747585116542276
1001,0.4319873461351546
1002,0.3935467191601521
1003,0.48355717449103286
1004,0.3043600959091242
1005,0.24949240755021973
1006,0.40902787867199353
1007,0.3637176316634598
1008,0.337282806046765
1009,0.07062850774588918
1010,0.3086439724025497
1011,0.33347968280782764
1012,0.38309968038981096
1013,0.25308519118725825
1014,0.21136763911641784
1015,0.18260383748623865
1016,0.2633823449434867
1017,0.029166277383328044
1018,0.3119224227945871
1019,0.4864772357825063
1020,0.3192383060798597
1021,0.4193640563359454
1022,0.4455886074355167
1023,0.34202366225993697
1024,0.24303938540266756
1025,0.3798945905203004
1026,0.3931356429120926
1027,0.3120777040634192
1028,0.44231460675746814
1029,0.43361683772993675
1030,0.29480074859720923
1031,0.39743541711441965
1032,0.38613126679363086
1033,0.46707368733342275
1034,0.2996806282297402
1035,0.31763691045689707
1036,0.17756649529201385
1037,0.4084252481789404
1038,0.3149491348388368
1039,0.473806227895114
1040,0.05907154956982515
1041,0.2886027773497596
1042,0.17876234129790244
1043,0.0821756297993846
1044,0.3457937877405058
1045,0.24649987904011647
1047,0.43746625675358697
1048,0.17533993737785156
1049,0.3335256142377166
1050,0.20385540519710083
1051,0.3140795328754036
1052,0.34378581010554143
1053,0.5039048767223491
1054,0.3289794121074238
1055,0.47245548924653674
1056,0.13611114034916874
1057,0.4188365803308844
1058,0.1807337793692815
1059,0.3651124406992106
1060,0.33354772112411
1061,0.3951477679523039
1062,0.22303697706863163
1063,0.4461955100532174
1064,0.509612100443814
1065,0.44840273695042027
1066,0.49136663511606965
1067,0.3047147513361383
1068,0.36176977295790375
1069,0.4551290104761594
1070,0.32398803298316764
1071,0.42011055230678207
1072,0.47349411819711434
1073,0.34958667849618125
1074,0.3637539773798094
1075,0.43593009001012895
1076,0.29003725883044623
1077,0.2405133546261008
1078,0.3953550117463109
1079,0.4507253577610036
1080,0.45718622256456803
1081,0.2637835835139324
1082,0.5124354607794972
1083,0.35173425241574985
1084,0.4331002451680924
1085,0.38675183301196564
1087,0.4443972690445447
1088,0.3318944819018357
1089,0.3961058814820246
1090,0.2617247929407703
1091,0.33097278132365
1092,0.03902131943876162
1093,0.2988576710901654
1094,0.4940077730317319
1095,0.31159183943606616
1096,0.44998596545104286
1097,0.28602434554846407
1098,0.3204947962758253
1099,0.31563712874918415
1100,0.3410045767183663
1101,0.38883105512955324
1103,0.49344091186620687
1104,0.2108674604930565
1105,0.41011096425741606
1106,0.2463391343091159
1107,0.2784459722656773
1108,0.14069516747781727
1109,0.40374742785639933
1110,0.21850765322727347
1111,0.3730706090472277
1112,0.44164649701410824
1113,0.3887860577550714
1114,0.3905358459669009
1115,0.37704658630603344
1116,0.34133339640467514
1117,0.2365894544263017
1118,0.28486884648999267
1119,0.3346851311616924
1120,0.3128844560939803
1121,0.44342220395069093
1122,0.36462851922402323
1123,0.34400592490552845
1124,0.3657457258053039
1125,0.2985223722341882
1126,0.4488256626171707
1127,0.3038457668865042
1128,0.4558673174004764
1129,0.3959852754438056
1130,0.5290344170155181
1131,0.37259967797682686
1132,0.46084505312981217
1133,0.33398506274342965
1134,0.2529016523564556
1135,0.3509779687395982
1137,0.338025821018906
1138,0.41734892444522453
1139,0.3680431072256259
1140,0.5113439813151482
1141,0.31121905936058536
1142,0.36083043879796184
1143,0.3310537172133098
1144,0.4569787043509727
1145,0.4060480813758395
1146,0.5147725418955509
1147,0.5326579663312611
1148,0.2524855948420524
1149,0.4675652819106503
1150,0.5127410095787688
1152,0.3540168616130703
1153,0.3164185697412111
1154,0.4843530873872315
1155,0.39268509459249473
1156,0.44876865918947234
1157,0.33728112175107466
1158,0.41048256769266067
1159,0.4518970058362129
1160,0.1840674556150413
1161,0.4520723941768351
1162,0.4882399540803761
1163,0.40615575520888225
1164,0.48544055183464924
1165,0.3256167884249345
1166,0.34853218607516
1167,0.5408156442278667
1168,0.35149394123333777
1169,0.4146867526547893
1170,0.3731496750822424
1171,0.34551474931261794
1172,0.26205668975330537
1173,0.4712182286998279
1174,0.4117056114207538
1175,0.4009513190605704
1176,0.5217230007860475
1177,0.5092260126967411
1178,0.481416449516674
1179,0.20147222512076265
1180,0.3906597719740046
1181,0.33392764404199554
1182,0.4516050401239455
1183,0.40792457626069767
1184,0.5036586204822133
1185,0.47047321209568993
1186,0.3429792626182906
1187,0.35018970570628366
1188,0.23887596779623188
1189,0.3936423244162494
1190,0.320571578551493
1191,0.34783158361172806
1192,0.46141886809219634
1193,0.3701567936192598
1194,0.2846746442366236
1195,0.4837155080284135
1196,0.32251548205536607
1197,0.2765632831041583
1198,0.25276655929881897
1199,0.37637842432226226
1200,0.4631030873116124
1202,0.31998229082110724
1203,0.23914925313032795
1204,0.36207007158966487
1205,0.3857550147524857
1206,0.46565870469268617
1207,0.16197460335878533
1208,0.4630475961137605
1209,0.31428954277637433
1210,0.4202227298649173
1211,0.3830963624518905
1212,0.3968308824521905
1213,0.48304776320913784
1214,0.41014008970544985
1215,0.2380745986173052
1216,0.48263090587204566
1217,0.47433631152152805
1218,0.23293571042443903
1219,0.33165824847155995
1220,0.22820799995500113
1221,0.4228309897619861
1222,0.23015299239502698
1223,0.33548574867933406
1224,0.41990472503294
1225,0.45663911640256954
1226,0.43296203781538656
1227,0.45195226842520453
1228,0.33993171390677523
1229,0.39922662276206183
1230,0.41677943726577354
1231,0.2875299534895804
1232,0.5247630939400786
1233,0.4754517198574853
1234,0.42054400231936734
1235,0.4510416346397847
1236,0.3847861453470708
1237,0.3274479024893927
1238,0.45008502667336736
1239,0.351255843290954
1240,0.3909615306508275
1241,0.4920141790990636
1242,0.32235713383505177
1243,0.31364857214662156
1244,0.4298793246418436
1245,0.4829373486946598
1246,0.49714955597967436
1247,0.407372113138522
1248,0.39566100788138053
1249,0.265017147885912
1250,0.48564043104478655
1252,0.5068562782364565
1253,0.31425743290807745
1254,0.34264352321283637
1255,0.45518446156381637
1256,0.3167330850036955
1257,0.36023845671993693
1258,0.479546789509502
1259,0.3546536064767005
1260,0.3597141357358896
1261,0.3490004100067992
1262,0.453448118711676
1263,0.41746566322923906
1264,0.420281082823365
1265,0.3497748583527063
1266,0.3396020417680805
1267,0.4195043339669462
1268,0.4274108824326238
1269,0.3190273141341103
1270,0.49893609579939974
1271,0.37567439387693635
1272,0.3553779533492902
1273,0.40831650615574644
1274,0.41028512789750865
1275,0.504710627330434
1277,0.28577456833285664
1278,0.36008643879997765
1279,0.42671363924345307
1280,0.4788814273648674
1281,0.378776363439107
1282,0.32979749749310855
1283,0.4331320166150194
1284,0.2356887082786804
1285,0.3986942481020696
1286,0.3032404684288379
1287,0.4268021140322663
1288,0.4199631747175067
1289,0.49897262211135573
1290,0.33548612249818427
1291,0.34128054374624645
1292,0.47743654254633217
1293,0.4800553118082283
1294,0.35784922010393494
1295,0.4779617403283707
1296,0.3775626269086131
1297,0.3196491256950358
1298,0.2971457328509575
1299,0.4732315659262213
1300,0.3818589138271889
1301,0.47427939908194927
1302,0.33634540034857363
1303,0.3029242491383003
1304,0.319312802379885
1305,0.38276863019516383
1306,0.4540569484187926
1307,0.3738236417073661
1308,0.32869062628759
1309,0.34878790002945925
1310,0.37032470480522306
1311,0.4352855724304008
1312,0.2700746558527325
1314,0.19041543103831643
1315,0.4603709454985641
1317,0.35882990324309433
1318,0.4158544780627132
1319,0.3486545937778539
1320,0.4074865200165261
1321,0.4743732898175955
1322,0.4582346480244836
1323,0.4857727718041982
1324,0.4001117503588586
1325,0.4481121645110393
1326,0.40658830711497146
1327,0.38114871219284197
1328,0.4790064494721478
1329,0.4343634442723384
1331,0.1718940860507035
1332,0.4832684477149037
1333,0.41208003118744985
1334,0.2537618952444641
1335,0.3078291548485758
1336,0.3372562036329553
1337,0.408914027995042
1338,0.3032577681973005
1339,0.5131108662665949
1340,0.37167039148711944
1341,0.46260354668547005
1342,0.36349044417471305
1343,0.5289579965728742
1344,0.349049853491636
1345,0.48576993652573464
1346,0.46425679783348567
1347,0.20702537255272563
1348,0.36915431506180957
1349,0.3965847749429183
1350,0.4078124873971794
1351,0.4565971035768904
1352,0.40707753116353074
1353,0.16011513016439544
1354,0.47433073563118305
1355,0.34055177898326994
1356,0.37787891386053
1357,0.43102626637213115
1358,0.36920730327088863
1359,0.4188433115124524
1361,0.395648395526768
1362,0.45556833793096524
1363,0.3688568259885603
1364,0.3755085177051057
1365,0.46040501152896124
1366,0.4437511308915332
1367,0.3527882481488126
1368,0.42724621877924873
1369,0.40804073856213524
1370,0.4467730696047995
1371,0.4221094151947776
1372,0.39376160902390034
1373,0.3150033389414533
1374,0.3537853515741229
1375,0.36365203086929293
1376,0.2209100116821675
1377,0.28454910598629823
1378,0.40478568016502775
1379,0.40286548374840603
1380,0.5292829842306275
1381,0.5063886392738068
1382,0.26994690343355804
1384,0.32106772547810114
1385,0.24905628601951488
1386,0.4010619070415398
1387,0.31826059209870083
1388,0.17221658477274632
1389,0.2177467915910742
1390,0.5028704563274379
1391,0.287957929697206
1392,0.44666383910835883
1393,0.4792665423450729
1394,0.4908083625859459
1395,0.34607096515779695
1396,0.37747832798390407
1397,0.37242939230473804
1398,0.241336284721025
1399,0.46903103773224236
1401,0.41652918478106826
1402,0.4698305519046071
1403,0.3971591966173707
1404,0.4658749336430997
1405,0.4169934804100721
1406,0.4626609693456879
1407,0.4414295311494662
1408,0.40985987188252787
1409,0.4644989960934104
1410,0.42726167064734616
1411,0.35367647241137146
1413,0.4137814102877247
1414,0.39366421537892143
1415,0.4841368800030731
1416,0.5307731130191693
1417,0.2700567656210412
1418,0.19371384711074519
1419,0.4205055710394194
1420,0.4711551393648105
1421,0.37966956497690113
1422,0.44004291201245815
1423,0.38423432155870385
1424,0.46535934196037193
1425,0.5161929000163008
1426,0.4764315422756055
1428,0.48281780873348906
1429,0.446610497912734
1430,0.2860840387575089
1431,0.41522775888148733
1432,0.3462783004049628
1433,0.44401094622864
1434,0.4066246830575205
1435,0.31755589541202806
1436,0.3315369653566551
1437,0.3883608090218479
1439,0.3511460102716064
1440,0.38960418497152177
1441,0.411250905917716
1442,0.49090701843549356
1443,0.41877364252299665
1444,0.3963964708598524
1445,0.35309601607064073
1446,0.4720006378131667
1448,0.4973571396566707
1449,0.5189630300243256
1450,0.4670110269839922
1451,0.3598179412278679
1452,0.4587311934079158
1453,0.5204950296875144
1454,0.5074569580926912
1455,0.3958749911105173
1456,0.3965799067174109
1457,0.49884671335976893
1458,0.41002584119625574
1459,0.36644170365098083
1460,0.38656030135484526
1461,0.1755567811349097
1462,0.3204498823996529
1463,0.4118700240927816
1464,0.3539794017911199
1465,0.4324566863009253
1466,0.3587613096720698
1467,0.39302631397454
1468,0.4087465368325085
1469,0.36170075915473715
1470,0.42895772360924167
1471,0.4752453803104426
1472,0.4115253694373738
1474,0.46831290373917656
1475,0.42589547530723093
1476,0.392814291164719
1477,0.4964587196599646
1478,0.4017302031263043
1479,0.4397649989394535
1480,0.5039407459271432
1481,0.45601881466585187
1482,0.3688684164276961
1483,0.42727545089857083
1484,0.454773714200333
1485,0.3338572168959245
1486,0.25076534147162205
1487,0.19846941192417356
1488,0.5007681712769549
1489,0.3352996915593172
1490,0.29279830971219045
1491,0.26246169443641904
1492,0.35646616314059704
1493,0.31392455255047336
1494,0.39329934910138126
1495,0.2861220804560657
1496,0.44769201144267606
1497,0.4504823091495315
1498,0.4270135352455212
1499,0.46479977139914563
1500,0.48862211942786177
1501,0.34279955324736955
1503,0.20223923074291644
1504,0.3787462188134255
1505,0.3946771757444905
1506,0.32465213513442925
1507,0.48021992745833536
1508,0.47432588470606857
1509,0.3088960607076153
1510,0.3716741963897793
1511,0.3411305093461713
1512,0.22361871582310652
1513,0.5628142319506221
1514,0.47842492557962274
1515,0.5021501026864872
1516,0.4328127307619702
1517,0.3099857067428544
1518,0.5430006384985022
1519,0.4348960405884419
1520,0.49374080482336385
1521,0.333632064153602
1522,0.0910658851708275
1523,0.3676279041078733
1524,0.2386656018702837
1526,0.3741674117423055
1527,0.5141483528017408
1528,0.4045036451507685
1529,0.4812736314345665
1530,0.3769137348425358
1531,0.45705418337067555
1532,0.4310632937450801
1533,0.3764918771875306
1534,0.36706891650099743
1536,0.5136010743051972
1537,0.3012687632383015
1538,0.08733762029673132
1539,0.33700454054720913
1540,0.41874666600765786
1542,0.3037808784481347
1543,0.3557828395454737
1544,0.48644635083455545
1545,0.41571466128972573
1546,0.4750469276179865
1547,0.6691741616606542
1548,0.47680370708753395
1549,0.42916654617042177
1550,0.406314951247291
1551,0.3857235434987494
1552,0.5350153649359883
1553,0.43208786370990243
1554,0.43184728510926257
1555,0.5799434138582538
1556,0.3881355733029743
1557,0.5237905822865866
1558,0.48831874543144244
1559,0.48260143086334584
1560,0.5284995152481509
1561,0.3343783457716452
1562,0.41740783751409644
1563,0.4167479587822811
1564,0.413526865027092
1565,0.6159248011790126
1566,0.3513917667463105
1567,0.5165880747928808
1568,0.5744047780302465
1569,0.4674520237787332
1570,0.3678316727781783
1571,0.34620464417587093
1572,0.3853809193605108
1573,0.38206243820499025
1574,0.5203902892598384
1575,0.2836570380828418
1576,0.4594993711896973
1577,0.21613630780364132
1578,0.32801712487880236
1579,0.4612101170882441
1580,0.5542434409555128
1581,0.3486918943583937
1582,0.15735535559017366
1583,0.3899572797659465
1584,0.5617327535613093
1585,0.32199585085302557
1586,0.36692933537300715
1587,0.39115114642586973
1588,0.3482889260939627
1589,0.3315264708578981
1590,0.46532587383788443
1591,0.4246560731650001
1592,0.5265984790206795
1593,0.3130052546933569
1594,0.2785968370670456
1595,0.36227811108266017
1597,0.5004671397493257
1598,0.4107333445094317
1599,0.4668645629918635
1600,0.49355472399279715
1601,0.44682381925080894
1602,0.4919233590688778
1603,0.20385260661746119
1604,0.5207705222413883
1605,0.4302292625860359
1606,0.5049842553550355
1607,0.3577715551761775
1608,0.384864422205765
1609,0.5148892271846026
1610,0.3337067402892683
1611,0.539956342949954
1612,0.43754650160081154
1613,0.5037796790229834
1614,0.46308443395298043
1615,0.30290465627432733
1616,0.5380818489664987
1617,0.49321842642068736
1618,0.46705892126001847
1619,0.2622533231024075
1620,0.2721214657451805
1621,0.4156832521867495
1622,0.36018239151339027
1623,0.28658574218455934
1624,0.4620384571879125
1625,0.3402509162642141
1626,0.41780005145433163
1628,0.4820726795068345
1629,0.40514057554691046
1630,0.45482290561081823
1633,0.3752965770167204
1634,0.48394805009991937
1635,0.42485126423733566
1636,0.4944260549333994
1637,0.5390761442335565
1638,0.42083104083115064
1639,0.19902127937428574
1640,0.5203689367888592
1641,0.33747552107430234
1642,0.3907700115539533
1643,0.35872856963693256
1645,0.5288557397256961
1646,0.3679887272710322
1647,0.3138342660478167
1649,0.3947288677082428
1650,0.4799320415298816
1652,0.24604294805545301
1653,0.3942026207046954
1654,0.4381908122938052
1655,0.3394288581584606
1656,0.5939172399227765
1657,0.44810623810383615
1658,0.5007242081090544
1659,0.36911112415090724
1660,0.25320035865161894
1661,0.4439232961131439
1662,0.5800837768876161
1663,0.3662810482591497
1664,0.43392993853789696
1665,0.5225569548957254
1666,0.38179142748027134
1667,0.2771485075316274
1668,0.4346401274974633
1669,0.42028047681817454
1670,0.5302392609363281
1671,0.483301844653269
1672,0.3381206089514857
1673,0.40400249329800036
1674,0.3945210706509508
1675,0.10601285830740471
1676,0.35080724000196056
1677,0.1796170539942761
1678,0.5280244558009836
1679,0.46393715270309277
1680,0.31895338981130356
1681,0.6010581222229452
1682,0.3376971086284924
1683,0.3485856891764625
1684,0.33245795829527236
1685,0.3337703355583558
1686,0.5109164460802804
1687,0.35867157481051615
1688,0.43395640260522644
1689,0.3754679350877209
1690,0.37092127690778914
1691,0.39156722549220196
1692,0.48189719636723377
1693,0.494204311925909
1694,0.47704393490727975
1695,0.21063945442120455
1697,0.48329517185792853
1698,0.4145954398252425
1699,0.39742234059789033
1700,0.46544827277773726
1701,0.46198523201881664
1702,0.3573672782403813
1703,0.4988828874918326
1704,0.3496036585765463
1705,0.4769428950039399
1706,0.43689396295695027
1707,0.4830099693229668
1708,0.5045943079409398
1709,0.4648676348830009
1710,0.5751527287548763
1711,0.5261792876994758
1712,0.437612527804744
1713,0.368925118049187
1714,0.45771668526833914
1716,0.37209692328446625
1717,0.3385759978128535
1718,0.4870701876458603
1719,0.38790339970215787
1720,0.552701994685757
1721,0.3800872321239285
1722,0.4915940930690676
1723,0.54166918297268
1724,0.31639801730877004
1725,0.44454139586684016
1726,0.41728618936508144
1727,0.45418006001575095
1728,0.43548487645677125
1731,0.38351942115224363
1732,0.2909033984962353
1733,0.45794901749853245
1734,0.4590977619920099
1735,0.31501482409059733
1736,0.4921723001449992
1737,0.4625723758391983
1738,0.2704653542390689
1739,0.5349044551259268
1740,0.38117679166142626
1741,0.4001882294021861
1742,0.40297375312145906
1743,0.47924080566456906
1744,0.6396768690657665
1745,0.5011300574436288
1746,0.2767349443730154
1747,0.3931498186514749
1748,0.5598336827305899
1749,0.4365153388575034
1751,0.4732557258403367
1752,0.414941541907091
1753,0.3371479729437863
1754,0.4600005462793418
1755,0.4259256737948387
1756,0.45140395228463703
1757,0.3728597171993964
1758,0.11948886569937509
1759,0.42793514652984055
1760,0.5408042778867014
1761,0.47719576867235297
1762,0.4148566387530214
1763,0.6375433844636258
1764,0.42587738838767586
1765,0.40601745228350394
1766,0.6068230601718717
1767,0.3995589130453982
1768,0.27885618731978157
1769,0.3447930062258192
1770,0.4651558501433627
1771,0.5248825987709798
1772,0.5085402142933145
1774,0.5916412526894171
1775,0.3972236431607108
1776,0.378199670006364
1777,0.4488588273132997
1778,0.6421456370051707
1779,0.35712115679075335
1780,0.4335278804402185
1781,0.29629209148051194
1782,0.4090074709506111
1783,0.5211472250704257
1784,0.3773084130728557
1786,0.4510361995805915
1787,0.2932116741771391
1788,0.4392483510939707
1789,0.4515097730674957
1790,0.5131163107319863
1791,0.4493317299488735
1792,0.5226908267089886
1793,0.22850794982450875
1794,0.50582811758495
1795,0.4667793476366776
1796,0.47565174417727085
1797,0.5641615893941456
1798,0.3919120758258723
1799,0.36811678751952126
1800,0.4771177467615272
1801,0.35147375834017197
1802,0.38407985405514344
1803,0.395023316962173
1804,0.45223138991038586
1805,0.49794360045770103
1806,0.45625031954122985
1807,0.308032466888137
1809,0.6301862434684604
1810,0.40188259183277636
1811,0.4549718810473358
1812,0.4523013490610853
1813,0.5596093468382102
1814,0.036079319722446185
1815,0.475235987831785
1816,0.5224625753259244
1818,0.5790718246759283
1819,0.39475039372332654
1820,0.5779682572412354
1821,0.3286503326227866
1822,0.5136799545251662
1823,0.4098749158406593
1824,0.42290364065632774
1825,0.4775758172682033
1826,0.5567208304661397
1827,0.5859449361887704
1828,0.5220889529667112
1829,0.48928840869667617
1830,0.46088219106422873
1831,0.5447153230601514
1832,0.5022700342581337
1833,0.28135001048624836
1834,0.30435454130817746
1835,0.3813832023324031
1836,0.12072929675847648
1837,0.37910444455755943
1838,0.4707591102306679
1839,0.4602827810448849
1840,0.45464126663153426
1841,0.43198149843031003
1842,0.36061826593112356
1843,0.3920275350671289
1844,0.36235836215231987
1845,0.591829429476978
1846,0.4031946492536205
1847,0.3572333116121837
1848,0.39057221713175394
1849,0.494184673227166
1850,0.05282865039990535
1851,0.458606701215997
1852,0.43681599093461954
1854,0.5344926285050358
1855,0.43972320659312847
1856,0.41417056248808837
1857,0.5423082514827626
1858,0.5256034401466358
1859,0.49971622401207416
1860,0.437843658627562
1861,0.16636006281435842
1862,0.3338235772841866
1863,0.4742063603351813
1864,0.5057994573895006
1865,0.5146436973680237
1866,0.6115152861103794
1867,0.4365464927355597
1868,0.5058652733890332
1869,0.6029038268379482
1870,0.37908008480704364
1871,0.4178453016926176
1872,0.5558828118344403
1873,0.541084450988641
1874,0.6651436264078371
1875,0.14556425027527692
1876,0.40884420094599294
1877,0.45878662472339804
1878,0.516451653603713
1879,0.6699311027885861
1880,0.5117545679056213
1881,0.4657317289293146
1882,0.4725659502427704
1883,0.3598183098908751
1884,0.26617198796674063
1885,0.3637169384001448
1886,0.4260719413409406
1887,0.4666233569722744
1888,0.4914385932377862
1889,0.44787720904810124
1890,0.36792722096743774
1891,0.3478045050423706
1892,0.4495598941715968
1893,0.48619758787976397
1894,0.4066949128748807
1895,0.42426624855724837
1897,0.3887480781971678
1898,0.40652115607398154
1899,0.5022193339575639
1900,0.4462075263964526
1901,0.48101125460131033
1902,0.5494258450964744
1903,0.5560104882743556
1904,0.33608031495973995
1905,0.5823178065462089
1906,0.6749486143262021
1907,0.6269279542269869
1908,0.5521692142046256
1909,0.3154228444233535
1910,0.6217668601287956
1911,0.4102971589759956
1912,0.42370488152807023
1913,0.5664821042429945
1914,0.32291136112444946
1915,0.353275012491958
1916,0.5339172189045142
1917,0.48704396873418027
1919,0.4212798738049108
1920,0.4840728048172858
1921,0.4043361728820063
1922,0.539555645942775
1923,0.43754299269321945
1924,0.3571832519493749
1925,0.5440177248527834
1926,0.4818010286077713
1928,0.4861021188796501
1929,0.4957388800546791
1930,0.6254189352687577
1931,0.4342235735348381
1932,0.45963819995589655
1934,0.35388998711813097
1935,0.5780231010838551
1936,0.6021732893597808
1937,0.5491477424804296
1938,0.5932560038718804
1939,0.40179138690588606
1940,0.48068276505692137
1941,0.41266055088825143
1942,0.5485628466389629
1943,0.3457848958943135
1944,0.44527953079403476
1945,0.48209988458263675
1946,0.5587529797856299
1948,0.5455011586555204
1949,0.3818401458445414
1950,0.7168007519399208
1951,0.5571422985532136
1952,0.5134917045468913
1953,0.419761493840716
1954,0.4648644045450372
1955,0.4169162453868343
1956,0.5779075503362707
1957,0.4602713817260346
1958,0.610501318308438
1959,0.48329035641216994
1960,0.5387183676309552
1961,0.4581008015807899
1962,0.32045025935938953
1963,0.5787139654509478
1964,0.3981577654367556
1965,0.5298956854481773
1966,0.38391773531344103
1968,0.5524845792112969
1969,0.5962655331153354
1970,0.26670219902617115
1971,0.4525993487483458
1972,0.34875852440685606
1973,0.32990806691294106
1974,0.08433731417284059
1975,0.38068590573097844
1976,0.5019420172374095
1977,0.15442524805318145
1978,0.326262570259257
1979,0.4702737409500477
1980,0.4648766225199522
1981,0.5483993377114337
1982,0.4086477893309615
1983,0.3794343426661427
1984,0.5825604418106626
1985,0.6015305617276746
1986,0.5371862890103849
1987,0.4373754270337911
1988,0.4850295820769121
1989,0.5258707904598072
1990,0.3000254918321753
1991,0.5267121099556286
1992,0.36922136587498355
1993,0.6240229737860452
1994,0.5796738963959434
1995,0.3978799222135717
1997,0.5879741628643603
1998,0.4977253237078539
1999,0.6129856981881078
2000,0.6197620414605198
2001,0.43473059437347716
2002,0.41422281566509017
2003,0.19093668767601665
2005,0.6037390428544618
2006,0.4221348599061687
2007,0.5214614112436526
2008,0.5875068998405779
2009,0.5116192792247923
2010,0.5004506408696934
2011,0.46009631751094693
2012,0.534440716188004
2013,0.44672163246622754
2014,0.5152650653555709
2015,0.3551079534755944
2016,0.5921774761759482
2017,0.47217375956403307
2018,0.4512993289062608
2019,0.5712769878815394
2020,0.5434448423096406
2021,0.38177322972299765
2022,0.6155202722208006
2023,0.42054627362198427
2024,0.49706008440881705
2025,0.5519940709036909
2026,0.4719931734533434
2027,0.5056405026607411
2028,0.35755507926044827
2029,0.42628318195440534
2030,0.4886979255865743
2031,0.4593566361555668
2032,0.43559457587294065
2033,0.5423521978218201
2034,0.6827712944884263
2035,0.5310393199544451
2036,0.391803162015759
2037,0.44076490940300106
2038,0.4329104462552597
2039,0.36163268110869956
2040,0.23600556081846763
2041,0.5224682845541708
2042,0.48259483238443174
2043,0.3722393718649114
2044,0.5473143140155469
2045,0.6490427726467186
2046,0.6234643430927014
2047,0.5443024465161699
2048,0.40709270600633185
2049,0.6662182375974056
2050,0.43069790876999875
2051,0.41488125114348595
2052,0.33798005349629096
2053,0.5340394443758749
2054,0.43351985264455767
2055,0.17517955544420097
2056,0.5844167557609019
2057,0.33454366985525347
2058,0.45986015225812726
2059,0.09496057143258052
2061,0.68624597259411
2062,0.4612090553899565
2063,0.5192028716433867
2064,0.6618792440791609
2065,0.18444841331622602
2066,0.05554828704877215
2067,0.4773880066301044
2068,0.3503130168008663
2069,0.2265825814426129
2070,0.5053177325187886
2071,0.43889742676835086
2072,0.5672453097673034
2073,0.4346691023237145
2074,0.6217109747368634
2075,0.5677268302431315
2076,0.410606486326766
2077,0.30721601987643327
2078,0.5372997568953355
2079,0.6381854586315641
2080,0.5980095958882835
2081,0.6200305135738984
2082,0.5919831719535887
2083,0.5454019739718156
2084,0.5059433979877391
2085,0.5337789647119878
2086,0.5715735249706778
2087,0.5434952183284231
2088,0.6682041162914293
2089,0.5067102003214475
2090,0.5901173415918994
2091,0.3895443314357108
2092,0.5552449775585294
2093,0.35092803773659104
2094,0.31501352192074866
2095,0.46592763844478086
2096,0.5709087485395951
2097,0.5665297745130382
2098,0.6548320320892875
2099,0.39886751397404263
2100,0.5192983485644809
2101,0.5165486041802597
2102,0.5395204044347456
2103,0.5155953393218812
2104,0.5579284965926101
2105,0.5574385049906894
2106,0.6239908236906765
2107,0.46548424705696406
2108,0.5877615055070193
2110,0.6373897299974539
2111,0.5252593341658218
2112,0.455202287444572
2113,0.7098554797686351
2114,0.6935491606040007
2115,0.5540569812370012
2116,0.5140181766750811
2117,0.37535504169150474
2118,0.3884563596057298
2119,0.5342101165882871
2120,0.471665842060457
2121,0.3254487121619079
2122,0.5432436035578935
2123,0.4087660953685736
2124,0.43467177064470724
2125,0.7281121130463191
2126,0.4906891257567938
2127,0.6138019271684358
2128,0.44192704758069556
2129,0.45012797743420807
2130,0.5655815252513239
2132,0.6513866282651996
2133,0.4037554201370533
2134,0.4539187139144239
2135,0.5467113639337865
2137,0.5257095857600959
2139,0.41702100066492925
2140,0.6637007966702646
2141,0.4535482684409196
2142,0.10507464976645853
2143,0.20798293440326152
2144,0.4111316489341702
2145,0.391736917771743
2146,0.422844823957896
2147,0.4869855673554358
2148,0.24995783671009666
2149,0.5250903529031691
2150,0.582459697059245
2151,0.4147345698595687
2152,0.5346005494300439
2153,0.6246146812816992
2154,0.6139909062722809
2155,0.7279426803346142
2156,0.5909386355966714
2157,0.5971536330664283
2158,0.5234389947298993
2159,0.2426501144443226
2160,0.5956925176772947
2161,0.43430599671244113
2162,0.6406275406996152
2163,0.6266285919468547
2164,0.5458930639099098
2165,0.6004553452452994
2166,0.34734433070375337
2167,0.3646239071208195
2169,0.50722651832733
2170,0.31949763249357127
2171,0.36235861250457685
2172,0.28886405558460404
2173,0.549656835830382
2174,0.5729007074479163
2175,0.6773128775001181
2176,0.2971954858329518
2177,0.4264824588597112
2178,0.6563081492976757
2179,0.6718922104479048
2181,0.6585094253018609
2182,0.3759819492010142
2183,0.6036954439523676
2184,0.600366759930434
2185,0.43188411710231567
2187,0.7382083822107037
2188,0.6569633762407966
2189,0.7234619144464836
2190,0.6092066725097766
2191,0.5946254260741164
2192,0.6046783833616813
2193,0.4284013479321188
2194,0.6670675706334016
2195,0.3767012467006455
2196,0.5142553356895663
2197,0.7863289947401433
2198,0.5783842421415722
2199,0.3622866246917805
2200,0.5961264532199874
2201,0.6240410683328352
2202,0.6782255101824999
2204,0.705587644012125
2205,0.5917670519895225
2206,0.6846412884500254
2207,0.6365784000936578
2208,0.5950827382580904
2209,0.7241620678269494
2210,0.6492211647159544
2211,0.4831513612786839
2212,0.2712268175034658
2213,0.46252714357498903
2214,0.5402199143132063
2215,0.5921321063471222
2216,0.43177560164085677
2217,0.6434715945753081
2218,0.49142563098010456
2219,0.6652443283768695
2220,0.5416947114026627
2221,0.5383011555662455
2222,0.6050174607948451
2223,0.6970190390548774
2225,0.5808746206967688
2226,0.34086487281719446
2227,0.6369747985042534
2228,0.4311506278561149
2229,0.661536413028671
2230,0.4250113123133034
2231,0.6843294891172397
2232,0.45778509282540575
2233,0.6093332939780843
2234,0.5245923470253023
2235,0.5609909868411448
2236,0.5123638601118307
2237,0.5365322486659357
2238,0.39361401729573764
2239,0.65025178509437
2240,0.5589029764898265
2241,0.3412087106022712
2243,0.6104399634264612
2244,0.7262632269916732
2245,0.7151008057439734
2246,0.6200288158785295
2247,0.6619305713641133
2248,0.4746083699620742
2249,0.7268296313711406
2250,0.7107725814990263
2251,0.6940502612395975
2252,0.470243291110104
2253,0.6264172472646312
2254,0.6554717965872229
2255,0.6054498194305722
2256,0.5747216370777772
2257,0.5358093529803309
2258,0.6215782199132558
2259,0.5587724294277674
2260,0.6962505046387719
2261,0.48346588008720004
2262,0.30351237300268336
2263,0.25310178032393854
2264,0.4753493624634372
2265,0.6380013379047806
2267,0.39320388312023447
2268,0.6226774466042894
2269,0.6010857410309413
2270,0.3754543176529271
2271,0.6276926003882227
2272,0.43848233885726445
2273,0.6980209397249684
2274,0.5623230424397564
2275,0.6883188435391877
2276,0.4811758575532562
2277,0.7182612574722707
2278,0.7377398807228597
2279,0.6793786430277596
2280,0.606122684524195
2281,0.5979079796329211
2282,0.5950626343041334
2283,0.12649079335625568
2284,0.6527033583056568
2285,0.5407708407197149
2286,0.364308638433913
2287,0.4009047446569224
2288,0.546542657451339
2289,0.4183891791579946
2290,0.6083773262722105
2291,0.5422858954565717
2292,0.7887736598993363
2295,0.6085908641713631
2296,0.718109866051528
2297,0.538456563599141
2298,0.5517980027814033
2299,0.5985642900350302
2301,0.6777304441577845
2302,0.6519720676886697
2303,0.3732046163780604
2304,0.6587662950950981
2305,0.6542898842894129
2306,0.6758084431061181
2307,0.3092015764466064
2308,0.618389917499349
2309,0.4751816080214486
2310,0.39417859624704676
2311,0.5710163429024318
2312,0.5825022273527828
2313,0.727623390126487
2314,0.6450438833002333
2315,0.7045273120098718
2316,0.5101477592041466
2318,0.640073433168515
2319,0.6872684745580849
2320,0.5635221729745616
2321,0.24280184551484024
2322,0.48715720033730925
2323,0.5916337639192144
2324,0.2128478597208734
2325,0.674737442521663
2326,0.6624936120293002
2327,0.5779368411750826
2328,0.5658698628105764
2329,0.3714715865713869
2330,0.3698172370400593
2331,0.7141083340212596
2332,0.46445948836494416
2333,0.5183908502734993
2334,0.7390940726132632
2335,0.3717329894192857
2336,0.5043335191082748
2337,0.6627023701046628
2338,0.7191352575571799
2339,0.45109280260395324
2340,0.4258205530419466
2341,0.5672277490133885
2342,0.2602800633040498
2343,0.4127586415700136
2344,0.6309229586953872
2345,0.7576733186555072
2346,0.3848005543879863
2347,0.33480467942821146
2348,0.46533270185467557
2349,0.5827975383347976
2350,0.6353013256383488
2351,0.2779980024769014
2352,0.5011542743093726
2355,0.6823000458436642
2356,0.45565433996739435
2357,0.781471872418103
2358,0.36174250524835966
2359,0.5718930664798948
2362,0.43406373816090704
2363,0.5720857968265897
2364,0.591532778865285
2365,0.669171129253543
2366,0.40162513749376105
2367,0.7055702828779009
2368,0.6157062616854662
2369,0.7557496482074054
2370,0.649917451322186
2371,0.7089567987682749
2372,0.5051376903649955
2373,0.747301402962152
2374,0.6049177286567106
2375,0.6218847910543799
2376,0.49055904127580935
2377,0.7394477972184215
2378,0.7546099161685229
2379,0.5755386004342399
2380,0.7722186698889516
2382,0.6810728694659285
2383,0.7886327352946786
2384,0.531456417586243
2385,0.4445049564723701
2386,0.470720504279945
2387,0.5499447563744508
2388,0.47321993470810797
2389,0.6036812036463067
2390,0.7044604836695926
2391,0.4854098584436831
2392,0.7263634895350735
2393,0.7941097585882825
2394,0.6806459573840192
2396,0.6985174224840862
2398,0.5802924978526688
2400,0.6917245873647353
2402,0.4088812679369549
2404,0.7096136335919769
2405,0.6495201762979556
2406,0.6683942958751086
2407,0.4283556333433056
2408,0.6280666228965894
2409,0.45163547031912976
2410,0.4858910524273414
2411,0.6869977551399042
2412,0.6184234799300299
2413,0.6655351578662868
2414,0.7109232624373365
2415,0.6350072421683919
2416,0.6596844074387633
2417,0.4799241974948132
2418,0.7063206996158929
2419,0.5598043972414478
2420,0.5439447835014105
2422,0.5513904805670188
2423,0.6487770561180795
2424,0.4837491426212486
2425,0.784454130746371
2426,0.613292469268695
2427,0.6325323899523877
2428,0.6723237578227633
2429,0.7302609098146886
2430,0.6966794631636128
2431,0.47356400573776963
2432,0.6124965572084182
2433,0.6447470881686201
2434,0.6607144156664838
2435,0.675983812670769
2436,0.6865178731967035
2437,0.48636530352364554
2438,0.4285956541357461
2439,0.6236157155710969
2440,0.5922256679856777
2441,0.7001925473799255
2442,0.4505642054134387
2443,0.678579498484598
2444,0.3343934762940779
2445,0.49885605142501427
2446,0.6627858352175361
2447,0.6493953192391773
2448,0.5413483357985925
2449,0.7626268439915002
2450,0.6675634128441548
2451,0.6967213477793679
2452,0.460125079066628
2453,0.6998474368640821
2454,0.7046647471084446
2455,0.5069822505074141
2456,0.7542186797584954
2457,0.7163378210378075
2458,0.5843060717108662
2459,0.6804420047601397
2460,0.690026127109834
2461,0.6270879509775721
2462,0.7547970617336343
2463,0.5291030399712124
2464,0.5708073438417096
2465,0.7651969340524544
2466,0.40351409246818676
2467,0.7101956164132998
2468,0.46218064372840756
2469,0.537009744063218
2470,0.7455637430447704
2471,0.5573470693973596
2472,0.3933382351348502
2473,0.4479500626792221
2474,0.6156973402068167
2475,0.6859674823517773
2476,0.7643370689966854
2477,0.5671044518105871
2478,0.6008409835850813
2479,0.7122449531930461
2480,0.504504477547638
2482,0.6696070782885821
2483,0.572806516074315
2484,0.5140348328847034
2485,0.6582022269838184
2486,0.37221810861744314
2487,0.4171598071324961
2488,0.6112490230089469
2489,0.5187695424925475
2490,0.7858024776319726
2491,0.5167596444497998
2492,0.7243945303439598
2493,0.38598495357666357
2494,0.725209078975251
2495,0.6427593978906091
2496,0.7556543600524395
2497,0.553047036800379
2498,0.462470680412366
2499,0.7060418714749003
2500,0.1936997125314559
2501,0.5940729642315091
2502,0.6110737976218541
2503,0.6677451252682131
2504,0.4112785544356772
2505,0.7119334412585986
2506,0.6513998309375034
2507,0.7078146920812243
2508,0.4304127851992516
2509,0.23504506396433603
2510,0.751542865526322
2511,0.502164798121007
2513,0.47768245775751267
2514,0.7011113915403041
2515,0.7250058257398897
2516,0.3901200394293734
2517,0.7081758742019438
2518,0.7519478324716569
2519,0.5578479839222429
2520,0.5844900104928996
2521,0.7480324672825797
2522,0.46588815862355853
2524,0.2850024304241019
2525,0.8236681596717665
2526,0.6504807752728643
2527,0.6100833451962414
2528,0.5231445739323399
2529,0.5614024832664892
2530,0.48376361216375835
2531,0.6720288507786359
2532,0.6211273746309163
2533,0.5622730795419897
2534,0.698022781717195
2535,0.6010741979587066
2536,0.6409251594008343
2537,0.5147751786193221
2538,0.704846232955708
2539,0.49409372012986646
2540,0.5620884091349239
2541,0.5592276792850317
2542,0.5345298951616679
2543,0.8195508034245845
2544,0.7329578870915667
2545,0.4709935252306887
2546,0.733356677787683
2547,0.557043517765709
2548,0.2987444496082735
2549,0.6879852026004857
2550,0.5340703054161366
2551,0.5773135353119281
2552,0.7411061295130277
2553,0.6874501319157309
2554,0.7230880432558653
2555,0.6354007448230755
2556,0.7236347652178402
2557,0.5448611313643807
2558,0.5931112899310409
2559,0.7682954180265428
2560,0.7134863751977073
2561,0.513030969446876
2562,0.5557574415169917
2563,0.7384630244672322
2564,0.6771064752817595
2565,0.8307745597515467
2566,0.5919703480359534
2567,0.7016978292136546
2568,0.6009664945255837
2569,0.642951067378815
2570,0.6526515796396507
2571,0.46998020037986027
2572,0.6389798439343793
2573,0.4764844455229912
2574,0.46037771977063274
2575,0.6647925977530444
2576,0.5731939671087375
2577,0.6958965110246672
2578,0.673179399040492
2579,0.6549037525818895
2580,0.6464329698178266
2581,0.5190589044473501
2582,0.47501029006380363
2583,0.39665428646769174
2584,0.6810058504881544
2585,0.47287893815916515
2586,0.7574561302198333
2587,0.5433980612398344
2588,0.5399191039083607
2589,0.670258162255048
2590,0.7315329490941441
2591,0.7587755062773379
2592,0.5180635578711139
2594,0.7848941533961235
2595,0.6826218977680953
2596,0.5055245586370227
2597,0.5959630879733128
2598,0.7584145665011268
2599,0.4425821466983858
2600,0.5837500520033312
2601,0.7277110239056935
2602,0.6095025377510503
2603,0.7466588318422324
2604,0.5801971700611914
2605,0.47837210185574286
2606,0.6816763686286165
2607,0.6555798935321778
2608,0.6696992505309051
2609,0.7476881139076095
2610,0.7494361098990572
2611,0.7876243771683191
2612,0.7222581429685057
2613,0.6908901347926991
2614,0.684700332518141
2615,0.818675734806824
2616,0.7855212827216274
2617,0.8130303113680768
2618,0.7719515248680006
2619,0.621900943338505
2620,0.6842993523342502
2621,0.537612519174943
2622,0.7113688610044943
2623,0.5051797282785162
2624,0.5279759885807446
2625,0.7551611609207856
2626,0.7767186321235819
2627,0.7575028938560595
2628,0.38569999909874164
2629,0.670392354618717
2630,0.7584457702707502
2631,0.5738495918833977
2632,0.6612986864627942
2633,0.6578454922092236
2634,0.6484950049337881
2635,0.6418609283643174
2636,0.5705983074200996
2637,0.6973281888959788
2638,0.6514929968691521
2639,0.6246871431318518
2640,0.754278195577953
2641,0.48540019262600004
2642,0.5978777022494178
2643,0.38021517658161413
2644,0.49223131048107605
2645,0.3867786318009528
2646,0.5104555083325379
2647,0.5847418117990965
2648,0.6081565253497944
2649,0.7458567540780991
2650,0.5952979757706222
2651,0.7067328211483617
2652,0.6654599419974816
2654,0.7133934487708073
2655,0.5925509551107391
2656,0.6494785481947768
2657,0.623876676868957
2658,0.7365847034836603
2659,0.7912637995357333
2660,0.6048753170826301
2661,0.7504388613886126
2662,0.7406346189444502
2663,0.4215229311587756
2664,0.5841711966631401
2665,0.6372440989434621
2666,0.5465367838637569
2667,0.45573843627062127
2668,0.8041950267475816
2669,0.7121733094602776
2670,0.3964805410829283
2671,0.6029968133368061
2672,0.8027029240449469
2673,0.6726608153263164
2674,0.8135806250821461
2675,0.7642439013119542
2676,0.6416486809339098
2677,0.8261040557801514
2678,0.6535401027063582
2679,0.46884034846823075
2681,0.7908411499324828
2682,0.40425490728399505
2683,0.6840439933333448
2684,0.09585394198417875
2685,0.7405476298935719
2686,0.5047723164850487
2687,0.5322763454262242
2688,0.7691401622220462
2689,0.804321024480092
2690,0.6047020527373322
2692,0.6348053446430312
2693,0.6015196316387459
2694,0.7452835796320101
2695,0.43213210640440014
2696,0.7774532838906707
2698,0.4949131507363869
2699,0.5272968981816196
2700,0.6537764881723508
2701,0.6803584599013015
2702,0.5611316090014261
2703,0.632161241572806
2704,0.7402227230583937
2705,0.5811872292003578
2706,0.7371281888075506
2707,0.35448852726254426
2708,0.6288003926170211
2709,0.7359970705722727
2710,0.76424765319864
2711,0.7089004208708353
2713,0.03164329985443396
2714,0.42417714288153896
2715,0.7242031435182148
2716,0.7021479248293057
2717,0.7756674781790961
2718,0.6652894190468815
2719,0.7779989360028189
2720,0.6391220295386099
2721,0.7462617247092753
2722,0.651621934566613
2723,0.8351507873916366
2724,0.6867083480532729
2725,0.5088604784079266
2727,0.3357940321538678
2728,0.8256250789764898
2729,0.6735516131327661
2730,0.3846176372421638
2731,0.44902022545759973
2732,0.610901820033352
2733,0.7591176681849379
2734,0.7457890529134912
2735,0.4994007493659657
2736,0.8423965332017587
2737,0.6684730393804165
2738,0.8210346754254118
2739,0.653822228572096
2740,0.687260005887058
2741,0.4372874493247287
2742,0.7264928748344499
2743,0.6815361372795607
2744,0.8405386034174169
2745,0.6476643788551194
2746,0.6326022792081596
2747,0.6824731253449935
2749,0.6686478466953629
2750,0.30774129178717463
2751,0.571253777695889
2752,0.47877012105775485
2753,0.7679176797088364
2754,0.6363251390635095
2755,0.28390060031151615
2756,0.48257017229661375
2757,0.5284983995421972
2758,0.5692451865316334
2759,0.561347437754009
2760,0.7987480116475286
2761,0.7550264545285027
2762,0.674092456744937
2763,0.6383089584361802
2764,0.7816645998346297
2765,0.8262899652300411
2766,0.5919667010358957
2768,0.8064404329589058
2769,0.7508350277356951
2770,0.711378408604098
2771,0.6338302111566436
2772,0.7357709108777553
2773,0.5198946893751205
2774,0.8248073640523229
2775,0.6317974343589582
2776,0.8118003312095566
2777,0.6934352316194708
2778,0.6777249021957947
2779,0.8427999037451126
2781,0.8647637773999114
2782,0.8489495005107764
2783,0.7563284788980955
2784,0.42131117032579507
2785,0.5771913028984863
2786,0.6822746188895192
2788,0.7660829383711824
2789,0.5360199511568798
2790,0.7983611565795076
2791,0.6454318538575474
2792,0.79679490357614
2793,0.859629894541281
2794,0.7563938933940996
2795,0.6510620071578228
2796,0.6255476911981658
2797,0.8189269251153362
2798,0.7645933492106277
2799,0.5131480521981554
2800,0.8228413618608772
2801,0.7431531620663099
2802,0.7516459774543003
2803,0.741670811913584
2804,0.647297568228502
2805,0.7903993220976571
2807,0.7126208629168582
2808,0.4755413642535844
2809,0.6838430174113364
2810,0.7588474179098996
2811,0.5968111832116229
2812,0.7977755815401821
2813,0.8097682303789195
2814,0.8227721525160726
2815,0.6771321224596158
2817,0.6571865580368645
2818,0.7446863759851005
2819,0.7144726568359854
2820,0.8411647931077053
2821,0.2570837304057168
2822,0.7992098759881677
2823,0.5077861547905616
2824,0.6360112074552481
2825,0.5840948402580552
2826,0.6285426365744322
2827,0.750873250165393
2828,0.5205315420933772
2829,0.7610956200935627
2830,0.7208140737562249
2831,0.46770865774159287
2832,0.6717194720431325
2833,0.7308714801096258
2834,0.8874090093696155
2835,0.7694666500777972
2836,0.550453370961962
2837,0.474378968301917
2838,0.8429351586289364
2839,0.6662945754863113
2840,0.6486512798153282
2841,0.6368587360645018
2842,0.6020062648629317
2843,0.7116942472784517
2844,0.49812293106172356
2845,0.7514477756197548
2846,0.6079732340290499
2847,0.7875029595371025
2848,0.8384378942997508
2849,0.5489188809020552
2850,0.6939180195170156
2851,0.7272650855209561
2852,0.7067008402637326
2853,0.8415533627688682
2854,0.8586418354601614
2855,0.8810967172099494
2856,0.5271950626008605
2857,0.7338321263105384
2858,0.8136860412673416
2859,0.8271715524554935
2860,0.738461706689098
2861,0.759929752100236
2862,0.8109828606545922
2863,0.20933547765788493
2864,0.8049546266959116
2865,0.7094011024621739
2866,0.6079330299381323
2867,0.7529465702927695
2868,0.7336688666686587
2869,0.4214017125359816
2870,0.7542821818274337
2871,0.7307285370505497
2872,0.7068652099684963
2873,0.7291532830231754
2874,0.8535183959014608
2875,0.5520982526710339
2876,0.7613646603349898
2877,0.7939118776205097
2879,0.7968451762269144
2880,0.547658476836537
2881,0.7520439295405
2882,0.8484841671492737
2883,0.35184853287010365
2884,0.6179282275424137
2885,0.4598716290051107
2886,0.8131864539237105
2887,0.7648314883090597
2888,0.7878137571604509
2889,0.7474964145575805
2890,0.8077648630583801
2891,0.832983155556733
2892,0.6599011811155309
2893,0.7157349287135555
2894,0.8188996064296736
2895,0.6414061285043605
2896,0.7941131212683445
2897,0.8102498828928987
2898,0.8180710414397439
2899,0.7661638107953705
2900,0.7522071404075658
2901,0.4576541673266413
2902,0.635168480533328
2903,0.7390148092142245
2904,0.7162148828102336
2905,0.7865105044599215
2906,0.7796079622244456
2907,0.8207407820059046
2908,0.7429739935915302
2909,0.8643891631760747
2910,0.7718717066320039
2911,0.7233632500177337
2912,0.8609867059279582
2913,0.44592673393834664
2914,0.5513656051752702
2915,0.6851134540734638
2916,0.6211895300876477
2917,0.7378327634271137
2918,0.5748746758145554
2919,0.8293682874249027
2920,0.582878207922678
2921,0.5544826157186071
2922,0.44336516573488893
2923,0.7772756019596868
2924,0.5185249118365833
2925,0.7096925729120899
2926,0.8181041408687281
2927,0.6342333068327167
2928,0.6183693272886389
2929,0.7277444498717947
2930,0.5960916439254493
2931,0.6418028008758555
2932,0.45255951935796634
2933,0.8724845871950352
2934,0.8063083715039158
2935,0.8203564764537853
2936,0.46275954385580675
2937,0.7720711904960949
2938,0.5562277097349088
2939,0.7020706697318914
2940,0.6303644746817995
2941,0.8295247346290101
2942,0.8173507153209935
2943,0.8071202073204065
2944,0.8206036576044827
2945,0.4129548558445686
2946,0.7469319518910413
2947,0.8102962048377328
2948,0.8691938308975666
2949,0.7921490161607784
2950,0.6818859204791933
2951,0.6486026097399957
2952,0.6876881756611524
2953,0.8370223999548424
2954,0.851168110609285
2955,0.7926864931165357
2956,0.8255392676925243
2957,0.8380631417261262
2958,0.773117342476981
2959,0.7940715430629371
2960,0.669292787265473
2961,0.8219593524834509
2962,0.8153008952760901
2963,0.7220674421583436
2964,0.5749486553797329
2965,0.8728455179636281
2966,0.7057086202663326
2967,0.8121341229771072
2968,0.8226993688537051
2969,0.5841528252378106
2970,0.8424024461621935
2971,0.7458288338797325
2972,0.8436430261833936
2973,0.8023560831277877
2974,0.6307158464135979
2975,0.8485998643555324
2976,0.6557499893818406
2977,0.8394685356358851
2979,0.7644172554544411
2980,0.7778291039715994
2981,0.7184520290833238
2982,0.7068988237490262
2983,0.6468547422378779
2984,0.8461980280003619
2985,0.7689135519766577
2986,0.7537638125240644
2987,0.5216850675345095
2988,0.8496370450593859
2989,0.6973741176391743
2990,0.784904026745911
2991,0.6806363207263617
2992,0.8045377463902532
2993,0.7250572686878081
2994,0.8418781599685725
2995,0.7649061799654118
2996,0.8793618770763273
2997,0.7032601198253692
2998,0.8728531605668807
3000,0.7143916229088125
3001,0.8557334485386735
3002,0.8745409491232621
3004,0.8973157580693668
3005,0.6500165769232326
3006,0.8784825056051663
3007,0.8665922108340292
3008,0.8829557774814533
3009,0.7839519532159747
3010,0.8531123052243742
3011,0.6667171513041452
3012,0.8010247410108151
3013,0.7578234940119716
3014,0.6900017868583076
3015,0.8075656567700414
3016,0.8260918648105665
3017,0.8290647492435604
3018,0.869284632630798
3019,0.7574550694049839
3020,0.814556829378074
3021,0.8465431065771665
3022,0.40829661766435255
3023,0.5447112358368529
3024,0.847762633653461
3025,0.8218110273232734
3026,0.8874646304661385
3027,0.8547708828400441
3028,0.866015826088745
3029,0.7720817679122773
3030,0.8084266659743176
3031,0.8684407243013547
3032,0.5075251445666802
3033,0.7483433572541119
3034,0.7348584763447583
3035,0.8268692493944402
3036,0.8500793453087168
3037,0.7163862511828012
3038,0.822456291426821
3039,0.7886381315138694
3040,0.6722789092725212
3041,0.6298807571535489
3042,0.8092456892209273
3043,0.7501421984804498
3044,0.6988336192557868
3045,0.6696916389047849
3047,0.7635152999783681
3048,0.7864196030320717
3049,0.8158836741106789
3051,0.8244018251874038
3052,0.5413376601997958
3053,0.7257191147151024
3054,0.8291729864875466
3055,0.7738836909882021
3056,0.8046757464567945
3057,0.7466148262823652
3058,0.7857170558296425
3059,0.7403689171997955
3060,0.6742557863227144
3061,0.7961095334713454
3063,0.857271982478911
3064,0.77510299733445
3065,0.86932784595044
3066,0.7131021234581492
3067,0.8406617350133871
3068,0.8923521124479645
3069,0.8799559791927584
3070,0.8064974433136362
3071,0.7549069618991645
3072,0.7984269826389931
3073,0.7979623286933608
3074,0.8693046042298578
3075,0.7440153923256719
3076,0.7692099995140268
3077,0.4624384801816133
3078,0.7985386088450261
3079,0.8143865114514502
3080,0.3838511503477481
3081,0.728148676285575
3082,0.8286029591062843
3083,0.8548652855490162
3084,0.8251526804989523
3085,0.8423150766730162
3086,0.4593674666003159
3087,0.5286745961006102
3088,0.7855850161620411
3089,0.4265234131072733
3090,0.48642636362668423
3091,0.7507859056961728
3093,0.7348866993780346
3094,0.6592687575358996
3095,0.674462947852007
3096,0.8562955777790948
3097,0.6690521769515406
3098,0.6563407765404424
3099,0.7860514407245676
3101,0.8237250062608462
3102,0.8258363138317161
3103,0.8124118958630123
3104,0.7592292142757021
3105,0.8449703754950844
3106,0.6349038485103027
3107,0.8378391089431152
3108,0.8119270934962403
3109,0.79541065985944
3110,0.7785877752969147
3111,0.4239419511524313
3112,0.829091689621227
3114,0.8134336564642883
3115,0.19835611209974865
3116,0.47434407458586164
3117,0.7053605958257295
3118,0.8076285164855116
3119,0.8361801010734983
3120,0.7494255655079365
3121,0.566085856634607
3122,0.7147580391546818
3123,0.6468796698181805
3124,0.817946510209411
3125,0.7619701689800705
3126,0.6403457473961632
3127,0.6331558901818752
3128,0.8075334446884835
3129,0.673627104316018
3130,0.8045777036571209
3131,0.4806746687292285
3132,0.6897452433765088
3133,0.8762148458619621
3134,0.8509606704320836
3135,0.762890339672343
3136,0.7355450211061907
3137,0.8029928491335423
3139,0.7987876347668457
3140,0.7388754955193692
3141,0.8605149753229886
3142,0.8531786997068995
3143,0.725681772940671
3144,0.7460806341677756
3145,0.7946904008464801
3146,0.4017365056115272
3147,0.7263756667820448
3148,0.8500978518385206
3149,0.5816434752105581
3150,0.8270518619257623
3151,0.8122929914969407
3152,0.7507460978007982
3153,0.773154209466127
3155,0.6689285203571257
3156,0.8442793078548567
3157,0.8729941440575509
3158,0.8090516768287895
3159,0.8562376218030677
3160,0.8259562268565833
3161,0.9066782566407549
3162,0.7714860922176617
3163,0.7543180071725918
3164,0.5987904848948451
3165,0.5488493887915837
3166,0.5243872247159922
3168,0.702672552986063
3169,0.5706882869729757
3170,0.8100535334680443
3171,0.8282191370040173
3172,0.7956853329277253
3173,0.5570506616705778
3174,0.7623118109475994
3175,0.5841110157021797
3176,0.5171085016795348
3177,0.8383806272662486
3179,0.8605362860785509
3180,0.7269159395069369
3181,0.8254827808386742
3182,0.922721663467148
3183,0.29440536330604916
3184,0.5963144680151566
3185,0.38985873295523144
3186,0.4499740026925303
3187,0.6811085027656301
3188,0.5854092475839533
3189,0.8924586943591922
3190,0.7453982193723926
3191,0.6972950466647777
3192,0.5955712140233848
3193,0.8260612206110169
3194,0.7734573001661161
3195,0.8231859034739517
3196,0.8636665579663507
3197,0.7381451334520903
3198,0.8229888719873109
3199,0.7811806792843693
3200,0.7062324166011337
3201,0.8746482651612624
3202,0.7963487668229964
3203,0.44030657104039306
3205,0.8612975393119318
3206,0.8006642206613294
3207,0.6185843008027949
3208,0.7990805671593997
3209,0.7697466436710434
3210,0.6833700907072766
3211,0.9024859422774131
3212,0.9096960238433528
3213,0.7703442585044423
3214,0.8351658524334202
3215,0.7032262096340799
3216,0.6848937498572608
3217,0.7950931807659493
3218,0.8085499023594701
3219,0.8223828846268899
3220,0.7617061260486016
3221,0.8707579400384016
3222,0.885729083391034
3223,0.8266475689056884
3224,0.7584555806442866
3225,0.7390106992919965
3226,0.7200187622140941
3227,0.7834534712090975
3228,0.7364575743902831
3229,0.7690559958430443
3230,0.5684686738792581
3231,0.7802250602527828
3232,0.7604715458555298
3233,0.504567463505948
3234,0.8855228277408986
3235,0.6624399946674068
3236,0.7579063268134086
3237,0.8425482324810842
3238,0.8806155397981282
3239,0.782118974901397
3240,0.8608395373156591
3242,0.8556396864991245
3243,0.889235433576115
3244,0.8259363995960115
3245,0.7990206846889083
3247,0.8544265914434919
3248,0.8840674391495819
3249,0.7904967374652044
3250,0.7488659803158777
3251,0.8179385980580693
3252,0.7333066867030608
3253,0.7711424674569026
3254,0.7803768817782302
3255,0.7093590279564503
3256,0.8143514080667204
3257,0.8298139455217975
3258,0.7972160101382354
3259,0.7684287778084263
3260,0.8167061943636474
3261,0.8314350717971243
3262,0.8092290375304774
3263,0.4215747687852249
3264,0.9191347540455383
3265,0.807741707456964
3266,0.8524094842144582
3267,0.8714500412569008
3268,0.8706671495847803
3269,0.6440630187216095
3270,0.5081969280491496
3271,0.8459302225285998
3272,0.8121691545878824
3273,0.7084025068627283
3274,0.7674563811675358
3275,0.587168323957614
3276,0.8273766441182268
3277,0.6399578506821509
3278,0.6682808901826252
3279,0.7603850107715078
3280,0.716413839796778
3281,0.4978517895277625
3282,0.8080921078057531
3283,0.7883143363165269
3284,0.7740799187179375
3285,0.7963308092808546
3286,0.8272026280253253
3287,0.781590949342578
3288,0.6831871124848661
3289,0.8801721031292313
3290,0.8725747791266799
3291,0.8460964776772084
3292,0.8936045704481305
3293,0.8118003677409712
3294,0.830473714766892
3295,0.8428542187448954
3296,0.7431986160896356
3297,0.5510239627410195
3298,0.6826127239719649
3299,0.8847577888229579
3300,0.895105027423297
3301,0.6840959159590619
3302,0.8744149053960328
3303,0.574712060535087
3304,0.846000590329408
3305,0.863879045371775
3306,0.747991253996613
3307,0.5147406294580406
3308,0.6894098619891401
3309,0.8332841098234682
3310,0.8372548792291686
3311,0.8574115869819695
3312,0.7183823876188578
3313,0.8740993062671943
3314,0.6357718754171133
3315,0.7261763429334307
3316,0.8677305647104437
3317,0.8546058687126724
3318,0.6983206271431093
3319,0.8524548387339569
3320,0.4339051411539387
3321,0.7265607882615638
3322,0.7726459494850739
3323,0.6829772145269892
3324,0.856905189187211
3325,0.7023535568915571
3326,0.9188911381425232
3327,0.8639348116920349
3328,0.5438307974108681
3329,0.8807836014962221
3330,0.9013195576931752
3331,0.8536913427546896
3332,0.8681492468378599
3333,0.7711965879606153
3334,0.8225941315986145
3335,0.8586540837706
3336,0.7481636400099163
3337,0.9235211327597312
3338,0.9093883830603995
3339,0.9079546097736032
3340,0.9156894397469543
3341,0.8403378327420394
3342,0.4394169613268901
3343,0.9104079322599512
3344,0.8774729923274674
3345,0.8162966362974428
3346,0.7621203695696173
3347,0.8207512687960883
3348,0.5909701490001549
3349,0.8915936180022963
3350,0.8244785497167523
3351,0.8605349616101736
3353,0.8220257463236409
3355,0.8491454158628051
3356,0.752220904318888
3357,0.8516433288624092
3358,0.8297705177015835
3359,0.7776991117503975
3361,0.8869449939146247
3362,0.9055212564572709
3363,0.8625210084042012
3364,0.7290130168666358
3365,0.8642485155493955
3366,0.9266367921097844
3368,0.7282162573172921
3369,0.35792754580950253
3370,0.713816458855917
3371,0.37043276385677104
3373,0.4735117125258024
3374,0.847698211948105
3375,0.8642979261572105
3376,0.8301790896955472
3377,0.8492824576010282
3378,0.7163890123659088
3379,0.7716875708665963
3380,0.5742229916936197
3381,0.790487887242521
3382,0.7819728380761007
3383,0.6588607853025075
3384,0.8834188287269951
3385,0.828277497235494
3386,0.8685651774407426
3387,0.7734224030957005
3388,0.767551957456108
3389,0.8172128453803192
3390,0.6136554832469178
3391,0.799738831786595
3392,0.8758422678386482
3393,0.6298355382710029
3394,0.8838121439416268
3395,0.16026113915792872
3396,0.7581380324738102
3397,0.7220342675637521
3399,0.11293878467009072
3401,0.06210739409568267
3403,0.4317998918856431
3404,0.18389801386571308
3405,0.6283895045826352
3406,0.22269215022496208
3407,0.0876299730500168
3408,0.36030709960422863
