1,0.5534038018699396
2,0.29120237558352724
3,0.4734306219296474
4,0.36276058549017753
5,0.4255887429957441
6,0.40309021909302967
7,0.3075036648075297
8,0.1581418230161408
9,0.49380402273869417
10,0.37677358275237954
11,0.4196207156788625
12,0.306648050735638
13,0.4232879792856225
14,0.3588714604187821
15,0.30162957935966284
16,0.2834097082037747
17,0.3541215035644165
19,0.2745777630446331
20,0.3687177966181687
21,0.41116830209986327
22,0.3457731099877328
23,0.35859561384337946
24,0.3812215054963388
25,0.39175965401784024
26,0.30544675550280487
28,0.34528584492628484
29,0.3817525245307226
30,0.40190829485979324
32,0.3260115702043949
34,0.46435787859346594
35,0.459974982474638
36,0.37992918687472343
37,0.4476583812357713
38,0.4254801701176234
39,0.23354666778378486
40,0.46440833784034613
41,0.3601505181970223
42,0.42140300540711045
43,0.2918787184325374
44,0.40744112021988255
45,0.3337984621689313
46,0.4695324783207814
47,0.40994623391290175
48,0.3792911119301776
49,0.4471673437624362
50,0.3655596787509277
51,0.3257106996528186
54,0.47200380821827564
55,0.33900836538370943
56,0.2139568593773681
57,0.32458449653732024
58,0.5698496964263342
59,0.3230000162652876
60,0.3743482861399569
61,0.510369303514005
62,0.47546539655064185
63,0.27365376220793675
64,0.30560883086443213
65,0.3448320137120092
66,0.3332217256924777
67,0.3336811424770563
68,0.3991649945990966
69,0.42465077540831536
70,0.28899623156413146
72,0.4573111645395025
73,0.45140552486427854
74,0.33486200140381434
75,0.34012973273512476
76,0.29115379076067727
77,0.2599455958738968
78,0.42177297525641555
79,0.45583773729959004
80,0.32042177458804944
81,0.45007827090204877
82,0.23442824077300062
83,0.7313519383902798
84,0.3128271094384845
85,0.3510285797734205
86,0.29383296227448313
87,0.4271010760218765
88,0.2806559886094493
89,0.4541096622146663
90,0.46953420356550596
91,0.27394961082724933
92,0.30829592194436034
93,0.37500294370060067
94,0.2854156784493354
95,0.2966552551989996
96,0.3322169475255477
97,0.4138088597289062
98,0.2324016684061182
99,0.5351688997340913
100,0.4265045799160702
101,0.3346758933109364
102,0.31178226292067673
103,0.4692274323614641
104,0.5522519539113357
105,0.37449661927076083
106,0.26206239122138836
107,0.34821072087848165
108,0.28108720446370206
109,0.3961963144795046
110,0.3207732702153311
111,0.35326220901031047
112,0.27345928199084446
113,0.3506679578099467
114,0.4938035070791736
115,0.3767805573719366
116,0.4364847525361435
117,0.36485494522374623
118,0.32660503721127426
119,0.5865234599365168
120,0.35385725368225585
121,0.3710836882508337
122,0.35362023025611145
123,0.48939810235114445
124,0.3307925060369439
125,0.4267851682648419
126,0.4860895185140135
127,0.34527887563114285
128,0.30750554115284434
129,0.41597701666744946
130,0.37172643402974526
131,0.47842380351394215
132,0.4596534310337793
133,0.44909692680212426
134,0.331415951569609
136,0.46113210457349396
137,0.4684993828996741
138,0.5543340194705232
139,0.3194642503293608
141,0.45763609264551736
142,0.6113311574626069
143,0.3327438182451455
144,0.3675110759411798
146,0.32256256655726967
147,0.4860611055910123
148,0.26685020928046765
149,0.3593929889098468
150,0.29981237626327834
151,0.41976638497643465
152,0.3656076145326311
153,0.4191801192610941
154,0.4007995586467021
155,0.3206827597839377
156,0.5224449388285985
157,0.3069621552315734
158,0.4401005709392972
159,0.3955695328752818
160,0.33054129708326185
161,0.3239486288095239
162,0.48738295426186534
163,0.3299301280034423
164,0.29452751141470984
165,0.4459475794532553
166,0.40004269910938256
167,0.43882680487439385
168,0.45119543686598007
169,0.2696315564683809
170,0.3051147687625105
172,0.223076669376929
173,0.3095501016174373
174,0.31883371158137647
175,0.3607991467290185
176,0.2184160202041018
177,0.27735281107210197
178,0.30159753083944524
179,0.30669583496011393
180,0.3295031894067859
181,0.32514807508570387
182,0.44764936190702204
183,0.3899744915255439
186,0.3405336049681071
187,0.4149560092627322
188,0.44532237589938567
189,0.3253346721647662
190,0.5004520193411295
191,0.4505710204288448
192,0.43587644718009955
194,0.3949956267225773
195,0.45808728851721214
196,0.49564388959906824
197,0.33377250076857934
198,0.37164362928548
199,0.41251317970520157
200,0.5101490690171544
201,0.32771402963141405
202,0.3551799909510933
203,0.3997456657967854
205,0.26898919183177006
206,0.24983698417168276
207,0.46788548900262567
208,0.328614355294985
209,0.40807793804167664
210,0.4381989130719094
211,0.49697647756094004
212,0.48671845643584416
213,0.4151288185902293
214,0.48963787636492456
215,0.3186098921297344
216,0.32258853029313056
217,0.350762972397214
218,0.48382283465747306
219,0.321975510483187
220,0.4023585467100872
221,0.43414890697693814
222,0.37690677952256824
223,0.43287424710024003
224,0.4034954066178066
225,0.2523007373058312
226,0.24831698681970474
227,0.38157962632731685
228,0.3600776814346853
229,0.376543336526832
231,0.2817739533901151
232,0.33766354812913935
233,0.7653553161612092
234,0.3613341987750727
235,0.49485443980909893
236,0.3399907944619778
237,0.4409707779264906
238,0.32215056526114255
239,0.3248334605299963
240,0.4287532130503785
241,0.3961986901339464
242,0.34917286551879356
243,0.41457734043733036
244,0.39140068029151565
245,0.4429345704821684
246,0.3017931783166033
247,0.3964189565462057
248,0.2746580951643137
249,0.3244732912493051
250,0.38426805933250147
251,0.725721929588108
252,0.3634770902786765
253,0.49513320108566655
254,0.41997577156168187
255,0.3537886209232944
256,0.3168247143298292
257,0.49548984287374254
258,0.36418105990595867
259,0.405191720296017
260,0.34667572668469504
261,0.33765016903630685
262,0.39176100865546515
263,0.3194145186830685
264,0.37889006448090534
265,0.2746018148863725
266,0.4877563381366626
267,0.3200522633315138
268,0.339399039611598
269,0.3963444417138656
270,0.2635209713410867
271,0.3732298654704766
272,0.4327975814189898
273,0.4717224949647761
274,0.25406193844252994
275,0.5442586494069512
276,0.4067046900487181
277,0.3303531982774801
278,0.3910530827960971
279,0.30698170798086927
280,0.3211526577896319
281,0.4697316621042443
282,0.3602785067354266
283,0.3570552227784486
284,0.44331494341254335
285,0.37706223211586815
286,0.4269672339571692
287,0.157127675957144
288,0.3404089834161733
289,0.46195020715658586
290,0.47333155950133415
291,0.30926700380891164
292,0.4534591664009261
293,0.44060311589768586
294,0.23168456097737566
295,0.46052120111556105
296,0.36842278582257243
297,0.5015880471944927
298,0.4888619727698672
301,0.3278491065491818
302,0.39504586416438076
303,0.3344773025832752
304,0.3191398037018731
305,0.41241784863307196
306,0.4737364805424842
307,0.4271944985124028
308,0.45351400624880334
309,0.4734505074505336
311,0.40317852640326046
312,0.31770095781829194
313,0.3691167741623621
314,0.42650989613133655
316,0.28086667574070534
317,0.5104229696471977
318,0.3707438778098268
319,0.4612267791861658
320,0.3222581019243976
321,0.3969236671753449
324,0.277640912729878
325,0.4032900396318966
326,0.4365181562980454
327,0.34095300916396004
328,0.24679688195078445
329,0.2751696573344987
330,0.3346545744551651
331,0.3759592131238025
332,0.17391995068202504
333,0.33873454926208124
334,0.48576522133902417
335,0.3830584959696997
336,0.42451840009047526
337,0.37421651857114663
338,0.3838134792291685
339,0.34574223416238425
340,0.38920247835521354
341,0.37632483850625237
342,0.3706115977686538
343,0.41974755125174446
344,0.38221774993920155
345,0.4670883827739756
346,0.3033781943785704
347,0.4122579523591232
348,0.4311182585820569
349,0.42062253117255455
350,0.3544019401146231
351,0.42085894654695527
352,0.3873755378784195
353,0.3976109490352545
354,0.3663598348053362
355,0.48592731259960276
356,0.468359413508684
357,0.46214319182771657
358,0.2843664777943807
359,0.4338996061089443
360,0.33359553661682534
361,0.3420739193077986
362,0.3913075831149608
363,0.4075986611087871
364,0.3779311601760089
365,0.4417472072545162
366,0.3300277496066026
367,0.279812067341637
368,0.4867476890352939
369,0.2994289922919827
370,0.38814746939061096
371,0.33286673322413884
372,0.32486719413009374
373,0.42445866742619576
374,0.41323552461834523
375,0.47439294449053643
376,0.4273346141301646
377,0.4474195991339201
378,0.36243803821870374
379,0.39886143391781637
380,0.45063129259542734
381,0.5510518390340085
382,0.36289528415373723
383,0.8847763365372588
384,0.3750415455871155
385,0.4452793431573454
386,0.5567979154575706
387,0.3461573876874946
389,0.32004419602545225
390,0.39465479028149997
391,0.38375664417240435
392,0.5159539289184147
393,0.31912536240787215
394,0.35169468464222664
395,0.46818147059529325
396,0.3691137642452645
397,0.507455169803746
398,0.32725627645877353
399,0.28809572198135835
400,0.32836992654839164
401,0.33438720868466565
402,0.37105152828612104
403,0.4540367386756477
404,0.34362008844931263
405,0.5846490625327911
406,0.37350190594538335
407,0.4458683968174718
408,0.43151306383897003
409,0.31119481667050347
410,0.37465127824511973
412,0.43544701155618004
413,0.4567851656797325
414,0.3867040237330387
415,0.36623758863166306
416,0.4398086172589474
417,0.3186257967793139
418,0.4243599569457066
419,0.34042560096761365
420,0.3520537737440353
421,0.36263854879608914
422,0.4505715688530547
423,0.47546730180701846
424,0.46765748824513526
425,0.27458894204228657
426,0.4419075828665802
427,0.34130069688492337
428,0.5169087952398956
429,0.2710253173490979
430,0.3857844890354786
431,0.47479767041061544
432,0.5019865615760589
433,0.43557479247547537
434,0.4777446145893549
435,0.4881646822286973
436,0.47292641222551446
437,0.30345652681994756
438,0.5785063410959335
439,0.2979000033898782
441,0.4060119109669915
442,0.4507642545650621
444,0.47565179225929
445,0.5082422806796455
446,0.34105326688970444
447,0.3867055973710919
448,0.48556155243793325
449,0.47004900299658564
450,0.3110745150455738
451,0.35956382273153253
452,0.4300159745209663
453,0.3413440650271588
454,0.3894417750917496
455,0.4338193423598256
456,0.4213403786030946
457,0.45935789629423834
458,0.44614541178087813
459,0.37364164426831636
460,0.3344532771823014
461,0.395192105717338
463,0.3809378415201763
464,0.32408973630298377
465,0.42012838210379533
466,0.6059418000900638
467,0.3846540751572504
468,0.48701793218848904
469,0.3021071056572853
470,0.35158683311008637
471,0.43748524049208337
472,0.2695461082987535
473,0.4690135224167088
474,0.45409387341973745
475,0.42040045382402325
476,0.40629710968192445
477,0.367642558701646
478,0.3974039269927704
480,0.4052279040448984
481,0.4242997966081327
482,0.44141889630022746
483,0.43847550014716474
484,0.3458632140425096
485,0.3593578750821025
486,0.40001700845204685
488,0.30537917544222115
489,0.41648432700951793
490,0.4457888746813538
491,0.32365195478769554
492,0.6324158072134518
493,0.464110378913369
494,0.3723548532026436
495,0.42521880943499174
496,0.3239887618924562
497,0.35949540281719344
498,0.3631174798839196
499,0.2516134841290062
500,0.3702102316671538
501,0.33283266725096367
502,0.29151632866194666
503,0.437613596474634
504,0.42079892754255793
505,0.32878952118742916
506,0.337141045039115
507,0.3204447180788565
508,0.34952556574184823
509,0.3538256511436426
510,0.33857760342387067
511,0.5798031705914567
512,0.3580806904185316
513,0.332568235943851
514,0.33236017668225853
515,0.42581276306437
516,0.4089969528002494
517,0.3456953420384977
518,0.42494834576408386
519,0.38471450221275866
520,0.39459994560376854
521,0.46224145690343005
522,0.48319370230507114
523,0.3775715546443897
524,0.2694624211379934
525,0.4403105566164628
526,0.4871099603390412
527,0.4153360420181822
528,0.26680194380420236
529,0.5022901157506542
530,0.4205322540457597
531,0.41081292875951847
532,0.38898107307346796
533,0.5343105634863239
534,0.5333769929759166
535,0.43164847114153276
536,0.3901237560286015
537,0.3171075237835977
538,0.40382550155882674
540,0.3854933989356541
541,0.3660593103684301
542,0.49839060211006286
543,0.4187870556846655
544,0.7119314041347916
545,0.48544789255581056
546,0.4085944122658909
547,0.5133726749554088
548,0.42150847714509826
549,0.484817849503453
550,0.509305742229124
551,0.4204603002395092
553,0.468081671168483
554,0.3371242572380202
555,0.46770753554206035
556,0.3194611025242204
557,0.4748852055500445
558,0.31854147346953976
559,0.4551743673096774
560,0.40284395455201183
561,0.3442690632927644
562,0.4663041329550431
563,0.6153773518942685
564,0.33355133587808056
565,0.4677758495955816
566,0.41872592690575905
567,0.3871447095467568
568,0.6521449234583144
569,0.3983886512470074
570,0.45634963940557166
571,0.3719550718379868
572,0.3960206273143691
573,0.32792785633094707
574,0.47830843182416266
575,0.45286236545686304
576,0.35492230642055217
577,0.32802410619160954
578,0.34371735821411203
579,0.34547937657980193
580,0.398522307454822
581,0.42878259868530844
582,0.37516754722407086
583,0.4658691660689295
584,0.3397132538776511
585,0.5277406489896738
586,0.3163334071970962
587,0.41690162168644596
588,0.3795790721779344
589,0.667459110243225
590,0.4173825135454338
591,0.3709041850952408
592,0.4983473530708225
593,0.3845577287620323
594,0.502789606622634
595,0.11460775168301375
596,0.44235249278216204
597,0.34481668036861973
598,0.3763374478658329
599,0.5662639200640952
600,0.4817943445850768
601,0.48157844014084644
602,0.47873829138183843
603,0.45966434111868293
604,0.4406906104362031
605,0.43850854178142024
607,0.23594390310402485
608,0.4760744557024366
609,0.5187108917083121
610,0.3357805188066877
611,0.48258823999479616
612,0.4900094069186155
614,0.4601020223564574
615,0.4265550065078522
616,0.3979966741641504
617,0.38532972954741385
618,0.30676054172087724
619,0.32506982434868675
620,0.46939258715042453
621,0.5156558684458752
623,0.32582168667626404
624,0.34745581288497507
625,0.4297300874384019
626,0.32032725029095965
627,0.22538363622546137
628,0.3373796300816019
629,0.3794635631490774
630,0.36358568467115904
631,0.465114373849732
632,0.2769738066182756
633,0.5077961695941724
634,0.42983509234009504
635,0.46729028963578817
636,0.41302418457405354
637,0.4554924153124596
638,0.34496520076491055
639,0.4115656005029317
640,0.49167410828225105
641,0.5257822212763219
642,0.5638421633853364
644,0.6918374863378921
645,0.4879241669126851
646,0.3926798220239872
647,0.5444859243682325
648,0.3617647329139869
649,0.4318475197963664
650,0.45615037038042505
651,0.383498290891384
652,0.4219926325905701
653,0.24525569932403743
654,0.430750026501403
655,0.35554059308576946
656,0.31383912658190616
657,0.497193624791167
658,0.5186212224572866
659,0.45600639360947515
660,0.386355147791369
661,0.49080234779017384
662,0.4525378663233829
663,0.4103823379346409
664,0.367576934383202
665,0.32178238128526737
666,0.5132397658171813
667,0.3551997102898478
668,0.3692232551410106
669,0.2677038301028777
670,0.37501637911519803
671,0.31000640877257524
672,0.33074443273300835
673,0.4090514565705358
674,0.4836551239193698
675,0.554887119357872
676,0.32887683607667717
678,0.6977032762835375
679,0.31550448316596663
680,0.3562378931675959
681,0.39073512539274563
682,0.32941174536460843
683,0.32836552986346457
684,0.3416490274166089
685,0.3421555314304689
686,0.3933824215200496
687,0.42106245669437986
688,0.5641129590331598
689,0.3669581118502561
690,0.46381039086271264
691,0.5120539930848155
692,0.3822252008356762
693,0.35316251622513445
694,0.367730980408271
695,0.4979328446665647
696,0.36032765214825496
697,0.6353392125840256
698,0.3363561280122524
699,0.3745106943591781
700,0.4198460788018092
701,0.38192294327699056
702,0.3398834224617002
703,0.3202459218202918
704,0.506502589225541
705,0.49969212192503343
706,0.4092600416164238
707,0.4203135216298703
708,0.47232377484615146
709,0.4063120639217785
710,0.43029409678603986
711,0.39839175277508293
712,0.4067607058608915
713,0.29138542715319155
714,0.32131527797774706
715,0.31832855654604647
716,0.3269827542780564
717,0.40203137932935207
718,0.4637519004596592
719,0.43848028961945545
720,0.31987299477261544
721,0.4425187937667039
722,0.39123104285335
723,0.4993158597760412
724,0.3886878228946466
725,0.39202490948054663
726,0.36068755565685945
727,0.38225258952470936
728,0.18692974123597916
729,0.3207492445528987
730,0.4196084465997635
731,0.41080591012783857
732,0.4530010759354058
733,0.4821648492067279
734,0.37548867891653753
735,0.4098072724611386
736,0.37751682046895413
737,0.5113923896216278
738,0.362701889692035
739,0.3461511415920546
740,0.41807357890717034
741,0.5954120783432848
742,0.378482466714149
744,0.33568017199306976
745,0.46769338290641793
746,0.4134882480070567
747,0.4100821120845571
748,0.31502152039428105
749,0.5168482826322742
750,0.4342767792788888
751,0.5078125335428852
752,0.5445097380488131
753,0.2848148643821998
754,0.37469628462067056
755,0.32839112002065124
756,0.2850383178840089
757,0.6646573527971201
758,0.4751668976707053
759,0.3414399968647586
761,0.47268397852169525
762,0.4402641065265351
763,0.5073617072520477
764,0.46280658276185693
767,0.3134338042534319
768,0.4656900008104775
769,0.37569942840689624
770,0.3916933555292897
771,0.28314103777734406
772,0.25890519438070386
773,0.6814866580887061
774,0.32615234827344997
775,0.4946987418233695
776,0.29778602565875967
777,0.6165654320491302
778,0.7808046852114219
779,0.3333778231626322
780,0.4380732401827949
781,0.41566314475078936
782,0.39951208246991404
783,0.32571771746828565
784,0.3384594575816467
785,0.4844941720643388
787,0.3758071592805069
788,0.3872354455936062
789,0.5225662314257022
790,0.39294570557317005
791,0.40522810454862157
792,0.24115342573706186
793,0.3412970938287949
794,0.3175495867007122
796,0.32572290699612244
797,0.4693212324833802
798,0.40167484455750935
800,0.49464608471762433
801,0.43412690556693023
802,0.3428197481604785
803,0.42276509029786835
804,0.29883611552633077
805,0.24725423485893347
807,0.4245774309932137
808,0.4513043477891714
809,0.5527005533708594
810,0.6054045563107161
811,0.3653940815867855
812,0.3011902834382025
814,0.6987102701520366
815,0.36444528702129714
816,0.41320461499309696
817,0.4292277329030517
818,0.39004278560148786
820,0.43186720592114597
821,0.46674334281864743
822,0.4374518760225627
823,0.4437050163011751
824,0.3414105494592134
825,0.4393266141762571
826,0.3271863256627008
827,0.47196447607937914
828,0.413304360100915
829,0.3642549367008432
830,0.3681976119514483
831,0.3445952639765803
832,0.287086975923096
833,0.48884658594008473
834,0.3922744196706474
835,0.2815177316083355
836,0.4893201292238049
837,0.38174887197324364
838,0.38763949485499904
839,0.39976079694091865
842,0.3474880814835045
843,0.3521086650229447
844,0.4947428888703567
845,0.3995383711670759
846,0.3733287106420466
847,0.42142757507864975
848,0.31998568080016454
849,0.34129034445866185
850,0.38521048815317627
851,0.4718666828525315
852,0.3585721641486578
853,0.26485399215176403
854,0.4487926756292239
855,0.6224815826641694
856,0.5257904148788067
857,0.4688957587260955
858,0.7677008543323057
859,0.3304942260370575
860,0.3419573246337083
861,0.4796145510175534
862,0.4851815263284866
864,0.312456936678961
865,0.44242732634145
866,0.428339880870511
867,0.30862811183978817
868,0.3926288310181778
869,0.4842818374541443
870,0.6099755560121085
871,0.5378938600893296
873,0.33953354313781064
874,0.45790432786485524
875,0.26050679669259463
876,0.44192884142615363
877,0.5720806691405972
878,0.3423472789798606
879,0.39330154096842757
880,0.3577236052296732
881,0.3889794003104218
882,0.8277712440835513
883,0.37947963600163737
884,0.47250431005074905
885,0.35952188234419663
886,0.6658133154443678
887,0.43472209845963383
888,0.728457704761039
889,0.4133011994676488
890,0.38830036966856146
891,0.33091415256573253
892,0.4526294119187075
893,0.5064873683018096
894,0.3281760714225054
895,0.5631818856097793
896,0.5140633346883293
897,0.3246822787502137
898,0.4618240902082738
899,0.5034901102660794
900,0.38921658201443177
901,0.531629316235333
902,0.4092205778380526
903,0.4587164383171181
904,0.4814153884293681
905,0.5330020613071907
906,0.33947005977767797
907,0.35916768199612376
908,0.3929319486014265
909,0.49982410900381025
910,0.3380153119108335
911,0.44657720019838565
912,0.38791658442296223
913,0.46204144575415107
914,0.4635608250079145
915,0.44563169138494824
916,0.4965055345906424
917,0.5077318967915658
918,0.47979394069025133
919,0.48404584426728775
920,0.3184267022304752
921,0.497460341800028
922,0.43059847635402854
923,0.4011620300412001
924,0.30699596682426533
925,0.4072778662201164
926,0.5982217909252878
927,0.3394349342561427
928,0.42607140759973583
929,0.5057223799591698
930,0.30759306359647365
931,0.44730018697290336
932,0.40640027870320816
933,0.5024610560143936
934,0.4947651998675085
935,0.2687118044713792
936,0.34459854001085216
937,0.6006369581906865
938,0.4973226509459638
939,0.4017457502344759
940,0.10660894716918129
941,0.32947022429239936
942,0.374308396866973
943,0.42059788242803736
944,0.5991869319547318
945,0.4763279126172899
946,0.487773416333369
947,0.4260184586655146
948,0.4180218514630828
949,0.5435874752589516
950,0.3685275034904971
951,0.4935735951658571
952,0.47767660410821894
953,0.16276692526951186
954,0.4182194613392381
955,0.33262234813127317
956,0.3463588225238175
957,0.3787177585351897
958,0.39222074037531157
959,0.24863745906519563
960,0.5310902297510999
961,0.27294274403518026
962,0.3925940707031897
963,0.4789111530398574
964,0.4758837275079318
966,0.4385546391313635
967,0.3444212988866094
968,0.3901751173438706
969,0.32539982885214463
970,0.39888141233880214
971,0.3958426577188796
972,0.3453624378164264
973,0.5118409991491533
974,0.32228861194278824
975,0.44006119460186155
976,0.46236430333670064
978,0.4161247803042219
979,0.5717931268440641
980,0.6790529382144094
981,0.3882544788000014
982,0.5961116828879295
983,0.5791045811704045
984,0.5442415345874227
985,0.4057079788700744
986,0.501073102523108
987,0.41902440411187375
988,0.38018180483017366
989,0.29208238949786786
990,0.3586767772615195
991,0.457628082851946
992,0.4174100780677613
993,0.3622668102533148
994,0.3643790261157943
995,0.45463945479995543
996,0.376442406306743
997,0.44268472239627693
998,0.35312508072573495
999,0.45692880148746673
1000,0.557134485796223
1001,0.32809347058228633
1003,0.3771760766601894
1004,0.41961459014634783
1005,0.44149415416194726
1006,0.45324335278429223
1007,0.3927080490554025
1008,0.4479588358878505
1009,0.3561365541909839
1010,0.5146975028421747
1011,0.5736747092658749
1013,0.3523280285389101
1014,0.39360416616206345
1015,0.3384725267469382
1016,0.5043935916981646
1017,0.314159956094236
1018,0.5523586574438991
1019,0.5903726168365134
1020,0.43104718036036266
1021,0.346929756241623
1022,0.4427183888046546
1023,0.41800128024685135
1024,0.41689260491877117
1025,0.38016855202292277
1026,0.32134812238496324
1027,0.37286039543477395
1028,0.4435899845441388
1029,0.3469081310207879
1030,0.4179022088419619
1031,0.6049731081551691
1032,0.35981949172262107
1033,0.48720282848173196
1034,0.5102851527136173
1035,0.2257425030114477
1036,0.3272142217196811
1038,0.4374649363442186
1039,0.3627879325104727
1040,0.48983907839581703
1041,0.39487759387083193
1042,0.43887589374258446
1043,0.3773062796340855
1044,0.45646474767492456
1046,0.5086666803064873
1047,0.3386499903511815
1048,0.4978056332055879
1049,0.3972502450107845
1050,0.26680710585978634
1051,0.2787613763321082
1052,0.2605537692700157
1053,0.48786975539973454
1054,0.4794815514836551
1055,0.6747769050497541
1056,0.15687410341748143
1057,0.38387479576677896
1059,0.3350997512379353
1060,0.36962473007674856
1061,0.6248297457548639
1063,0.38510782593087983
1064,0.3683309112341681
1065,0.3410232140513924
1066,0.5957697027636102
1067,0.46895090469924205
1068,0.2011910254247082
1069,0.39418595586208954
1070,0.6330514518464456
1071,0.48148557419307414
1072,0.3880380721675731
1073,0.33367709063952034
1074,0.500057902885178
1075,0.42360711274728263
1076,0.41836967078545606
1077,0.5332554637496282
1078,0.3399148304387158
1079,0.43938596539250496
1080,0.4863307033899329
1081,0.3447486969193219
1082,0.3227170688128991
1083,0.26174318327845864
1084,0.46392559218118434
1085,0.4087400392464841
1086,0.48318107615801137
1087,0.23022078014218172
1088,0.3851320059148344
1089,0.3439995906340202
1090,0.34885611046485615
1091,0.3956387024950299
1092,0.3673616147374223
1093,0.21724783648599338
1094,0.35678499016542803
1095,0.35379062831904246
1096,0.32486219105006137
1097,0.36774541203786354
1098,0.353988560386316
1099,0.4368781308077392
1100,0.30029816767605316
1101,0.5103101422965062
1102,0.3809261807348037
1104,0.47916479368261977
1105,0.33018663934488945
1108,0.7740875180040253
1109,0.3289215763389643
1110,0.4616520135870172
1111,0.7048274643160973
1112,0.4655511749662915
1113,0.555204577682638
1114,0.31987252283087647
1115,0.43428407852591755
1116,0.5171068740031267
1117,0.386271761642663
1118,0.6131002963891475
1119,0.6509620527227102
1120,0.3846680053593676
1121,0.3748302151256699
1122,0.3471943328675694
1123,0.3979465542179246
1124,0.4018705643961245
1125,0.5063815916468343
1126,0.5528329639602144
1127,0.473232560499778
1128,0.3510092240093006
1129,0.4728610406067651
1130,0.3042833400283529
1131,0.3316133788455012
1132,0.45816032058980205
1133,0.36260070519727355
1134,0.46181962544789773
1135,0.5063809357561557
1136,0.5442413792274396
1137,0.3374829290530241
1138,0.618276792185301
1139,0.3220815847893828
1140,0.3296537282244405
1141,0.5723480742333328
1142,0.34820500880203864
1143,0.4422450458705954
1144,0.3770497208387981
1145,0.6847312822027238
1146,0.4717203805017379
1147,0.5990755597435276
1148,0.4561015149072443
1149,0.34796896928641524
1150,0.5418502514259864
1151,0.49875543532083316
1152,0.3817348842762834
1153,0.4651911819329469
1154,0.4773106077266865
1155,0.35918959607125833
1156,0.5503225469015999
1157,0.47968220018533586
1158,0.41666568088734524
1159,0.33414730213650146
1160,0.39601279372042003
1161,0.652428564119185
1162,0.41357196199989776
1163,0.3943445918666055
1164,0.340936637704503
1165,0.4841668735958004
1166,0.6265228922708793
1167,0.6006619027624589
1168,0.43630530010200536
1169,0.41890087369752493
1170,0.3979084256530588
1171,0.45550291014529615
1172,0.4905995287025661
1173,0.40534038821355917
1174,0.3939771060788392
1175,0.30154963769044185
1176,0.28360364796348825
1177,0.369156690338514
1178,0.647890019224421
1179,0.4910983060247016
1180,0.48613711524364817
1181,0.2509355046897321
1183,0.3922294617069352
1184,0.4872865097255116
1185,0.36658189046289735
1186,0.2513196959610949
1187,0.4806102369361026
1188,0.3962978011887602
1189,0.437542340739711
1190,0.48066253420462457
1191,0.43992523317129784
1192,0.2929803372402949
1193,0.49972263857352317
1194,0.34331199065401014
1195,0.3430810151023135
1196,0.475495359457866
1197,0.4848203429506754
1198,0.49042807675334754
1199,0.34344541126835576
1200,0.37779637968386476
1201,0.3783438594535539
1202,0.43290925916161255
1203,0.8013555075956823
1204,0.4836292293115539
1206,0.32568861677880095
1207,0.4363879698783829
1208,0.48179288138326076
1209,0.33014511687598047
1210,0.3841681285415446
1211,0.3823242081855172
1212,0.5029669633052314
1213,0.4735127958286074
1215,0.2832679598668749
1216,0.3875915412901401
1217,0.3265244212152005
1218,0.37355441307041143
1219,0.4783668105955001
1220,0.39846776904953374
1221,0.47482523185426967
1222,0.3460537817457265
1223,0.49393197693940777
1224,0.4766666376261427
1225,0.40568027296335957
1226,0.3553755664649297
1228,0.5133700761597766
1229,0.41908277512774306
1230,0.3415464044183277
1231,0.635183095799488
1232,0.3869556696888684
1233,0.3917349882149007
1234,0.5038642944459543
1235,0.3639685826091448
1237,0.5018346130373977
1238,0.5143444845526666
1239,0.3344046651823028
1240,0.4185499013221764
1241,0.38789219917402024
1242,0.3334344040922144
1243,0.4851182376790102
1244,0.3605819077414577
1245,0.4716195860277539
1246,0.4863226970645144
1247,0.4350311830662336
1248,0.5486210004630082
1249,0.5303468235590698
1250,0.7569381224599131
1251,0.524410875581727
1252,0.42070759090742654
1253,0.3798480700659331
1254,0.45820629480100666
1255,0.37275368976122414
1256,0.40591954294722515
1257,0.45681848394763086
1258,0.7353131345162415
1259,0.4486567869919931
1260,0.5018426209952664
1261,0.3291343680272759
1262,0.43815596288703845
1263,0.4751800651904521
1264,0.3974334748363226
1265,0.4913049577079239
1266,0.34324627476915004
1267,0.3810347849125145
1268,0.3715684863318097
1269,0.4416396474723855
1270,0.45554733760665833
1271,0.5731514805182066
1272,0.3365169555397353
1273,0.3672441173583089
1274,0.5155313423917265
1275,0.49401239608562814
1276,0.5059930858793703
1277,0.6535052642013889
1278,0.3943941449320991
1279,0.4637163899320867
1280,0.3757448497113197
1281,0.4782536266204584
1282,0.3727704434495139
1283,0.48320073055299656
1284,0.449188924193214
1285,0.4536633969110497
1286,0.2983885600702893
1287,0.4709038271477223
1288,0.4308075489880756
1289,0.37907669924653087
1290,0.38330192967229004
1291,0.4052952054474938
1292,0.3583347939854622
1294,0.5004451430676291
1295,0.36575635970118836
1297,0.35942807472936406
1298,0.33003015953898
1299,0.41497958741490626
1300,0.4473070731479401
1301,0.39020396118687
1302,0.48033615504551924
1303,0.31957722365910696
1304,0.44512137748900854
1305,0.4242755655244494
1306,0.26418854471135905
1307,0.40813392006548804
1308,0.495126014236207
1309,0.44224363702556635
1310,0.3627487303908699
1311,0.41837741928901284
1312,0.3332745858331258
1313,0.5727549351999106
1314,0.32177171867984183
1315,0.3762849707008991
1317,0.44765637338328684
1318,0.5571153352710998
1319,0.7292266916722826
1320,0.4043343924416826
1322,0.373970818809443
1323,0.519891690885818
1324,0.4263939169109608
1325,0.411955945636775
1326,0.49126108226192167
1327,0.34208285811799216
1328,0.32926089961801186
1329,0.3329583120769253
1330,0.3519664373287101
1332,0.34215386639732853
1333,0.5005768334745303
1334,0.4830319106258548
1335,0.41638724390426285
1336,0.3859793680574894
1338,0.557055487318997
1339,0.30645278745913024
1340,0.2844862263558503
1341,0.21122655009154018
1342,0.3783103876821827
1343,0.7251784948440414
1344,0.5950005800441159
1345,0.4796992818674148
1346,0.33994480255342513
1347,0.358443388828649
1348,0.5199888835905891
1349,0.37146094197483526
1350,0.4067997218595047
1351,0.3562036974942945
1352,0.36053397832884854
1353,0.47441179734157446
1354,0.47452381036779345
1355,0.47651835225791395
1356,0.19005333902258895
1357,0.34810354568744223
1358,0.3574299650882456
1359,0.3853169423541671
1360,0.5072354599241566
1361,0.4522929300204562
1362,0.718370904828646
1363,0.5098904483128173
1364,0.29846271514336953
1365,0.5312108297201087
1366,0.35345363564799476
1367,0.47544066337832075
1368,0.7378151398308866
1369,0.3900244311852157
1370,0.3400979244184785
1371,0.6597920347528282
1372,0.49686226715426346
1373,0.47138301768698115
1374,0.504581031772525
1375,0.4046481939872313
1376,0.4708815858932899
1377,0.3943145688524158
1378,0.3644294970888077
1379,0.2768490623550589
1380,0.5235120461547296
1381,0.3729542142723432
1382,0.40514330675315374
1383,0.4383567314949213
1384,0.3827439514756784
1385,0.3666405022972709
1386,0.35072008809642263
1387,0.6173370760393843
1388,0.38419345943719035
1389,0.398786258273374
1390,0.36647173707782227
1391,0.3253662358612573
1393,0.44598894613256523
1394,0.5402050145278828
1395,0.4753450443303285
1397,0.46101751643755906
1398,0.31098188391798853
1399,0.41745228450415267
1400,0.552458072228873
1401,0.5085290138067203
1402,0.4108096656765062
1403,0.3718858941315506
1404,0.4607666622858064
1405,0.5480361944649498
1406,0.3463975401527551
1407,0.39673277762875264
1408,0.48579896708181924
1409,0.4417690347347767
1410,0.3843333837876992
1411,0.3197666336732601
1412,0.4640842345611779
1413,0.6031446788072279
1414,0.4107684296886231
1416,0.49973948454069905
1417,0.407021341134567
1418,0.6592264107335692
1419,0.3711605082505005
1420,0.3450819102798177
1421,0.7543796579022302
1422,0.36947050923371966
1423,0.45594463471922475
1424,0.5042791320203106
1425,0.398066932626249
1426,0.5325936738715455
1428,0.4778048922056685
1429,0.2527756350345016
1430,0.3318527816342289
1431,0.3965662464847805
1432,0.4323217007512105
1433,0.30576695632910234
1434,0.58357714610231
1435,0.2924733421060662
1436,0.40659016750899296
1437,0.65510121707635
1438,0.4581985969662235
1439,0.5156659722150229
1440,0.3727132014839434
1441,0.3308033262518504
1442,0.42329727463440653
1444,0.5121662032886106
1445,0.5696922339350858
1446,0.4353825281037794
1447,0.6167463967193378
1448,0.3227028667579101
1449,0.48554705263023706
1450,0.37871128766212814
1451,0.399659627777836
1452,0.5927445896092497
1453,0.35110366215412003
1454,0.5204740840880228
1455,0.3796448184228752
1456,0.7198258400992112
1457,0.4190570267744004
1458,0.3880803181211166
1459,0.3686988777412429
1460,0.6962408290286112
1461,0.34789989111957687
1462,0.4147412118644611
1463,0.6432493746651012
1464,0.45840687316648154
1465,0.5835662659038225
1466,0.41640688256233205
1467,0.5102022446630591
1468,0.42717789841166004
1469,0.4225880828148982
1470,0.6403503068045328
1471,0.4029703166088033
1472,0.524718647494698
1473,0.6712643612302831
1474,0.34633400494902156
1475,0.4213412140349555
1476,0.37652806898946517
1477,0.6373508047574482
1478,0.35600039508357273
1479,0.5126581791460741
1480,0.45304198421542874
1481,0.40366753563174346
1482,0.34905516673949455
1483,0.46566651780186924
1484,0.4494508127153523
1485,0.5526445644660176
1486,0.3895140776697616
1487,0.5317197444158447
1488,0.40147211797033794
1490,0.3624324512232353
1491,0.4700649983688227
1492,0.42971234468158037
1493,0.332104000463635
1494,0.3905385472570661
1496,0.5932348608299947
1497,0.7633961669307651
1498,0.3370743754211218
1499,0.3470916020940156
1500,0.5755437420435472
1501,0.6743385926246243
1504,0.39906241724860786
1505,0.3226137285972487
1506,0.4323191722182416
1507,0.3343004933881233
1508,0.34533536721602065
1509,0.37043511897203396
1510,0.4768507777372204
1511,0.3921832954086307
1512,0.4835133852934404
1513,0.5000705379629774
1514,0.32243578413189683
1515,0.4678586594117479
1516,0.34155638037594316
1517,0.3297251186205515
1518,0.4151025237482333
1519,0.27364421651682985
1520,0.4018922368166446
1521,0.35763103630022924
1522,0.5411935306974202
1523,0.5370389184024622
1524,0.2619904815512788
1525,0.3519979886008857
1526,0.48164658656239817
1527,0.23210479778333246
1528,0.5564269678895084
1529,0.5840478730619744
1530,0.5735968763944403
1531,0.4507224976833451
1532,0.4237289699478972
1533,0.564162721587351
1534,0.4504725033387463
1535,0.3887954485041476
1536,0.5191988117085472
1537,0.5159121522518387
1538,0.30532710706928584
1539,0.3561543357667512
1540,0.3616167551120084
1541,0.36993399730329796
1542,0.5717401993907477
1543,0.4292236680589879
1544,0.33953648905757855
1545,0.40673420241408254
1546,0.39665306729910427
1547,0.2973641579141578
1548,0.3814691376416962
1549,0.4895505900488091
1550,0.3358042389875106
1551,0.49372680753656006
1552,0.34558653914713056
1553,0.36434523259145807
1554,0.612541880453863
1555,0.5647260433288366
1556,0.6453177033304354
1557,0.40726561561488767
1558,0.4928031564969207
1559,0.3951915540485317
1560,0.5440092772499234
1561,0.4514114495453026
1562,0.4476961426078779
1563,0.3675438836290131
1564,0.509884458803275
1565,0.44634163518756564
1566,0.24265730735595303
1568,0.4001952188111174
1569,0.47128044054433016
1570,0.39691033111605906
1571,0.45135622571145895
1572,0.7410671613566471
1573,0.6121383561402898
1574,0.4023035056974918
1575,0.3725869476733958
1576,0.41051164809395513
1577,0.6518520941696307
1578,0.5409969695247907
1579,0.38745853162984095
1580,0.58786777859164
1582,0.6672734579526622
1583,0.40115245453779746
1584,0.6938104167680189
1585,0.4405331135200812
1586,0.5762999633565432
1587,0.36580200532852897
1588,0.5988426209482343
1589,0.5400262655610701
1590,0.33916717546858477
1591,0.5974207683034966
1592,0.33855546760297267
1593,0.3422840286634482
1594,0.7649381122815474
1595,0.5985876045341648
1596,0.5036855159269173
1597,0.3542316168232439
1598,0.32366843690964403
1599,0.45774391456239
1600,0.34638782315079003
1602,0.4713473022738159
1603,0.3462123711881412
1604,0.4591879186609929
1605,0.7702537159679105
1606,0.4126276337913429
1607,0.2948329484280704
1608,0.6512502099853463
1609,0.4038386420003581
1610,0.591918586147143
1611,0.5625195763173099
1613,0.525444807920369
1616,0.6111728309010362
1618,0.7420638826088053
1619,0.6307133200048767
1620,0.7193012999334453
1621,0.48874936801847885
1622,0.4134297715403764
1623,0.45349634221366675
1624,0.46839693815696193
1625,0.39546758910822893
1626,0.42661673975545633
1627,0.32273048882329286
1628,0.5079919171602545
1629,0.4445470793125647
1630,0.4933549125029503
1631,0.45559869600643027
1632,0.5498883212399848
1633,0.6750953463090111
1634,0.5072328734505029
1635,0.34739715358806145
1636,0.661907560235992
1637,0.40506589636924223
1638,0.4811311293297701
1639,0.43446558985778266
1640,0.36261543041512284
1641,0.5077031075440572
1642,0.5530541186464963
1643,0.5422859461059266
1644,0.4395999524591303
1645,0.36149524946708594
1646,0.42449209685894285
1647,0.4681356072977439
1648,0.23159458143166553
1649,0.4528209278068472
1650,0.4637005114843496
1651,0.37562314607963126
1653,0.5288824453685148
1655,0.2642966605131128
1656,0.48102945326336083
1657,0.45840852539121196
1658,0.39156312726121323
1659,0.4290826163821581
1660,0.5132160073547122
1661,0.5137160138014085
1662,0.3539560371574629
1663,0.5848298754502472
1664,0.4542978165814286
1665,0.4740441577923707
1666,0.4068944941068683
1667,0.3618008765485754
1668,0.32709523561524256
1669,0.3348583941158724
1670,0.5246826056508958
1672,0.3790353377021589
1673,0.4661753010067053
1674,0.3746714094340343
1675,0.6398824093690288
1676,0.3715593564490895
1677,0.32990818908737624
1678,0.5197833869205702
1679,0.35124368012184315
1680,0.45853032184350506
1681,0.37401279170883506
1682,0.3348796447863811
1683,0.43674970755200404
1684,0.25371430721691635
1685,0.5148257447870294
1686,0.3597461491561078
1687,0.6690517195287481
1688,0.434644595319567
1689,0.42840949724866295
1691,0.49583472690090885
1692,0.4496017154104198
1693,0.3201395993428398
1694,0.64489038662887
1695,0.4635871589724268
1696,0.49402725905975675
1697,0.39484373333061734
1698,0.48919330091442115
1699,0.4926296073044596
1700,0.32523892954153605
1701,0.5142116986248922
1702,0.47217137537637305
1703,0.5675432296700312
1704,0.5625924127419251
1705,0.2932658853517197
1706,0.41386537457468964
1707,0.3113578965319816
1708,0.35160822365662714
1709,0.3128537613651733
1710,0.4163289288149847
1711,0.33072476346503094
1712,0.47447155276932057
1713,0.4535821701924614
1714,0.5216129298633775
1715,0.353144418857277
1716,0.3374656234521329
1717,0.33558431281916906
1718,0.4744619737496967
1719,0.4487316883430105
1720,0.5028461131222078
1721,0.40358711719327967
1722,0.5685253479607093
1723,0.5401772558993015
1724,0.37905370078041817
1725,0.5145501606908696
1727,0.5369921257322428
1728,0.43794959556549173
1729,0.42381229728764813
1730,0.5170760090135507
1731,0.3405989214195117
1732,0.5179442418008344
1733,0.4699997445801864
1734,0.536010080263141
1735,0.39879650023376595
1736,0.41203670306117196
1737,0.6810949388369988
1738,0.36258345207143394
1740,0.6564991524468162
1741,0.33089007726160485
1742,0.3282860999089519
1743,0.5208881939903013
1744,0.33648565266723907
1745,0.5417321100124404
1746,0.45018262672016174
1747,0.4939433683046634
1749,0.6037787511485351
1750,0.49405616028784133
1751,0.4492412428314068
1752,0.420019265475988
1753,0.49035100557779876
1754,0.43531243735783015
1755,0.4063101999610045
1756,0.3392134162431603
1757,0.41684179658437087
1758,0.6326597601525591
1759,0.3950846668193566
1760,0.5231530628866244
1761,0.7070387182377901
1762,0.3413860131410345
1763,0.8661347285004223
1764,0.2926189034455013
1765,0.22769602064330563
1766,0.38932337338067036
1767,0.6691185147978713
1768,0.48735180961885655
1769,0.44417701147501765
1770,0.5137062491779887
1771,0.6288415658134078
1772,0.4523438776947772
1773,0.3736045168402741
1774,0.441217800182304
1775,0.437400884581358
1776,0.4080087380385602
1777,0.4389670845122999
1778,0.5875585043125179
1779,0.39202003224613347
1780,0.48229982631050433
1782,0.3868749112654326
1783,0.5144896219438628
1784,0.4571605027209858
1785,0.40514332955556315
1786,0.723315207317658
1788,0.4501373428220618
1789,0.3965188661473129
1790,0.33684458668382594
1791,0.5002931791038917
1792,0.4915016402778462
1793,0.36752313582998436
1794,0.39596403918574946
1795,0.43755363362448096
1796,0.3398058874426626
1797,0.5374878760525348
1798,0.6714743307055699
1799,0.4355955581800016
1800,0.4471475557327268
1801,0.4557400808639554
1802,0.6820452181453709
1803,0.5408665952352271
1804,0.3684895630363107
1805,0.3075709891611259
1806,0.3394565839859633
1807,0.512276741206187
1808,0.5529263266239831
1809,0.5797740512875807
1810,0.3407783035561442
1811,0.3656383724488173
1812,0.39023767056270287
1814,0.36849220196694993
1815,0.31909470304377263
1816,0.5041698315491525
1817,0.5452817230335474
1818,0.3818152940240477
1819,0.39331827156939203
1820,0.5056870548315214
1821,0.4781243808649967
1822,0.31232139049069724
1823,0.36280466853597265
1824,0.536086346606339
1825,0.49089070955069664
1826,0.8054161985080347
1827,0.4300232908862304
1828,0.41528274229405593
1829,0.3935752072046194
1830,0.47547113092926796
1831,0.7727468333154192
1832,0.363430193751436
1833,0.5007491240406496
1834,0.3301097969132313
1835,0.40316287041021853
1836,0.3464507411933737
1837,0.47103076414836587
1838,0.3746835128565672
1839,0.29595457029840544
1840,0.45810087156066354
1841,0.3801392136075367
1842,0.4517988594713856
1843,0.29488175430857105
1844,0.4416376659816313
1845,0.7072043709692649
1846,0.4596250213016836
1847,0.5284801836074536
1848,0.32765291849139727
1849,0.29260060366591717
1850,0.36453145680246823
1851,0.3259858318377762
1852,0.5339456904391944
1853,0.22596743107774017
1854,0.7572128380779766
1855,0.31946103689602684
1856,0.6446936885339768
1857,0.4469376216271736
1858,0.3662981955951176
1859,0.2533424035177199
1860,0.35656760747255534
1861,0.3299625779355806
1862,0.3328823454862753
1863,0.46036151476483417
1864,0.3307971330189599
1865,0.6323564298690749
1866,0.471566567689905
1868,0.29618690311780027
1869,0.5730169213749926
1870,0.6979229695681519
1871,0.34363820112435356
1872,0.4465669689253312
1873,0.47625260001456304
1874,0.5549821312307033
1875,0.8280245919961491
1876,0.68811965238959
1877,0.5496014653589629
1878,0.3236428923954587
1879,0.3979337947378058
1880,0.6030331129659006
1881,0.4803608457083973
1882,0.3948688673071999
1883,0.5322957568695645
1884,0.495366814306361
1885,0.5056756945072629
1886,0.5283082457988839
1887,0.4544092895374609
1888,0.5172449166385268
1889,0.39535223619011167
1890,0.49389745325823625
1891,0.5689103939205697
1892,0.43203740413023006
1893,0.6324662714630942
1894,0.4684126294982121
1895,0.3808387938853038
1896,0.5190116227489392
1897,0.5229997222091307
1898,0.320702170391925
1899,0.42056341132713154
1900,0.3362924981715961
1901,0.5768105060715323
1902,0.44934781037472804
1903,0.339492452439391
1904,0.5257062041202698
1905,0.3384235122548867
1906,0.21575703771528545
1907,0.321491767515337
1908,0.4775329904809806
1909,0.5898362557358648
1910,0.39906282054175285
1911,0.32531502670191104
1912,0.5572111226132762
1913,0.31728276005232986
1914,0.5952471344800305
1915,0.5639639072893822
1916,0.47042846616816214
1918,0.56473429971431
1919,0.33209984145729265
1920,0.3937536104895778
1921,0.5085841082984749
1922,0.40156926486011074
1924,0.37442936857966996
1925,0.5116321447199285
1926,0.43496340553634727
1927,0.5134290232745407
1928,0.42160858180043725
1929,0.3768517589176254
1930,0.33407487251499957
1931,0.5305313220511169
1932,0.3941964694969823
1933,0.5043807493901388
1934,0.3639628688882774
1935,0.4611123473774133
1936,0.4626857619732513
1937,0.445160887503947
1938,0.3770850926631704
1939,0.4617775471439112
1940,0.3618600567435954
1941,0.4217833499407037
1942,0.37918204950023915
1943,0.47016929115087075
1944,0.4813982759826943
1945,0.6433980784783632
1946,0.8108595645058136
1947,0.30280027579028496
1948,0.6456506008556969
1950,0.724638068227274
1951,0.4122596605619789
1952,0.5094841635188346
1953,0.5008807401680855
1954,0.29127173614311663
1955,0.5664101181379333
1956,0.405132613834954
1957,0.34341240624724906
1959,0.44310394453368723
1960,0.47046671359628955
1961,0.4901757863183566
1962,0.5905478804506767
1963,0.3317877055413711
1964,0.4659503314083153
1965,0.4845455757916594
1966,0.5676661821270835
1967,0.4455331812590565
1968,0.3393213046793398
1969,0.3317228290619217
1970,0.43303637851813953
1971,0.4136590865066266
1972,0.722333862609469
1973,0.46503213528191895
1974,0.6548486842121086
1975,0.3490836096045076
1976,0.320032516983446
1977,0.40935178964519786
1978,0.6770703336395275
1979,0.4262224425420827
1980,0.44698400082560164
1981,0.34878257960880904
1982,0.46979947034304087
1983,0.7207445024362271
1984,0.7248324097609798
1985,0.43209747211836824
1986,0.5018325252046141
1987,0.6534639202385003
1988,0.6640056486637838
1989,0.5256708142106443
1990,0.35744645833020994
1991,0.3658055492441588
1992,0.42911452822909535
1993,0.5076466444658874
1994,0.5961619425782745
1995,0.6484680385614637
1997,0.5264771051488469
1998,0.5204901955786239
1999,0.40226986467940223
2001,0.46914267327979925
2002,0.4262129853356144
2003,0.34213261187751287
2004,0.4805782373969553
2005,0.48642743950010037
2006,0.477359034958048
2007,0.47648080573631263
2008,0.7264599191912445
2009,0.33115090488018606
2010,0.4998018870681366
2011,0.413337540873795
2013,0.45253471581559823
2014,0.4309023027333035
2015,0.4880656466059122
2016,0.5298095355979068
2017,0.5061457607229587
2018,0.372049211647141
2019,0.42510632500410656
2020,0.3694210279569742
2021,0.3851265332267247
2022,0.47309160300962166
2024,0.3622047140804779
2025,0.4921669865525975
2027,0.5374813657094843
2028,0.40465314948445463
2030,0.3286821921741674
2031,0.5393758994534383
2032,0.5113993265529742
2033,0.4349863787929608
2034,0.4739896129033999
2035,0.3996271519990233
2036,0.4707806587331892
2037,0.7328304317918274
2038,0.4309597256577505
2039,0.4086169578718906
2040,0.5726029722253007
2041,0.377719744058754
2042,0.36961165286708053
2043,0.4510943931581224
2044,0.34980983858832804
2045,0.7438256193292081
2046,0.33531948051244553
2047,0.7072806833073608
2048,0.3407408759449426
2049,0.43194656592703373
2050,0.3245405264653082
2051,0.4846540789151212
2052,0.5897692782935746
2053,0.3387622633062576
2054,0.6721362433827442
2055,0.41220150515513815
2056,0.49660013362723787
2057,0.4645665762201965
2058,0.4602694285474404
2059,0.40638489050850635
2060,0.40881235352496836
2061,0.4383530561896246
2062,0.25929311682224016
2063,0.59885587975084
2064,0.3532881843073638
2065,0.3456542742733575
2066,0.45016076981324415
2067,0.4770915395284595
2068,0.5083609492627426
2069,0.4486891454856688
2070,0.6350773308249036
2071,0.5566781663604619
2072,0.5008061865688397
2073,0.46549578340609676
2075,0.5921248583027532
2076,0.4716497039855843
2077,0.3614955315006158
2078,0.4056640693897775
2079,0.33431427182155005
2080,0.37362829138949416
2081,0.4256579394109701
2082,0.8321766289098654
2083,0.49573316720483357
2084,0.437790368193937
2085,0.3770982784725972
2086,0.5492490625315014
2087,0.5900024657794889
2089,0.5208486973857296
2090,0.5153954596674263
2091,0.6138126170239875
2092,0.4866561301535851
2093,0.3871289286919123
2094,0.5108647277723761
2095,0.4560057414790451
2096,0.6757471212594639
2097,0.3597216872903885
2098,0.5890670685777306
2100,0.5388968371204044
2101,0.4455842817508322
2102,0.4080653844963075
2103,0.3982062946683704
2104,0.751690086066713
2106,0.4865254088509538
2107,0.4688876907337711
2108,0.6267844132011926
2109,0.8681067249800571
2110,0.27850398258976
2111,0.5909917287949197
2112,0.43510388803884487
2113,0.6573216940669125
2114,0.34586670991487944
2115,0.3953336983310508
2116,0.6627495569779209
2117,0.5682896191399871
2118,0.4203602674011045
2119,0.69535330756193
2120,0.483965597256132
2121,0.737670855282994
2122,0.4340481660283971
2123,0.4781887617479849
2124,0.4809737301272972
2125,0.5127123615344447
2126,0.4141867513699984
2127,0.5946042841891163
2128,0.42946568689212433
2129,0.6521942397006265
2130,0.3309619288477955
2131,0.46830863236135767
2132,0.32433440629467153
2133,0.6253610106567666
2134,0.4762237226940609
2135,0.42217604970587036
2136,0.5959193286098162
2137,0.410311214000689
2138,0.4533507631487898
2139,0.5684172765930126
2140,0.3987738105712411
2141,0.42571082983401765
2142,0.34355234064919066
2143,0.3670385697349145
2144,0.6336805957432593
2145,0.4430393172951184
2146,0.5689185579618045
2147,0.25253152399901635
2148,0.4045658438963499
2149,0.3648100687753405
2150,0.5302027064302395
2151,0.7333663985414957
2152,0.632942381437087
2153,0.3783464806694625
2154,0.45654973643758034
2155,0.3339866082854356
2156,0.6136517352291889
2157,0.361345011618383
2158,0.44063855314295297
2159,0.7400132026253378
2160,0.3325292104795106
2161,0.8485090649003779
2162,0.5244164187265277
2163,0.46788244686123226
2164,0.37273776307084944
2165,0.32390571759931786
2166,0.687716251264521
2167,0.5716150472464344
2168,0.5965797213805131
2169,0.5522415386751033
2170,0.4235152249603627
2171,0.37007903975645257
2172,0.4942628776163391
2173,0.6094890523415697
2174,0.5649515413267675
2175,0.5597634361305017
2176,0.39289110039514796
2177,0.46312381224900273
2178,0.5494825562384771
2179,0.5240469866347701
2180,0.42458957097338795
2181,0.30638614350982135
2182,0.33072057983837966
2183,0.3431233314198672
2184,0.40420195584249846
2185,0.34624233751006417
2186,0.3923481061617526
2187,0.2849573629985973
2188,0.33007820427166973
2189,0.6178706987689436
2190,0.25877754928882
2191,0.6172446902526488
2192,0.6952250669794893
2193,0.42580996186943443
2194,0.2402942433936678
2195,0.31179834176290283
2196,0.410466175908761
2197,0.4471211091868764
2198,0.5306817066859041
2199,0.5124906507063949
2200,0.6549511150645926
2201,0.1250107074862275
2202,0.4058299508000658
2203,0.3594137452340667
2204,0.8059005117171404
2205,0.3348562581976435
2206,0.500228423597404
2207,0.6303914547846318
2208,0.36966352910225836
2209,0.37603203786373285
2210,0.37132989365753843
2211,0.47593423120428
2212,0.5881849139339631
2213,0.41467137919917857
2214,0.46637102387514706
2215,0.5362736954311313
2216,0.433036356559681
2217,0.40157889261755353
2218,0.6172664934872815
2219,0.5366485455096158
2220,0.6356211795611432
2221,0.37730955580528264
2223,0.5132173750329149
2224,0.3560081822029943
2225,0.7796448669721759
2226,0.4453748231532397
2227,0.29310822328818265
2228,0.38201682299959666
2229,0.45654846740256744
2230,0.34112194184463146
2231,0.45172406993589437
2232,0.3269265695348808
2233,0.5806232982811237
2234,0.6089049709826168
2235,0.36591210453530254
2236,0.41030551042349084
2238,0.5329215435040264
2239,0.6830960426725887
2240,0.5433025223174469
2241,0.3393467315665716
2242,0.5539170790179364
2243,0.343214707011412
2244,0.3789034487136366
2245,0.4783463213324091
2246,0.5255326850045439
2247,0.5583099583130352
2248,0.5284867488711879
2249,0.3353887523613083
2250,0.4069354396413164
2251,0.45211740506681464
2252,0.3098681311901449
2253,0.665709545146309
2254,0.45361983272137774
2255,0.6317821679976878
2256,0.35669540777562103
2257,0.7722880707364029
2258,0.5630969881185448
2259,0.7609228457711891
2260,0.6276221266881544
2261,0.6505725764190793
2262,0.3620186709619693
2263,0.43524109579366904
2264,0.6609860429136124
2265,0.39527550158948094
2266,0.4193070822451551
2267,0.34204992222938485
2268,0.4188892579870726
2269,0.49228524395186546
2270,0.4821407599874231
2271,0.5119425837369422
2272,0.5093356519299752
2273,0.3579803475200135
2274,0.502297924576513
2275,0.4838065041142889
2276,0.43318031642558735
2277,0.5755533706316083
2278,0.6447591739520228
2279,0.49746811112851935
2280,0.4947258233330557
2281,0.44127895652348925
2282,0.41868054984502345
2284,0.707715326218358
2285,0.70992456168054
2286,0.6742863390079483
2287,0.446574323455016
2288,0.4561772713271924
2289,0.3798033158542975
2290,0.8079757889333793
2291,0.4587732817894769
2292,0.38341373635331033
2293,0.4832733266248617
2295,0.5580781585626725
2296,0.39875862068325063
2297,0.38137885451216136
2298,0.5081135394031874
2299,0.7148932170442049
2300,0.5183488894521434
2301,0.6164064964709982
2302,0.4902815370415519
2303,0.5471301017119955
2304,0.6260347233059268
2305,0.5120022241624084
2306,0.6151590318182301
2307,0.6193467155523542
2308,0.5396571016443344
2309,0.5240043411508172
2310,0.4204255323746879
2311,0.4547560438238616
2312,0.4938760734834359
2313,0.3853217948371609
2314,0.42485837312365554
2315,0.4307301851582233
2316,0.3520217174216657
2317,0.6280041186307689
2318,0.35405870826646285
2319,0.4078822303928164
2320,0.5630788799265677
2321,0.6456798617890989
2322,0.5415430537886962
2323,0.39773758040777624
2324,0.31271168860557774
2325,0.4547685830952081
2326,0.44269732903410863
2327,0.5967892160154163
2328,0.3756989474720273
2330,0.5190552665641092
2331,0.6176592439104426
2332,0.34189936025816253
2333,0.3653426009053495
2334,0.6544591382687469
2335,0.5322204259435847
2336,0.4999182332918673
2337,0.499481431861164
2338,0.35969881051955327
2339,0.7430932870271856
2340,0.3356811283369752
2341,0.32049381043269914
2342,0.45087845953957817
2343,0.45953188897740316
2344,0.5796625690672776
2345,0.5309538568309538
2346,0.4266765804678442
2347,0.41213843532136235
2348,0.27654135601542446
2349,0.42715139775684274
2351,0.5604869293588752
2352,0.5218201738847131
2353,0.4787865609181755
2354,0.4228217225086163
2355,0.43571213888005755
2356,0.37665502299154946
2358,0.47510709287106345
2359,0.6169793263152468
2360,0.33965539690886337
2361,0.4063941250199452
2362,0.35405279098335624
2363,0.4589168593974792
2364,0.37286198419189365
2365,0.5123581583876656
2366,0.35365115144425113
2367,0.39003713096401066
2368,0.782264149392798
2369,0.22041302011027178
2370,0.5218804049881607
2371,0.34962342019650383
2372,0.48161195189959616
2373,0.3662221703502624
2374,0.44781985664552293
2376,0.4132015476598398
2377,0.42160952904141163
2378,0.8109091816050266
2379,0.5623836652215916
2380,0.4586162569567969
2382,0.5730855159535668
2383,0.46933158135374353
2384,0.3755571917515192
2385,0.3652626675430955
2386,0.46190278706877475
2387,0.5288178047920435
2388,0.6862936829380005
2389,0.5040669762379189
2390,0.588802731873563
2391,0.7059281195343968
2392,0.5447293884602846
2393,0.3403151784506299
2394,0.48960500533342777
2395,0.355824184472331
2396,0.4380163170834788
2397,0.5446959094092401
2398,0.5109621735450592
2399,0.4923371847279582
2400,0.39068719438527294
2401,0.2690054587502106
2402,0.401668875098859
2403,0.5545298993929215
2404,0.6322232594171592
2405,0.3214792177734866
2406,0.3750443036509669
2407,0.3858729693850918
2408,0.6468657593599743
2409,0.5013181122707343
2410,0.48761641141787004
2411,0.353206669706733
2412,0.5055535765606596
2413,0.5209088519914663
2414,0.40384482583023656
2415,0.4951861226777093
2416,0.5248818438689076
2417,0.5176229980520064
2418,0.4738646825517634
2419,0.52274973465918
2420,0.33125419796089817
2421,0.3881893634903004
2422,0.5171591809670716
2423,0.4782468843402153
2424,0.5205742589692751
2425,0.5364261886054968
2426,0.399783125403304
2427,0.6707143254148302
2428,0.766456907883691
2429,0.4806576032504013
2430,0.44800078030702756
2431,0.7439947732090089
2432,0.5110584721169826
2433,0.5387485503058563
2434,0.4390825803967567
2435,0.3741850316004313
2436,0.507615848070394
2437,0.500353872440854
2438,0.6202660672446316
2439,0.5309752622055616
2440,0.6588554647499312
2441,0.4021400049857726
2442,0.40875570433760566
2443,0.46640095842267065
2444,0.5905788213672738
2445,0.4693973147279156
2446,0.6238403281295561
2447,0.40189856844874927
2448,0.440661111003468
2449,0.5530454964915046
2450,0.6251081715155924
2451,0.5035997679403211
2453,0.4936847222263497
2454,0.42222354197776196
2455,0.600748492159588
2456,0.461024804913593
2457,0.40416943514026965
2458,0.564343282257121
2459,0.4184413481666568
2460,0.4356570055178515
2461,0.5743337853947444
2462,0.458937853637725
2463,0.40067054791264917
2464,0.4319211240952793
2465,0.38363041769549244
2466,0.6767794166421409
2467,0.4558471210303052
2469,0.372699850538959
2470,0.37216845314374053
2471,0.5102158657146197
2472,0.3686025726681095
2473,0.5905353746898604
2474,0.5238170366257707
2475,0.4502539431670594
2476,0.584460875849702
2477,0.4999608422687511
2478,0.623287070700422
2479,0.37424886306179556
2480,0.5026835188871668
2482,0.5130956201598605
2483,0.7048238010166343
2484,0.4096865706028324
2485,0.4942214838839827
2486,0.33355332687507366
2487,0.438019687454279
2489,0.48496459212816545
2490,0.30602118990802807
2491,0.39520712375124395
2492,0.6886667709005941
2493,0.516943122384509
2494,0.48051831370837683
2495,0.5237191708875751
2496,0.4208072678388604
2497,0.36350926809873035
2498,0.2893238716971032
2499,0.4977233433732264
2500,0.38746097243829
2501,0.40848046886397493
2502,0.4239560321382028
2503,0.5645745928334894
2504,0.3562833642914842
2505,0.484085911141362
2506,0.6144349967908381
2507,0.35302265570599267
2508,0.5732914872427087
2509,0.5518571273591674
2510,0.4732730546838557
2511,0.5352997049547175
2512,0.40740347584742864
2513,0.5318624820436407
2514,0.250985677640527
2515,0.675060654603607
2516,0.4595052060776923
2517,0.6000311257395675
2518,0.25505415725156516
2519,0.4460570256607345
2520,0.4381715064696356
2521,0.33658877458196174
2522,0.3266036503071883
2523,0.6040130317223202
2524,0.3112681211928038
2525,0.6137901792154739
2526,0.5191055120030923
2527,0.4986511106435032
2528,0.7814285354362522
2529,0.6558139235860561
2530,0.36328308391569286
2531,0.5302279571436029
2532,0.46794397859477554
2533,0.33401939384279367
2535,0.546537812237078
2536,0.4073759998788698
2537,0.39273078106412956
2538,0.3813011803804717
2539,0.3538427238219154
2540,0.39956240188998865
2541,0.2647905367608491
2542,0.6680815528387473
2543,0.2985848749654939
2544,0.476487024293282
2545,0.5308215830094136
2547,0.48222511286716113
2548,0.32338681738379393
2549,0.522741812461914
2550,0.37843632921623094
2551,0.6140695882479889
2552,0.49901369481113095
2553,0.4035385669523756
2554,0.5552319453035036
2555,0.4825077695319739
2557,0.6440773382311339
2558,0.17489486927529224
2559,0.6635037176038511
2560,0.4173756882493737
2561,0.6524711475234108
2562,0.5090811224261037
2563,0.6440784363173987
2564,0.4554058296199719
2566,0.6677334472488653
2567,0.515786232548905
2568,0.36205643780825963
2569,0.5700477830577051
2570,0.44561251120768886
2571,0.49692169614891174
2572,0.3682304846169788
2573,0.41280368137614076
2574,0.47148967237394734
2575,0.5425326390943057
2576,0.63206843106378
2577,0.3633380964280612
2578,0.49505851126567646
2579,0.42951706648688087
2580,0.821766198396445
2581,0.3859346256783701
2582,0.39764449415993897
2583,0.4644029662163053
2584,0.5511964123241899
2585,0.848043804754938
2586,0.5260294323263556
2588,0.3450230013960645
2589,0.6428799997565486
2590,0.2812830132211649
2591,0.5074874204433152
2592,0.4955695799813737
2593,0.5291615945098227
2594,0.4455319149548247
2595,0.38808211748296745
2596,0.3530523366443886
2597,0.3752212227326927
2598,0.6846947087187392
2599,0.5082095072156578
2600,0.4382244403590869
2601,0.6398274284724358
2602,0.5062428928382746
2603,0.35662363185460705
2604,0.31640187785766055
2605,0.5071528806920447
2606,0.6888378108319738
2607,0.3926880775602687
2608,0.6822206519199663
2609,0.353166850501373
2610,0.522067163347131
2611,0.5013946048546906
2612,0.3722230216848919
2613,0.5350075679814505
2614,0.4615276505191205
2615,0.6564189950958436
2616,0.47411499132318147
2617,0.7978975870200282
2618,0.6040290824534273
2619,0.6160430846343776
2620,0.34807534029129605
2621,0.6751555301856422
2622,0.2542529621692087
2623,0.5068427971091567
2624,0.5173231629481604
2626,0.34882392058902145
2627,0.25866343660142943
2628,0.4885410021792336
2629,0.6287331853813575
2630,0.46547294043898974
2631,0.5144093459678568
2632,0.3975463065798386
2633,0.753538086217075
2634,0.5611103097605656
2635,0.47432875349248754
2636,0.35946232211803714
2637,0.30081868014224933
2638,0.36532575913686843
2639,0.399624231969135
2640,0.5406974933844843
2641,0.534277839742397
2642,0.5460039566590379
2643,0.3490348530537955
2644,0.5506234383587897
2645,0.49248045226830195
2646,0.6041384348009826
2648,0.5211370165118534
2649,0.38802757175461233
2650,0.42652375034026396
2651,0.6240985421900204
2652,0.38040028407166165
2653,0.5000652734305814
2654,0.5081956407168841
2655,0.39081406487186954
2656,0.542455785974303
2657,0.4948204837801034
2658,0.4551577301070518
2659,0.4130297125031363
2660,0.31454789787670817
2661,0.7178503570384615
2662,0.3651465366970955
2663,0.6546156112105929
2664,0.5953686261496515
2665,0.6654906392475585
2666,0.5140685176817114
2667,0.6316518513104992
2668,0.5231284843541367
2669,0.6492096986676898
2670,0.6054139804396672
2671,0.45181195884511904
2673,0.4543191815553627
2674,0.32588476980847586
2675,0.4746479783811372
2676,0.5891973888942853
2677,0.6227236141644411
2678,0.4474180203265037
2680,0.6813892428279198
2681,0.4255163547439583
2682,0.5447937106071786
2683,0.6658666539753839
2684,0.17136502112744526
2685,0.4060263529964621
2686,0.5569730836850731
2687,0.31274980506793104
2689,0.44394827980138274
2690,0.521927251113305
2691,0.4383935111782694
2692,0.33553805309604917
2693,0.4512543578461908
2694,0.29246853198784883
2696,0.5110981731726295
2697,0.7693493849405498
2698,0.5402632033729547
2699,0.4560970668365374
2700,0.4262826005162318
2701,0.42873986718141965
2702,0.3747969942017894
2703,0.5734197008648839
2704,0.5300537909819696
2705,0.3341976054810014
2706,0.43221877979157164
2707,0.4108748954687567
2708,0.3745038771060926
2709,0.5639290335866574
2710,0.7319939250293074
2711,0.43854931218901394
2712,0.3373623841313493
2713,0.3924821610341198
2714,0.3596058723111686
2716,0.3293642585439399
2717,0.5174604197008632
2718,0.5507667869651008
2719,0.5187309729022658
2720,0.6292752486376414
2721,0.4489809306590803
2722,0.3534484653881615
2723,0.5372871665322984
2724,0.7559415652206589
2725,0.5526453204644105
2726,0.40690093423012536
2727,0.5116933574551542
2728,0.7255381511373927
2729,0.6817545119555286
2730,0.5349916161988324
2731,0.40902376507353083
2732,0.5689581183961463
2733,0.6754603754942805
2734,0.5080965100648619
2735,0.5025179250561417
2736,0.396324754076763
2737,0.49234217264303526
2738,0.367229854030799
2739,0.4114343123295999
2740,0.5769369184871382
2741,0.4344255171457656
2742,0.47922644697500405
2743,0.47868496356044427
2744,0.7632133530633093
2745,0.49970960271854425
2746,0.4745280578171129
2747,0.41148130211130995
2748,0.554627234369988
2749,0.6819296325476796
2750,0.736884571901326
2751,0.5751042945877615
2752,0.4523332368695876
2753,0.5763317833214384
2754,0.40331847721108754
2755,0.7048731364133384
2756,0.5356071277563854
2757,0.33602872179244486
2758,0.4228904876536216
2759,0.4473741704200983
2760,0.7583601181469
2761,0.4861351718337606
2762,0.5190662546850777
2763,0.4763206338077041
2764,0.32220290398921214
2765,0.4092962803228911
2766,0.6183638519160766
2767,0.5202820141792844
2768,0.4247830921225486
2769,0.5574869044892916
2770,0.36510975060072115
2771,0.3334631602281821
2772,0.5733639115776566
2773,0.5278000599243194
2774,0.4029485349068355
2775,0.37571073814332384
2776,0.4367661183015317
2777,0.4051817392286345
2778,0.44305992357815344
2779,0.5985601150395434
2781,0.5025640223936287
2782,0.49561735383051075
2783,0.8977725754842181
2784,0.5384088418428186
2785,0.4809536331154843
2786,0.5281897345351532
2787,0.5796069028868442
2788,0.5781237654055587
2790,0.5613985180246356
2791,0.49659024908804694
2792,0.6469972812210517
2793,0.48671907975402917
2794,0.46550844454993046
2795,0.37221196640900645
2796,0.5411470730448606
2797,0.7367964463815653
2798,0.346446410005127
2799,0.3582262719223306
2800,0.45562267756075964
2801,0.34990301909050453
2804,0.3858600540046114
2805,0.46116154252694525
2806,0.6760015085713137
2807,0.7157873331568942
2808,0.6457684617821636
2809,0.4441003533901647
2810,0.38549167086340075
2812,0.5190089903217475
2813,0.810441982670119
2814,0.73884863624661
2815,0.48110418727436677
2816,0.6998012790143805
2817,0.5866005691572916
2818,0.4607816599730316
2819,0.7902765838267366
2820,0.5604553358660875
2821,0.4843419035946724
2822,0.4493709490533027
2823,0.5386435253331783
2824,0.44421417024662063
2825,0.5882373718447269
2826,0.5658132567261461
2827,0.720621429581488
2828,0.5271315875972844
2829,0.4925191853328684
2830,0.5356880689706659
2831,0.560105600600529
2833,0.475326640510868
2834,0.5204728026343393
2835,0.4282271235194909
2836,0.625261491651909
2837,0.36370902051610215
2838,0.3104490569360148
2839,0.3792669164993171
2840,0.7485205579580524
2841,0.33014344318570027
2842,0.762830395892648
2843,0.5078557636427957
2844,0.25800431880159547
2845,0.332643573279547
2846,0.354877991222896
2847,0.4785695376591681
2848,0.7270776543999928
2849,0.4764342941668556
2850,0.43591575225433216
2851,0.35384659460270557
2852,0.5049493409850712
2853,0.608089684564655
2854,0.4010853994797081
2855,0.511645144172141
2856,0.47809152020564194
2857,0.4377998601673693
2858,0.4568305341115052
2859,0.41555204929859113
2860,0.48503755277156735
2861,0.8126901476450148
2862,0.6470679685865462
2863,0.4072261804660494
2864,0.4582857376662143
2865,0.4344381080967127
2866,0.776269784036744
2867,0.23373866001875734
2869,0.43912720259767546
2870,0.39450420253125085
2871,0.668306100465785
2873,0.5206494375714321
2874,0.4085198493293338
2875,0.5092374392286926
2876,0.510507209299503
2877,0.5373649120496446
2878,0.48787166366457363
2879,0.4331772174429598
2880,0.48010870751776846
2881,0.3622182286027329
2882,0.5276398526564394
2883,0.3261624233828949
2884,0.4271198936231758
2885,0.656745239975082
2886,0.40492542756200567
2887,0.34246092998357924
2888,0.41153352860371734
2889,0.3482857717391648
2891,0.5808324054146047
2892,0.5032086062870914
2893,0.7533637047279534
2895,0.47548365073819815
2896,0.4052624488324327
2897,0.37323332494750566
2898,0.3497580124837178
2899,0.3325057684988301
2900,0.5775728662772133
2901,0.51850218334653
2902,0.6342477451742592
2903,0.542976532965517
2904,0.4640091808351392
2905,0.5623469587390708
2906,0.443812507998642
2907,0.4395871548309435
2908,0.33488369984046706
2909,0.5131806630400872
2910,0.429464503246216
2911,0.5125759966065088
2912,0.5149483623735683
2913,0.5729567265784332
2914,0.5437755256177108
2915,0.5302484819442642
2916,0.5078721779926524
2917,0.4288775466042423
2918,0.6134762040476504
2919,0.5158172943949669
2920,0.5502740532884537
2921,0.48211265177742885
2922,0.38998900202095765
2923,0.6304542553529127
2924,0.6974627620598282
2925,0.4059294578571038
2926,0.39941383640894174
2927,0.6888432540906353
2928,0.45360780934501566
2929,0.5629676491060944
2930,0.5183675048031594
2931,0.4856869950383312
2932,0.42118248951354503
2933,0.39603068461995405
2934,0.5302763299720562
2935,0.4722743347496235
2936,0.38288452604542905
2937,0.26835042040197693
2938,0.3889536007517682
2939,0.6538725652748618
2940,0.3460787613064581
2941,0.3861066535522682
2942,0.753137256061193
2943,0.6692487376582075
2944,0.5109916051820221
2945,0.2788097183653519
2946,0.4456584881209518
2947,0.619766475906333
2948,0.3107434641017143
2949,0.20110407981262743
2950,0.39294518140741796
2951,0.44871905344985075
2952,0.40888921948614554
2953,0.6035403808257264
2954,0.44331241743515104
2955,0.34843668389118
2956,0.3617189697570264
2957,0.591498400343064
2959,0.5416036406896473
2960,0.4408852192213539
2962,0.4352899369637701
2963,0.39338478556491396
2964,0.5344031379909675
2965,0.6108219488819456
2966,0.5566889226950004
2967,0.3391190937392936
2968,0.5557294659217059
2969,0.4277806228464755
2970,0.44135296259369633
2971,0.4954701482839194
2972,0.5060222130197505
2973,0.47671369901533706
2974,0.7147727336881259
2975,0.4954539002258325
2976,0.5053049878837411
2977,0.5213312305017929
2978,0.42137876112870615
2979,0.20406198820157084
2980,0.6169976832287808
2981,0.5511789684777081
2982,0.3692707687560719
2983,0.55715596774481
2984,0.35868842967664016
2985,0.4266917044841397
2986,0.6877339340978356
2987,0.38742385266409635
2988,0.7551675724997724
2989,0.7923006674830125
2990,0.6480777575276829
2991,0.4895928647549884
2992,0.7372066872662035
2993,0.5997829018690991
2994,0.7916720256886504
2995,0.44181301431383535
2996,0.6055615045743736
2997,0.5765865412900698
2998,0.8704333749898169
2999,0.5140191629381756
3000,0.759845660301621
3001,0.4976785151672868
3002,0.5806902693194026
3003,0.37844716646448434
3004,0.6905698488961571
3005,0.5773352105127177
3006,0.5925569848873175
3007,0.8466253854311628
3008,0.8134288363866347
3009,0.43895510139493676
3010,0.5130735323800765
3011,0.35142936976424766
3012,0.5977875856766982
3013,0.3985014991771062
3014,0.7595633123069789
3015,0.541451951592102
3016,0.524125161729967
3017,0.4283169875151707
3018,0.6345533324631096
3019,0.5296200980060495
3020,0.5226949063699237
3021,0.47867071980049614
3022,0.44099259116117256
3023,0.5055844382796805
3024,0.5806122336099674
3025,0.6761561521762722
3027,0.539401193479509
3028,0.3388438321056241
3029,0.8082842412158641
3030,0.47371265031441817
3031,0.45588585000955056
3034,0.38890045556189845
3035,0.8003471893398619
3036,0.39857765875981416
3037,0.642778903572029
3038,0.5924891463904002
3039,0.6601442538177079
3040,0.4211703099405183
3041,0.6707610931801377
3042,0.6258197075438264
3043,0.34477973569053433
3044,0.570606933447525
3045,0.4335050101137337
3046,0.49063064293079073
3047,0.4721810228087998
3048,0.46752520648843066
3049,0.6380719548915179
3050,0.861334817110558
3051,0.5259012382452445
3052,0.5612765731554324
3053,0.40243801086490033
3054,0.5912757261336581
3055,0.38278980613500374
3056,0.5744252225143734
3057,0.33745515153241495
3058,0.3133603638675951
3059,0.3582223229551372
3060,0.6472197610023691
3061,0.6027542558734565
3062,0.8849994253763558
3063,0.40354713155408656
3064,0.8316323783738988
3065,0.5173610986074587
3066,0.5327354855344607
3067,0.4897446013524411
3068,0.3729423731522135
3069,0.36531260165266877
3071,0.5062266593837861
3072,0.5668953233550793
3073,0.49095322750351117
3074,0.5940450715589517
3075,0.6114402644652589
3077,0.6856683382115379
3078,0.5754487257372557
3079,0.5184584066942441
3080,0.5077375793460687
3081,0.4194971704642008
3082,0.35810223141621617
3083,0.48205829028078273
3084,0.49685634325704087
3085,0.3328513636499403
3086,0.8251559826074151
3087,0.7601377684147925
3088,0.4697682984518552
3090,0.5423119863925823
3091,0.388713141929401
3092,0.621939550509595
3093,0.5362309519699456
3094,0.4728144633552762
3095,0.6173464489707967
3096,0.6066398993010707
3097,0.4645265054966237
3098,0.5666469944584479
3099,0.4608714891445499
3100,0.3925913773969563
3101,0.6625861689761423
3102,0.43468941254188476
3103,0.516170632698779
3104,0.6810870273069674
3105,0.387716592691059
3106,0.6143771656505564
3107,0.40294110661173543
3108,0.47588888783131433
3109,0.5537224233882614
3110,0.39479150663357276
3111,0.5616488415049506
3112,0.4351378258954174
3113,0.43683618245097766
3114,0.36606595584712265
3115,0.5883919042139965
3116,0.3632687921447646
3117,0.5338086229962318
3118,0.7079107274221288
3119,0.3434106000993397
3120,0.28504109040019027
3122,0.6719965843319988
3123,0.23949495136910492
3124,0.3996683873078558
3125,0.49812206363897377
3126,0.7483982444275362
3127,0.2607705929886805
3128,0.5413293070913276
3129,0.4794548073434272
3130,0.557133943274925
3131,0.5065976889959214
3132,0.3756748744073283
3133,0.340997599781935
3134,0.6163339429583701
3135,0.9125457651559992
3136,0.49053226533870337
3138,0.3470640853026517
3139,0.69356388705659
3140,0.9041508084911221
3141,0.7406997790575582
3143,0.47763825011198113
3144,0.5816246412455536
3145,0.5785190879856192
3146,0.3385046514773254
3147,0.48383436906774957
3148,0.3908801308748688
3149,0.3222728532417352
3150,0.6881041490766562
3151,0.6454028018252329
3152,0.5668799473418777
3153,0.4805187225069888
3154,0.33521807544080373
3155,0.4678934239886859
3156,0.5128545075729888
3158,0.3433871151218343
3159,0.5049245963145187
3160,0.4467735652168353
3161,0.5078740310750004
3162,0.16931666302933315
3163,0.4503716413666806
3165,0.8017610332740494
3166,0.5035217736541128
3167,0.5197060721826482
3168,0.5264378292229422
3169,0.4357432873177568
3170,0.39042859663366725
3171,0.5669581047501091
3172,0.5113180051834539
3173,0.44806238280341043
3174,0.43212808701768457
3175,0.5740639325010528
3176,0.49791006166385726
3177,0.4723506280811662
3178,0.4781953663989445
3179,0.4275778688006773
3180,0.36243077510224164
3181,0.45591898047804646
3182,0.3121373316050826
3183,0.3821979918640615
3184,0.6522133013569493
3185,0.5956559715821077
3186,0.6158944671774783
3187,0.4211152877357385
3188,0.5104868490978088
3189,0.49727750392956305
3190,0.5145985455699208
3191,0.6067153387580106
3192,0.5084972221376155
3193,0.5597719569139982
3194,0.3215827343249286
3195,0.23655889376690176
3196,0.4075354706494232
3197,0.4908325713301115
3198,0.4675307964342309
3199,0.3791864220171209
3200,0.8462629942405762
3201,0.6648793546736183
3202,0.500715450945442
3203,0.2675495377781473
3204,0.39682923823132654
3205,0.5832326798543914
3206,0.3699289481766228
3207,0.663434003899638
3208,0.652294088767224
3209,0.7095426447836374
3210,0.6603596654390961
3211,0.6036999902399461
3212,0.5477159791851937
3214,0.6046009022149385
3215,0.5596139178955217
3216,0.4644371393691003
3217,0.2463930467854167
3218,0.8333451991470512
3219,0.5729093129886422
3220,0.8212257217185738
3221,0.4775505169059315
3222,0.25344087978456453
3223,0.8065419539308952
3224,0.5185728484916405
3225,0.6414073395118473
3226,0.6556125294780234
3227,0.6932786762032852
3228,0.4417559720413824
3229,0.4735177432874544
3230,0.7275216166169715
3231,0.36734034320261083
3232,0.43214722419704416
3233,0.3953527132681114
3234,0.7289577472420721
3235,0.4591379429050821
3236,0.45801684806210907
3237,0.5940210208400444
3238,0.32930470547322227
3239,0.4687399360586115
3240,0.5771269632746231
3241,0.4762958701096721
3242,0.4876336981423373
3243,0.47640995208559533
3245,0.674292219283534
3246,0.2561241072081268
3247,0.2898965127912169
3248,0.4096859161606021
3249,0.38683351641078706
3250,0.4466441456302777
3251,0.6413484093699986
3252,0.5927364049183973
3253,0.5153660717200378
3254,0.4200195150494217
3255,0.6535748088828836
3256,0.5372831923799233
3257,0.46208036207360964
3258,0.4432959549189446
3259,0.4983227401237363
3260,0.48602110537875365
3261,0.6016528805255511
3262,0.45315653691644364
3263,0.45929335403188704
3264,0.8183230852482473
3265,0.43670493842053393
3266,0.4580748636440501
3267,0.47510435004851
3269,0.8444181374834666
3270,0.46234693481009276
3271,0.598620379985324
3272,0.4215056832303198
3273,0.6751180749005258
3274,0.3282822763044293
3275,0.66255090181446
3276,0.5091301951919122
3277,0.3209342483277242
3278,0.4754327306649996
3279,0.34848421155162546
3280,0.6612725783362595
3281,0.7491330957738728
3282,0.3749858121576502
3283,0.3388633326855427
3284,0.4315234637717712
3285,0.33693980853497335
3286,0.609392769015372
3287,0.349485256420217
3288,0.6823740490139878
3289,0.6366331014351374
3291,0.447276374910165
3292,0.5362696724706983
3294,0.3918968599532941
3295,0.2909027549533126
3296,0.34084146582810987
3297,0.3878635400412484
3298,0.5466054365022492
3299,0.41718556702342946
3300,0.5742483449258102
3301,0.7111332685617284
3302,0.5543219495031274
3304,0.33281607454855483
3305,0.5120199118538814
3306,0.8390147081614875
3307,0.7805595542627475
3308,0.5648436364219453
3309,0.37599113217758856
3310,0.46120626321017844
3311,0.42787707256188273
3312,0.41096814529719017
3313,0.49114669397830557
3314,0.38081038449301674
3315,0.32197260075740985
3316,0.5207851289332536
3317,0.2676423840487495
3318,0.300333425763827
3319,0.8408507415081201
3320,0.39253784839109934
3321,0.5953727401834716
3322,0.35110830372288715
3323,0.5433768458500744
3324,0.4583788908204529
3325,0.3850954887794741
3326,0.3368025177337875
3327,0.7645066267676446
3328,0.40176069900861566
3329,0.670026128773307
3330,0.15764277100518184
3331,0.42879333841577394
3332,0.6760164780708389
3333,0.4152163914979428
3334,0.4448214706458449
3335,0.5782653862705819
3336,0.5913244529804776
3337,0.5935215614359897
3338,0.5461898336208301
3339,0.5767940432134063
3340,0.2977728876953699
3341,0.8532478500248591
3342,0.586262681987599
3343,0.592054538065089
3344,0.5541158383514119
3345,0.5038665568782255
3346,0.571831772098055
3347,0.6866570391601069
3348,0.2942227503494381
3349,0.8158252995010555
3350,0.4314445620417442
3351,0.5349141009423144
3352,0.5521148294762644
3353,0.5198414659768504
3354,0.35173618847787685
3355,0.4251450684654939
3356,0.7070330817646537
3357,0.7777030523949778
3358,0.5065102037427867
3359,0.2617126169974875
3360,0.6369995922373228
3361,0.5508407116765034
3362,0.8142442069302334
3363,0.21930876213163664
3364,0.4611237206852856
3365,0.5294063549163515
3366,0.6162901723403196
3367,0.5330219071767428
3368,0.6368299581465323
3369,0.5111519137677931
3370,0.8029739587795648
3372,0.3550387752263004
3373,0.4665808910395226
3374,0.4122730751779673
3375,0.4383819228524559
3376,0.6130701596471578
3377,0.7465419713874022
3378,0.4472939760341131
3379,0.627920194613442
3380,0.396240630463036
3381,0.5006041554842234
3382,0.6416326542796071
3383,0.7752464801355835
3384,0.5795506015835336
3385,0.5635352639235295
3386,0.6549586065619006
3387,0.45674421670456655
3388,0.6560541175499678
3389,0.4513386702363406
3390,0.7395083886953093
3391,0.44517140587573406
3392,0.4622395347337056
3393,0.40201228903836794
3394,0.8334014770317087
3395,0.4419806212660976
3396,0.6535612219298705
3397,0.7197203733586958
3399,0.6168790668417287
3400,0.37465372971930205
3401,0.68585426519574
3402,0.5029456298962585
3403,0.6000958635007033
3404,0.44850170565453634
3405,0.5181796405867859
3406,0.8582422355276531
3408,0.5251897901314015
